90.3758
88.2006
80.6598
74.6773
68.868
64.1655
57.7045
52.907
46.9036
39.9494
34.7729
30.9347
27.0702
24.1708
23.4168
24.3603
26.2393
29.797
34.9346
40.4343
46.0692
51.4045
57.0588
62.6979
68.238
73.0197
77.203
81.2369
85.6849
88.8775
91.3845
93.5571
98.1944
103.706
106.006
106.106
109.312
112.332
112.6
116.44
123.545
126.998
127.686
131.81
130.625
132.011
129.809
126.74
123.153
46.03
34.0681
28.3625
37.3451
50.8063
59.3207
63.849
66.9913
69.3001
71.1635
72.723
73.9733
75.2219
76.4194
77.3878
78.104
78.805
79.7486
80.8709
82.13
83.3851
84.3284
84.8583
84.8545
84.8461
84.8318
84.5489
84.2726
83.9359
83.938
84.2074
85.0815
86.8489
89.5737
97.0202
92.6558
88.2774
83.4883
78.1782
72.0986
64.8201
56.6066
47.873
39.406
31.8275
25.3467
20.1338
14.1741
18.1894
25.364
30.266
35.3528
39.9846
43.1925
45.2984
46.4863
45.5694
48.5348
28.5986
120.226
117.844
116.448
115.387
114.809
114.743
115.079
116.098
116.215
117.025
117.847
119.088
120.405
121.276
122.486
123.146
124.402
124.943
125.628
125.825
126.506
127.049
126.33
125.594
123.572
122.244
119.764
116.013
111.807
106.761
101.657
