1	2
2	3
3	4
4	4
5	5
6	6
7	6
8	7
9	8
10	9
11	9
12	10
13	11
14	11
15	12
16	13
17	13
18	14
19	14
20	15
21	16
22	16
23	17
24	17
25	18
26	18
27	19
28	20
29	20
30	21
31	21
32	22
33	22
34	23
35	23
36	24
37	25
38	25
39	26
40	26
41	27
42	27
43	28
44	29
45	29
46	30
47	30
48	31
49	31
50	32
51	33
52	33
53	34
54	34
55	35
56	35
57	36
58	36
59	37
60	38
61	38
62	39
63	40
64	41
65	41
66	42
67	43
68	44
69	44
70	45
71	46
72	47
73	48
74	48
75	49
76	50
77	50
78	51
79	52
80	52
81	53
82	54
83	54
84	55
85	55
86	56
87	57
88	57
89	58
90	58
91	59
92	60
93	60
94	61
95	62
96	62
97	63
98	63
99	64
100	65
101	65
102	66
103	66
104	67
105	68
106	68
107	69
108	69
109	70
110	71
111	72
112	72
113	73
114	74
115	75
116	75
117	76
118	77
119	77
120	78
121	79
122	80
123	81
124	82
125	83
126	84
127	84
128	85
129	86
130	87
131	88
132	90
133	91
134	91
135	92
136	93
137	93
138	94
139	95
140	96
141	96
142	97
143	98
144	99
145	99
146	100
147	101
148	101
149	102
150	103
151	103
152	104
153	105
154	105
155	106
156	107
157	107
158	108
159	109
160	109
161	110
162	111
163	111
164	112
165	112
166	113
167	113
168	114
169	115
170	115
171	116
172	116
173	117
174	118
175	118
176	119
177	119
178	120
179	121
180	121
181	122
182	123
183	123
184	124
185	125
186	125
187	126
188	126
189	127
190	128
191	128
192	129
193	129
194	130
195	130
196	131
197	131
198	132
199	133
200	135
201	136
202	137
203	138
204	139
205	139
206	140
207	141
208	142
209	143
210	143
211	145
212	146
213	146
214	147
215	147
216	148
217	149
218	149
219	150
220	150
221	151
222	151
223	152
224	153
225	153
226	154
227	154
228	155
229	155
230	156
231	157
232	158
233	159
234	160
235	161
236	162
237	163
238	164
239	165
240	166
241	166
242	167
243	168
244	168
245	169
246	170
247	171
248	171
249	172
250	173
251	173
252	174
253	175
254	176
255	176
256	177
257	178
258	179
259	179
260	180
261	181
262	182
263	182
264	183
265	184
266	185
267	185
268	186
269	187
270	188
271	188
272	189
273	190
274	191
275	192
276	192
277	193
278	194
279	195
280	195
281	196
282	197
283	198
284	199
285	199
286	200
287	201
288	202
289	202
290	203
291	204
292	205
293	206
294	206
295	207
296	208
297	208
298	209
299	210
300	210
301	211
302	212
303	213
304	213
305	214
306	215
307	215
308	216
309	217
310	217
311	218
312	219
313	219
314	220
315	221
316	221
317	222
318	223
319	223
320	224
321	225
322	226
323	226
324	227
325	228
326	228
327	229
328	230
329	230
330	231
331	232
332	233
333	233
334	234
335	235
336	235
337	236
338	237
339	237
340	238
341	239
342	239
343	240
344	241
345	241
346	242
347	243
348	244
349	244
350	245
351	246
352	246
353	247
354	248
355	248
356	249
357	250
358	250
359	251
360	252
361	253
362	253
363	254
364	255
365	255
366	256
367	257
368	257
369	258
370	259
371	260
372	260
373	261
374	261
375	262
376	262
377	263
378	263
379	264
380	264
381	265
382	265
383	266
384	266
385	267
386	267
387	268
388	268
389	269
390	269
391	270
392	270
393	271
394	271
395	272
396	272
397	273
398	273
399	273
400	274
401	275
402	276
403	276
404	277
405	278
406	279
407	279
408	280
409	281
410	281
411	282
412	283
413	283
414	284
415	285
416	286
417	286
418	287
419	288
420	288
421	289
422	290
423	290
424	291
425	292
426	292
427	293
428	294
429	295
430	295
431	296
432	297
433	297
434	298
435	299
436	299
437	300
438	301
439	302
440	302
441	303
442	304
443	304
444	305
445	306
446	306
447	307
448	308
449	308
450	309
451	310
452	310
453	311
454	312
455	313
456	313
457	314
458	315
459	315
460	316
461	316
462	317
463	317
464	318
465	318
466	319
467	319
468	320
469	320
470	321
471	321
472	322
473	322
474	323
475	323
476	324
477	324
478	325
479	326
480	326
481	327
482	328
483	328
484	329
485	329
486	330
487	330
488	331
489	332
490	332
491	332
492	333
493	333
494	334
495	334
496	335
497	336
498	336
499	337
500	337
501	338
502	339
503	339
504	340
505	340
506	341
507	341
508	342
509	342
510	343
511	343
512	344
513	345
514	345
515	346
516	347
517	347
518	348
519	348
520	349
521	350
522	350
523	351
524	351
525	352
526	353
527	354
528	355
529	355
530	356
531	357
532	358
533	358
534	359
535	360
536	360
537	361
538	361
539	362
540	362
541	363
542	363
543	364
544	364
545	365
546	366
547	366
548	367
549	367
550	368
551	368
552	369
553	370
554	370
555	371
556	371
557	372
558	372
559	373
560	373
561	374
562	374
563	375
564	375
565	376
566	376
567	377
568	377
569	377
570	378
571	378
572	379
573	379
574	380
575	380
576	381
577	381
578	382
579	382
580	383
581	383
582	384
583	384
584	384
585	385
586	385
587	386
588	386
589	387
590	387
591	388
592	388
593	389
594	389
595	390
596	390
597	391
598	391
599	392
600	392
601	393
602	393
603	393
604	394
605	394
606	395
607	395
608	396
609	396
610	397
611	397
612	398
613	398
614	399
615	399
616	400
617	400
618	400
619	401
620	401
621	402
622	402
623	403
624	403
625	404
626	404
627	405
628	405
629	406
630	406
631	407
632	407
633	408
634	408
635	408
636	409
637	409
638	410
639	410
640	411
641	411
642	412
643	412
644	413
645	413
646	413
647	414
648	414
649	415
650	415
651	416
652	416
653	417
654	417
655	418
656	418
657	419
658	419
659	420
660	420
661	420
662	421
663	421
664	422
665	422
666	423
667	423
668	424
669	424
670	425
671	425
672	426
673	426
674	427
675	427
676	428
677	428
678	429
679	430
680	430
681	431
682	431
683	431
684	432
685	432
686	433
687	433
688	434
689	434
690	435
691	435
692	436
693	436
694	437
695	437
696	438
697	438
698	438
699	439
700	439
701	440
702	440
703	441
704	441
705	442
706	442
707	443
708	443
709	444
710	445
711	445
712	445
713	446
714	446
715	447
716	447
717	448
718	448
719	449
720	449
721	450
722	450
723	451
724	451
725	452
726	452
727	453
728	453
729	454
730	454
731	455
732	455
733	456
734	456
735	457
736	457
737	458
738	458
739	459
740	459
741	460
742	460
743	461
744	461
745	462
746	462
747	463
748	463
749	464
750	464
751	465
752	465
753	466
754	466
755	467
756	467
757	467
758	468
759	468
760	469
761	469
762	470
763	470
764	471
765	471
766	472
767	472
768	472
769	473
770	473
771	474
772	474
773	475
774	475
775	476
776	476
777	477
778	477
779	477
780	478
781	478
782	479
783	479
784	480
785	480
786	481
787	481
788	481
789	482
790	482
791	483
792	483
793	484
794	484
795	485
796	485
797	485
798	486
799	486
800	487
801	487
802	488
803	488
804	489
805	489
806	489
807	490
808	490
809	491
810	491
811	492
812	492
813	493
814	493
815	493
816	494
817	494
818	495
819	496
820	496
821	497
822	498
823	499
824	500
825	501
826	502
827	503
828	503
829	504
830	505
831	505
832	506
833	507
834	507
835	508
836	508
837	509
838	509
839	510
840	510
841	511
842	511
843	512
844	512
845	513
846	513
847	514
848	514
849	515
850	515
851	516
852	516
853	517
854	518
855	518
856	519
857	519
858	520
859	521
860	521
861	522
862	522
863	523
864	523
865	524
866	525
867	525
868	526
869	527
870	527
871	528
872	529
873	529
874	530
875	530
876	531
877	531
878	532
879	532
880	533
881	533
882	533
883	534
884	534
885	535
886	535
887	536
888	536
889	537
890	537
891	538
892	538
893	539
894	539
895	540
896	540
897	541
898	541
899	542
900	542
901	542
902	543
903	543
904	544
905	544
906	545
907	545
908	546
909	546
910	547
911	547
912	548
913	548
914	549
915	549
916	550
917	550
918	551
919	551
920	552
921	552
922	553
923	553
924	554
925	554
926	555
927	555
928	556
929	556
930	556
931	557
932	557
933	558
934	558
935	559
936	559
937	560
938	560
939	561
940	561
941	562
942	563
943	563
944	564
945	564
946	565
947	565
948	566
949	566
950	567
951	567
952	568
953	568
954	569
955	569
956	570
957	570
958	571
959	571
960	571
961	572
962	573
963	573
964	574
965	574
966	575
967	575
968	576
969	576
970	577
971	577
972	578
973	578
974	579
975	579
976	580
977	580
978	580
979	581
980	581
981	582
982	582
983	583
984	583
985	584
986	584
987	585
988	585
989	586
990	586
991	587
992	587
993	588
994	588
995	589
996	589
997	590
998	590
999	591
1000	592
1001	593
1002	594
1003	595
1004	595
1005	596
1006	596
1007	597
1008	598
1009	598
1010	599
1011	599
1012	600
1013	601
1014	601
1015	602
1016	603
1017	603
1018	604
1019	604
1020	605
1021	605
1022	606
1023	606
1024	607
1025	608
1026	608
1027	609
1028	609
1029	610
1030	610
1031	611
1032	611
1033	612
1034	612
1035	613
1036	613
1037	614
1038	615
1039	615
1040	616
1041	616
1042	617
1043	617
1044	618
1045	618
1046	619
1047	620
1048	620
1049	621
1050	621
1051	622
1052	622
1053	623
1054	623
1055	624
1056	625
1057	625
1058	626
1059	626
1060	627
1061	627
1062	628
1063	628
1064	629
1065	629
1066	630
1067	631
1068	631
1069	632
1070	632
1071	633
1072	633
1073	634
1074	634
1075	635
1076	636
1077	636
1078	637
1079	637
1080	638
1081	638
1082	639
1083	640
1084	640
1085	641
1086	641
1087	642
1088	642
1089	643
1090	643
1091	644
1092	645
1093	645
1094	646
1095	647
1096	647
1097	648
1098	648
1099	649
1100	650
1101	650
1102	651
1103	652
1104	652
1105	653
1106	653
1107	654
1108	654
1109	655
1110	655
1111	656
1112	656
1113	657
1114	657
1115	658
1116	658
1117	659
1118	659
1119	660
1120	660
1121	661
1122	661
1123	662
1124	662
1125	663
1126	663
1127	664
1128	664
1129	665
1130	665
1131	665
1132	666
1133	667
1134	667
1135	667
1136	668
1137	668
1138	669
1139	669
1140	670
1141	670
1142	671
1143	672
1144	673
1145	673
1146	674
1147	674
1148	675
1149	675
1150	676
1151	676
1152	677
1153	677
1154	678
1155	679
1156	679
1157	680
1158	681
1159	681
1160	682
1161	682
1162	683
1163	683
1164	684
1165	684
1166	685
1167	685
1168	686
1169	686
1170	687
1171	687
1172	688
1173	688
1174	689
1175	689
1176	690
1177	690
1178	690
1179	691
1180	691
1181	692
1182	692
1183	693
1184	693
1185	694
1186	694
1187	695
1188	695
1189	696
1190	696
1191	697
1192	697
1193	698
1194	698
1195	698
1196	699
1197	699
1198	700
1199	700
1200	701
1201	701
1202	702
1203	702
1204	703
1205	703
1206	704
1207	704
1208	705
1209	705
1210	706
1211	706
1212	707
1213	707
1214	708
1215	708
1216	709
1217	709
1218	710
1219	710
1220	711
1221	712
1222	712
1223	713
1224	713
1225	714
1226	714
1227	715
1228	715
1229	716
1230	716
1231	717
1232	717
1233	718
1234	719
1235	719
1236	720
1237	720
1238	721
1239	721
1240	722
1241	722
1242	723
1243	723
1244	724
1245	724
1246	725
1247	725
1248	726
1249	726
1250	727
1251	727
1252	728
1253	728
1254	729
1255	729
1256	730
1257	730
1258	731
1259	731
1260	732
1261	732
1262	733
1263	733
1264	734
1265	734
1266	735
1267	735
1268	736
1269	736
1270	737
1271	737
1272	738
1273	738
1274	739
1275	739
1276	740
1277	740
1278	741
1279	741
1280	742
1281	742
1282	743
1283	743
1284	744
1285	744
1286	745
1287	745
1288	746
1289	746
1290	747
1291	747
1292	748
1293	748
1294	749
1295	749
1296	750
1297	750
1298	750
1299	751
1300	751
1301	752
1302	752
1303	753
1304	753
1305	754
1306	754
1307	754
1308	755
1309	756
1310	756
1311	756
1312	757
1313	757
1314	758
1315	759
1316	760
1317	760
1318	761
1319	761
1320	762
1321	763
1322	763
1323	764
1324	764
1325	765
1326	765
1327	766
1328	766
1329	767
1330	768
1331	768
1332	769
1333	769
1334	770
1335	770
1336	771
1337	771
1338	772
1339	773
1340	773
1341	774
1342	775
1343	775
1344	776
1345	776
1346	777
1347	777
1348	778
1349	778
1350	779
1351	779
1352	780
1353	780
1354	781
1355	781
1356	782
1357	782
1358	783
1359	783
1360	784
1361	784
1362	785
1363	785
1364	786
1365	787
1366	787
1367	788
1368	789
1369	789
1370	790
1371	790
1372	791
1373	792
1374	792
1375	793
1376	793
1377	794
1378	794
1379	795
1380	796
1381	796
1382	797
1383	797
1384	798
1385	798
1386	799
1387	799
1388	800
1389	800
1390	801
1391	801
1392	802
1393	802
1394	802
1395	803
1396	803
1397	804
1398	804
1399	805
1400	805
1401	806
1402	806
1403	807
1404	807
1405	808
1406	808
1407	809
1408	809
1409	810
1410	810
1411	811
1412	811
1413	812
1414	812
1415	813
1416	813
1417	813
1418	814
1419	814
1420	815
1421	815
1422	816
1423	816
1424	817
1425	817
1426	818
1427	818
1428	819
1429	819
1430	820
1431	820
1432	821
1433	821
1434	822
1435	822
1436	822
1437	823
1438	823
1439	824
1440	824
1441	825
1442	825
1443	826
1444	826
1445	827
1446	827
1447	828
1448	828
1449	829
1450	829
1451	830
1452	830
1453	831
1454	831
1455	831
1456	832
1457	832
1458	833
1459	833
1460	834
1461	834
1462	835
1463	835
1464	836
1465	836
1466	837
1467	837
1468	838
1469	838
1470	839
1471	839
1472	840
1473	841
1474	841
1475	842
1476	842
1477	843
1478	843
1479	844
1480	844
1481	845
1482	845
1483	846
1484	846
1485	847
1486	848
1487	848
1488	849
1489	849
1490	850
1491	850
1492	851
1493	852
1494	853
1495	854
1496	854
1497	855
1498	856
1499	857
1500	857
1501	858
1502	859
1503	860
1504	861
1505	862
1506	863
1507	863
1508	864
1509	865
1510	865
1511	866
1512	866
1513	867
1514	867
1515	868
1516	868
1517	869
1518	869
1519	870
1520	870
1521	871
1522	871
1523	872
1524	872
1525	873
1526	873
1527	874
1528	874
1529	875
1530	875
1531	876
1532	876
1533	877
1534	877
1535	878
1536	878
1537	879
1538	879
1539	880
1540	880
1541	881
1542	881
1543	882
1544	882
1545	883
1546	883
1547	884
1548	884
1549	885
1550	885
1551	886
1552	886
1553	887
1554	887
1555	888
1556	888
1557	889
1558	889
1559	890
1560	890
1561	891
1562	891
1563	892
1564	892
1565	893
1566	893
1567	894
1568	894
1569	895
1570	895
1571	896
1572	896
1573	897
1574	897
1575	898
1576	898
1577	898
1578	899
1579	899
1580	900
1581	900
1582	901
1583	901
1584	902
1585	902
1586	903
1587	903
1588	904
1589	904
1590	905
1591	905
1592	906
1593	906
1594	907
1595	907
1596	908
1597	908
1598	909
1599	909
1600	910
1601	910
1602	911
1603	911
1604	912
1605	912
1606	913
1607	913
1608	914
1609	914
1610	915
1611	915
1612	916
1613	916
1614	917
1615	917
1616	918
1617	918
1618	919
1619	919
1620	920
1621	920
1622	921
1623	921
1624	921
1625	922
1626	922
1627	923
1628	923
1629	924
1630	924
1631	925
1632	925
1633	926
1634	926
1635	927
1636	927
1637	928
1638	928
1639	929
1640	929
1641	930
1642	930
1643	931
1644	931
1645	932
1646	932
1647	933
1648	933
1649	934
1650	934
1651	935
1652	935
1653	936
1654	936
1655	937
1656	937
1657	938
1658	938
1659	939
1660	939
1661	940
1662	940
1663	941
1664	941
1665	942
1666	942
1667	943
1668	943
1669	944
1670	944
1671	945
1672	945
1673	946
1674	946
1675	947
1676	947
1677	948
1678	948
1679	949
1680	949
1681	950
1682	950
1683	951
1684	951
1685	952
1686	952
1687	953
1688	953
1689	954
1690	954
1691	955
1692	955
1693	956
1694	956
1695	957
1696	957
1697	958
1698	958
1699	959
1700	959
1701	960
1702	960
1703	961
1704	961
1705	962
1706	962
1707	963
1708	963
1709	964
1710	964
1711	965
1712	965
1713	966
1714	966
1715	967
1716	967
1717	968
1718	968
1719	969
1720	969
1721	970
1722	970
1723	971
1724	972
1725	972
1726	973
1727	973
1728	974
1729	974
1730	975
1731	975
1732	976
1733	976
1734	977
1735	977
1736	978
1737	979
1738	979
1739	980
1740	980
1741	981
1742	981
1743	982
1744	982
1745	983
1746	983
1747	984
1748	985
1749	985
1750	986
1751	986
1752	987
1753	987
1754	988
1755	989
1756	989
1757	990
1758	990
1759	991
1760	991
1761	992
1762	992
1763	993
1764	994
1765	994
1766	995
1767	996
1768	996
1769	997
1770	997
1771	998
1772	998
1773	999
1774	999
1775	1000
1776	1000
1777	1001
1778	1001
1779	1002
1780	1002
1781	1003
1782	1004
1783	1004
1784	1005
1785	1005
1786	1006
1787	1007
1788	1007
1789	1008
1790	1008
1791	1009
1792	1010
1793	1011
1794	1012
1795	1012
1796	1013
1797	1013
1798	1014
1799	1014
1800	1015
1801	1016
1802	1016
1803	1017
1804	1018
1805	1018
1806	1019
1807	1020
1808	1021
1809	1021
1810	1022
1811	1022
1812	1023
1813	1023
1814	1024
1815	1024
1816	1025
1817	1026
1818	1027
1819	1028
1820	1029
1821	1030
1822	1031
1823	1032
1824	1032
1825	1033
1826	1033
1827	1034
1828	1034
1829	1035
1830	1035
1831	1036
1832	1036
1833	1037
1834	1037
1835	1038
1836	1038
1837	1039
1838	1040
1839	1040
1840	1042
1841	1043
1842	1044
1843	1044
1844	1045
1845	1046
1846	1046
1847	1047
1848	1048
1849	1048
1850	1049
1851	1050
1852	1051
1853	1052
1854	1052
1855	1053
1856	1054
1857	1054
1858	1055
1859	1055
1860	1056
1861	1057
1862	1057
1863	1058
1864	1058
1865	1059
1866	1059
1867	1060
1868	1060
1869	1061
1870	1062
1871	1062
1872	1063
1873	1063
1874	1064
1875	1065
1876	1065
1877	1066
1878	1066
1879	1067
1880	1067
1881	1068
1882	1069
1883	1069
1884	1070
1885	1070
1886	1071
1887	1072
1888	1072
1889	1073
1890	1074
1891	1074
1892	1075
1893	1075
1894	1076
1895	1077
1896	1077
1897	1078
1898	1078
1899	1079
1900	1080
1901	1080
1902	1081
1903	1081
1904	1082
1905	1082
1906	1083
1907	1084
1908	1084
1909	1085
1910	1085
1911	1086
1912	1087
1913	1087
1914	1088
1915	1088
1916	1089
1917	1090
1918	1090
1919	1091
1920	1091
1921	1092
1922	1092
1923	1093
1924	1094
1925	1094
1926	1095
1927	1095
1928	1096
1929	1097
1930	1097
1931	1098
1932	1098
1933	1099
1934	1100
1935	1100
1936	1101
1937	1101
1938	1102
1939	1103
1940	1103
1941	1104
1942	1104
1943	1105
1944	1106
1945	1106
1946	1107
1947	1107
1948	1108
1949	1109
1950	1109
1951	1110
1952	1110
1953	1111
1954	1112
1955	1112
1956	1113
1957	1113
1958	1114
1959	1115
1960	1115
1961	1116
1962	1116
1963	1117
1964	1118
1965	1118
1966	1119
1967	1120
1968	1120
1969	1121
1970	1122
1971	1122
1972	1123
1973	1123
1974	1124
1975	1125
1976	1125
1977	1126
1978	1126
1979	1127
1980	1128
1981	1128
1982	1129
1983	1129
1984	1130
1985	1130
1986	1131
1987	1131
1988	1132
1989	1133
1990	1133
1991	1134
1992	1134
1993	1135
1994	1135
1995	1136
1996	1137
1997	1137
1998	1138
1999	1138
2000	1139
2001	1140
2002	1141
2003	1142
2004	1142
2005	1143
2006	1143
2007	1144
2008	1145
2009	1145
2010	1146
2011	1146
2012	1147
2013	1148
2014	1148
2015	1149
2016	1149
2017	1150
2018	1151
2019	1151
2020	1152
2021	1152
2022	1153
2023	1154
2024	1154
2025	1155
2026	1156
2027	1156
2028	1157
2029	1157
2030	1158
2031	1158
2032	1159
2033	1160
2034	1160
2035	1161
2036	1161
2037	1162
2038	1163
2039	1163
2040	1164
2041	1165
2042	1165
2043	1166
2044	1166
2045	1167
2046	1168
2047	1168
2048	1169
2049	1169
2050	1170
2051	1171
2052	1171
2053	1172
2054	1172
2055	1173
2056	1174
2057	1174
2058	1175
2059	1175
2060	1176
2061	1176
2062	1177
2063	1178
2064	1178
2065	1179
2066	1179
2067	1180
2068	1180
2069	1181
2070	1182
2071	1182
2072	1183
2073	1183
2074	1184
2075	1185
2076	1185
2077	1186
2078	1186
2079	1187
2080	1188
2081	1188
2082	1189
2083	1189
2084	1190
2085	1191
2086	1191
2087	1192
2088	1193
2089	1193
2090	1194
2091	1194
2092	1195
2093	1195
2094	1196
2095	1197
2096	1197
2097	1198
2098	1198
2099	1199
2100	1200
2101	1200
2102	1201
2103	1202
2104	1202
2105	1203
2106	1203
2107	1204
2108	1205
2109	1205
2110	1206
2111	1206
2112	1207
2113	1207
2114	1208
2115	1208
2116	1209
2117	1210
2118	1210
2119	1211
2120	1211
2121	1212
2122	1212
2123	1213
2124	1213
2125	1214
2126	1214
2127	1215
2128	1216
2129	1216
2130	1217
2131	1217
2132	1218
2133	1218
2134	1219
2135	1219
2136	1220
2137	1221
2138	1221
2139	1222
2140	1222
2141	1223
2142	1223
2143	1224
2144	1224
2145	1225
2146	1225
2147	1226
2148	1226
2149	1227
2150	1227
2151	1228
2152	1228
2153	1229
2154	1229
2155	1230
2156	1230
2157	1231
2158	1232
2159	1232
2160	1233
2161	1233
2162	1234
2163	1234
2164	1235
2165	1235
2166	1236
2167	1237
2168	1237
2169	1238
2170	1238
2171	1239
2172	1239
2173	1240
2174	1240
2175	1241
2176	1242
2177	1242
2178	1243
2179	1243
2180	1244
2181	1244
2182	1245
2183	1245
2184	1246
2185	1246
2186	1247
2187	1247
2188	1248
2189	1249
2190	1249
2191	1250
2192	1250
2193	1251
2194	1251
2195	1252
2196	1252
2197	1253
2198	1253
2199	1254
2200	1255
2201	1255
2202	1256
2203	1256
2204	1257
2205	1257
2206	1258
2207	1258
2208	1259
2209	1259
2210	1260
2211	1261
2212	1261
2213	1262
2214	1262
2215	1263
2216	1263
2217	1264
2218	1265
2219	1265
2220	1266
2221	1266
2222	1267
2223	1267
2224	1268
2225	1268
2226	1269
2227	1269
2228	1270
2229	1270
2230	1271
2231	1271
2232	1272
2233	1272
2234	1273
2235	1273
2236	1274
2237	1275
2238	1275
2239	1276
2240	1276
2241	1277
2242	1277
2243	1278
2244	1278
2245	1279
2246	1279
2247	1280
2248	1280
2249	1281
2250	1281
2251	1282
2252	1282
2253	1283
2254	1283
2255	1284
2256	1284
2257	1285
2258	1285
2259	1286
2260	1286
2261	1287
2262	1287
2263	1288
2264	1288
2265	1289
2266	1289
2267	1290
2268	1290
2269	1291
2270	1291
2271	1292
2272	1292
2273	1293
2274	1293
2275	1294
2276	1294
2277	1295
2278	1295
2279	1296
2280	1296
2281	1297
2282	1297
2283	1298
2284	1298
2285	1299
2286	1299
2287	1300
2288	1300
2289	1301
2290	1301
2291	1302
2292	1302
2293	1303
2294	1303
2295	1304
2296	1305
2297	1305
2298	1306
2299	1306
2300	1307
2301	1307
2302	1308
2303	1308
2304	1309
2305	1309
2306	1310
2307	1310
2308	1311
2309	1311
2310	1312
2311	1312
2312	1313
2313	1313
2314	1314
2315	1314
2316	1315
2317	1315
2318	1316
2319	1316
2320	1317
2321	1317
2322	1318
2323	1318
2324	1319
2325	1319
2326	1320
2327	1320
2328	1321
2329	1321
2330	1322
2331	1322
2332	1323
2333	1323
2334	1324
2335	1324
2336	1325
2337	1325
2338	1326
2339	1326
2340	1327
2341	1327
2342	1328
2343	1328
2344	1329
2345	1329
2346	1329
2347	1330
2348	1330
2349	1331
2350	1332
2351	1332
2352	1333
2353	1333
2354	1333
2355	1334
2356	1334
2357	1335
2358	1335
2359	1336
2360	1336
2361	1337
2362	1337
2363	1338
2364	1339
2365	1339
2366	1340
2367	1340
2368	1340
2369	1341
2370	1341
2371	1342
2372	1343
2373	1343
2374	1344
2375	1344
2376	1345
2377	1345
2378	1346
2379	1346
2380	1347
2381	1347
2382	1348
2383	1348
2384	1349
2385	1349
2386	1350
2387	1350
2388	1350
2389	1351
2390	1351
2391	1352
2392	1352
2393	1353
2394	1353
2395	1354
2396	1354
2397	1355
2398	1355
2399	1356
2400	1356
2401	1357
2402	1358
2403	1358
2404	1358
2405	1359
2406	1359
2407	1360
2408	1361
2409	1361
2410	1362
2411	1362
2412	1363
2413	1363
2414	1364
2415	1364
2416	1365
2417	1365
2418	1366
2419	1366
2420	1367
2421	1367
2422	1368
2423	1368
2424	1369
2425	1369
2426	1370
2427	1371
2428	1371
2429	1372
2430	1372
2431	1373
2432	1373
2433	1374
2434	1374
2435	1375
2436	1375
2437	1376
2438	1376
2439	1377
2440	1377
2441	1378
2442	1378
2443	1379
2444	1379
2445	1380
2446	1380
2447	1381
2448	1381
2449	1382
2450	1382
2451	1383
2452	1383
2453	1384
2454	1384
2455	1385
2456	1385
2457	1386
2458	1387
2459	1387
2460	1388
2461	1389
2462	1389
2463	1390
2464	1391
2465	1391
2466	1392
2467	1392
2468	1393
2469	1394
2470	1394
2471	1395
2472	1397
2473	1398
2474	1399
2475	1400
2476	1401
2477	1402
2478	1403
2479	1404
2480	1405
2481	1406
2482	1407
2483	1408
2484	1409
2485	1411
2486	1411
2487	1412
2488	1413
2489	1414
2490	1414
2491	1415
2492	1416
2493	1417
2494	1417
2495	1418
2496	1419
2497	1419
2498	1420
2499	1421
2500	1422
2501	1422
2502	1423
2503	1424
2504	1425
2505	1425
2506	1426
2507	1427
2508	1428
2509	1428
2510	1430
2511	1431
2512	1432
2513	1433
2514	1433
2515	1434
2516	1435
2517	1436
2518	1437
2519	1437
2520	1438
2521	1439
2522	1439
2523	1440
2524	1441
2525	1442
2526	1443
2527	1444
2528	1445
2529	1446
2530	1447
2531	1448
2532	1449
2533	1449
2534	1450
2535	1450
2536	1451
2537	1451
2538	1452
2539	1453
2540	1453
2541	1454
2542	1454
2543	1455
2544	1455
2545	1456
2546	1456
2547	1457
2548	1457
2549	1458
2550	1458
2551	1458
2552	1459
2553	1459
2554	1460
2555	1460
2556	1461
2557	1461
2558	1462
2559	1462
2560	1463
2561	1463
2562	1464
2563	1464
2564	1465
2565	1465
2566	1466
2567	1466
2568	1467
2569	1467
2570	1467
2571	1468
2572	1468
2573	1469
2574	1469
2575	1470
2576	1470
2577	1471
2578	1471
2579	1472
2580	1472
2581	1473
2582	1473
2583	1474
2584	1474
2585	1475
2586	1475
2587	1476
2588	1476
2589	1477
2590	1477
2591	1478
2592	1478
2593	1478
2594	1479
2595	1479
2596	1480
2597	1480
2598	1481
2599	1481
2600	1482
2601	1482
2602	1483
2603	1483
2604	1484
2605	1484
2606	1485
2607	1485
2608	1486
2609	1486
2610	1486
2611	1487
2612	1487
2613	1488
2614	1488
2615	1489
2616	1489
2617	1490
2618	1490
2619	1491
2620	1491
2621	1492
2622	1492
2623	1493
2624	1493
2625	1494
2626	1494
2627	1495
2628	1495
2629	1496
2630	1496
2631	1497
2632	1497
2633	1498
2634	1498
2635	1499
2636	1499
2637	1500
2638	1500
2639	1501
2640	1501
2641	1502
2642	1502
2643	1503
2644	1503
2645	1504
2646	1504
2647	1505
2648	1505
2649	1506
2650	1506
2651	1507
2652	1507
2653	1507
2654	1508
2655	1508
2656	1509
2657	1509
2658	1510
2659	1510
2660	1511
2661	1511
2662	1512
2663	1512
2664	1513
2665	1513
2666	1514
2667	1514
2668	1515
2669	1515
2670	1516
2671	1516
2672	1517
2673	1517
2674	1518
2675	1519
2676	1519
2677	1520
2678	1522
2679	1523
2680	1524
2681	1525
2682	1526
2683	1527
2684	1528
2685	1529
2686	1531
2687	1532
2688	1533
2689	1534
2690	1535
2691	1535
2692	1536
2693	1537
2694	1538
2695	1539
2696	1540
2697	1540
2698	1541
2699	1542
2700	1542
2701	1543
2702	1543
2703	1544
2704	1544
2705	1545
2706	1545
2707	1546
2708	1546
2709	1547
2710	1547
2711	1548
2712	1548
2713	1549
2714	1550
2715	1550
2716	1551
2717	1551
2718	1552
2719	1552
2720	1553
2721	1554
2722	1554
2723	1555
2724	1555
2725	1556
2726	1556
2727	1557
2728	1558
2729	1558
2730	1559
2731	1559
2732	1560
2733	1560
2734	1561
2735	1561
2736	1562
2737	1562
2738	1563
2739	1563
2740	1564
2741	1564
2742	1564
2743	1565
2744	1565
2745	1566
2746	1566
2747	1567
2748	1567
2749	1568
2750	1568
2751	1569
2752	1569
2753	1570
2754	1570
2755	1570
2756	1571
2757	1571
2758	1572
2759	1572
2760	1573
2761	1573
2762	1574
2763	1574
2764	1575
2765	1575
2766	1576
2767	1576
2768	1577
2769	1577
2770	1578
2771	1578
2772	1579
2773	1580
2774	1580
2775	1581
2776	1581
2777	1582
2778	1582
2779	1583
2780	1583
2781	1584
2782	1584
2783	1585
2784	1585
2785	1586
2786	1586
2787	1587
2788	1587
2789	1588
2790	1588
2791	1589
2792	1589
2793	1589
2794	1590
2795	1590
2796	1591
2797	1591
2798	1592
2799	1592
2800	1593
2801	1593
2802	1594
2803	1594
2804	1595
2805	1595
2806	1596
2807	1596
2808	1597
2809	1597
2810	1598
2811	1598
2812	1598
2813	1599
2814	1599
2815	1600
2816	1600
2817	1601
2818	1601
2819	1602
2820	1602
2821	1603
2822	1603
2823	1604
2824	1605
2825	1605
2826	1606
2827	1606
2828	1607
2829	1607
2830	1608
2831	1609
2832	1609
2833	1610
2834	1610
2835	1611
2836	1611
2837	1612
2838	1613
2839	1614
2840	1614
2841	1615
2842	1616
2843	1616
2844	1617
2845	1617
2846	1617
2847	1618
2848	1619
2849	1619
2850	1620
2851	1620
2852	1620
2853	1621
2854	1622
2855	1622
2856	1623
2857	1623
2858	1624
2859	1624
2860	1625
2861	1625
2862	1625
2863	1626
2864	1626
2865	1627
2866	1627
2867	1628
2868	1628
2869	1629
2870	1629
2871	1630
2872	1630
2873	1631
2874	1631
2875	1632
2876	1632
2877	1633
2878	1633
2879	1634
2880	1634
2881	1635
2882	1635
2883	1636
2884	1636
2885	1636
2886	1637
2887	1637
2888	1638
2889	1638
2890	1639
2891	1639
2892	1640
2893	1640
2894	1641
2895	1641
2896	1642
2897	1642
2898	1643
2899	1643
2900	1644
2901	1644
2902	1645
2903	1645
2904	1646
2905	1646
2906	1647
2907	1647
2908	1648
2909	1648
2910	1649
2911	1649
2912	1650
2913	1650
2914	1651
2915	1651
2916	1651
2917	1652
2918	1652
2919	1653
2920	1653
2921	1654
2922	1654
2923	1655
2924	1655
2925	1656
2926	1656
2927	1657
2928	1657
2929	1658
2930	1658
2931	1658
2932	1659
2933	1660
2934	1660
2935	1660
2936	1661
2937	1662
2938	1662
2939	1662
2940	1663
2941	1663
2942	1664
2943	1664
2944	1665
2945	1665
2946	1666
2947	1666
2948	1667
2949	1668
2950	1668
2951	1669
2952	1669
2953	1670
2954	1670
2955	1671
2956	1671
2957	1672
2958	1672
2959	1673
2960	1673
2961	1673
2962	1674
2963	1674
2964	1675
2965	1675
2966	1676
2967	1676
2968	1677
2969	1677
2970	1678
2971	1678
2972	1679
2973	1679
2974	1680
2975	1680
2976	1681
2977	1681
2978	1681
2979	1682
2980	1682
2981	1683
2982	1683
2983	1684
2984	1684
2985	1685
2986	1685
2987	1686
2988	1686
2989	1687
2990	1687
2991	1687
2992	1688
2993	1688
2994	1689
2995	1689
2996	1690
2997	1690
2998	1691
2999	1691
3000	1692
3001	1693
3002	1694
3003	1694
3004	1695
3005	1695
3006	1695
3007	1696
3008	1696
3009	1697
3010	1697
3011	1698
3012	1698
3013	1699
3014	1699
3015	1700
3016	1700
3017	1700
3018	1701
3019	1701
3020	1702
3021	1702
3022	1703
3023	1703
3024	1704
3025	1704
3026	1705
3027	1705
3028	1706
3029	1706
3030	1707
3031	1707
3032	1707
3033	1708
3034	1708
3035	1709
3036	1709
3037	1710
3038	1710
3039	1711
3040	1711
3041	1712
3042	1712
3043	1712
3044	1713
3045	1713
3046	1714
3047	1714
3048	1715
3049	1715
3050	1716
3051	1716
3052	1716
3053	1717
3054	1717
3055	1718
3056	1718
3057	1719
3058	1719
3059	1720
3060	1720
3061	1721
3062	1721
3063	1722
3064	1722
3065	1723
3066	1723
3067	1724
3068	1724
3069	1725
3070	1725
3071	1726
3072	1726
3073	1726
3074	1727
3075	1727
3076	1728
3077	1728
3078	1729
3079	1729
3080	1730
3081	1730
3082	1731
3083	1731
3084	1731
3085	1732
3086	1732
3087	1733
3088	1733
3089	1734
3090	1734
3091	1735
3092	1735
3093	1736
3094	1736
3095	1737
3096	1737
3097	1738
3098	1738
3099	1739
3100	1739
3101	1740
3102	1740
3103	1740
3104	1741
3105	1741
3106	1742
3107	1742
3108	1743
3109	1743
3110	1744
3111	1744
3112	1745
3113	1745
3114	1746
3115	1746
3116	1747
3117	1747
3118	1748
3119	1748
3120	1749
3121	1749
3122	1749
3123	1750
3124	1750
3125	1751
3126	1751
3127	1752
3128	1752
3129	1753
3130	1753
3131	1754
3132	1754
3133	1754
3134	1755
3135	1755
3136	1756
3137	1756
3138	1757
3139	1757
3140	1758
3141	1758
3142	1759
3143	1759
3144	1760
3145	1760
3146	1761
3147	1761
3148	1762
3149	1762
3150	1763
3151	1763
3152	1764
3153	1764
3154	1765
3155	1765
3156	1765
3157	1766
3158	1766
3159	1767
3160	1767
3161	1768
3162	1768
3163	1769
3164	1769
3165	1770
3166	1770
3167	1771
3168	1771
3169	1772
3170	1772
3171	1773
3172	1773
3173	1773
3174	1774
3175	1774
3176	1775
3177	1775
3178	1776
3179	1776
3180	1777
3181	1777
3182	1778
3183	1778
3184	1779
3185	1779
3186	1779
3187	1780
3188	1780
3189	1781
3190	1781
3191	1782
3192	1782
3193	1783
3194	1783
3195	1784
3196	1784
3197	1785
3198	1785
3199	1786
3200	1786
3201	1787
3202	1787
3203	1788
3204	1788
3205	1789
3206	1789
3207	1789
3208	1790
3209	1790
3210	1791
3211	1791
3212	1792
3213	1792
3214	1793
3215	1793
3216	1794
3217	1794
3218	1795
3219	1795
3220	1796
3221	1796
3222	1797
3223	1797
3224	1798
3225	1798
3226	1798
3227	1799
3228	1799
3229	1800
3230	1800
3231	1801
3232	1801
3233	1802
3234	1802
3235	1803
3236	1803
3237	1804
3238	1804
3239	1805
3240	1805
3241	1805
3242	1806
3243	1806
3244	1807
3245	1807
3246	1808
3247	1808
3248	1809
3249	1809
3250	1810
3251	1810
3252	1811
3253	1811
3254	1812
3255	1812
3256	1813
3257	1813
3258	1813
3259	1814
3260	1814
3261	1815
3262	1815
3263	1816
3264	1816
3265	1817
3266	1817
3267	1818
3268	1818
3269	1818
3270	1819
3271	1819
3272	1820
3273	1820
3274	1821
3275	1821
3276	1822
3277	1822
3278	1822
3279	1823
3280	1823
3281	1824
3282	1824
3283	1825
3284	1825
3285	1826
3286	1826
3287	1827
3288	1827
3289	1828
3290	1828
3291	1829
3292	1829
3293	1829
3294	1830
3295	1830
3296	1831
3297	1831
3298	1832
3299	1832
3300	1833
3301	1833
3302	1834
3303	1834
3304	1835
3305	1835
3306	1836
3307	1836
3308	1837
3309	1837
3310	1837
3311	1838
3312	1838
3313	1839
3314	1839
3315	1840
3316	1840
3317	1841
3318	1841
3319	1842
3320	1842
3321	1843
3322	1843
3323	1844
3324	1844
3325	1844
3326	1845
3327	1845
3328	1846
3329	1846
3330	1847
3331	1847
3332	1848
3333	1848
3334	1849
3335	1849
3336	1850
3337	1850
3338	1850
3339	1851
3340	1851
3341	1852
3342	1852
3343	1853
3344	1853
3345	1854
3346	1854
3347	1855
3348	1855
3349	1856
3350	1856
3351	1857
3352	1857
3353	1858
3354	1858
3355	1859
3356	1859
3357	1860
3358	1860
3359	1860
3360	1861
3361	1861
3362	1862
3363	1862
3364	1863
3365	1863
3366	1864
3367	1864
3368	1865
3369	1865
3370	1866
3371	1866
3372	1866
3373	1867
3374	1867
3375	1868
3376	1868
3377	1869
3378	1869
3379	1870
3380	1870
3381	1871
3382	1871
3383	1872
3384	1872
3385	1873
3386	1873
3387	1874
3388	1874
3389	1875
3390	1875
3391	1876
3392	1876
3393	1876
3394	1877
3395	1877
3396	1878
3397	1878
3398	1879
3399	1879
3400	1880
3401	1880
3402	1881
3403	1881
3404	1882
3405	1882
3406	1883
3407	1883
3408	1883
3409	1884
3410	1884
3411	1885
3412	1885
3413	1886
3414	1886
3415	1887
3416	1887
3417	1888
3418	1888
3419	1889
3420	1889
3421	1890
3422	1890
3423	1891
3424	1891
3425	1892
3426	1892
3427	1892
3428	1893
3429	1893
3430	1894
3431	1894
3432	1895
3433	1895
3434	1896
3435	1896
3436	1897
3437	1897
3438	1898
3439	1898
3440	1899
3441	1899
3442	1900
3443	1900
3444	1901
3445	1901
3446	1902
3447	1902
3448	1903
3449	1903
3450	1903
3451	1904
3452	1904
3453	1905
3454	1905
3455	1906
3456	1906
3457	1907
3458	1907
3459	1908
3460	1908
3461	1909
3462	1909
3463	1910
3464	1910
3465	1911
3466	1911
3467	1912
3468	1912
3469	1913
3470	1913
3471	1913
3472	1914
3473	1914
3474	1915
3475	1915
3476	1916
3477	1916
3478	1917
3479	1917
3480	1918
3481	1918
3482	1919
3483	1919
3484	1920
3485	1920
3486	1921
3487	1921
3488	1922
3489	1922
3490	1923
3491	1923
3492	1923
3493	1924
3494	1924
3495	1925
3496	1925
3497	1926
3498	1926
3499	1927
3500	1927
3501	1928
3502	1928
3503	1929
3504	1929
3505	1930
3506	1930
3507	1931
3508	1931
3509	1932
3510	1932
3511	1932
3512	1933
3513	1933
3514	1934
3515	1934
3516	1935
3517	1935
3518	1936
3519	1936
3520	1937
3521	1937
3522	1938
3523	1938
3524	1939
3525	1939
3526	1940
3527	1940
3528	1941
3529	1941
3530	1942
3531	1942
3532	1943
3533	1943
3534	1944
3535	1944
3536	1945
3537	1945
3538	1946
3539	1946
3540	1947
3541	1947
3542	1947
3543	1948
3544	1948
3545	1949
3546	1949
3547	1950
3548	1950
3549	1951
3550	1951
3551	1952
3552	1952
3553	1953
3554	1953
3555	1954
3556	1954
3557	1955
3558	1955
3559	1956
3560	1956
3561	1957
3562	1957
3563	1958
3564	1958
3565	1959
3566	1959
3567	1959
3568	1960
3569	1960
3570	1961
3571	1961
3572	1962
3573	1962
3574	1963
3575	1963
3576	1964
3577	1964
3578	1965
3579	1965
3580	1966
3581	1966
3582	1967
3583	1967
3584	1968
3585	1968
3586	1968
3587	1969
3588	1969
3589	1970
3590	1970
3591	1971
3592	1971
3593	1972
3594	1972
3595	1973
3596	1973
3597	1974
3598	1974
3599	1975
3600	1975
3601	1976
3602	1976
3603	1977
3604	1977
3605	1978
3606	1978
3607	1979
3608	1979
3609	1980
3610	1980
3611	1981
3612	1981
3613	1982
3614	1982
3615	1982
3616	1983
3617	1983
3618	1984
3619	1984
3620	1985
3621	1985
3622	1986
3623	1986
3624	1987
3625	1987
3626	1988
3627	1988
3628	1989
3629	1989
3630	1990
3631	1990
3632	1991
3633	1991
3634	1992
3635	1992
3636	1992
3637	1993
3638	1993
3639	1994
3640	1994
3641	1995
3642	1995
3643	1996
3644	1996
3645	1997
3646	1997
3647	1998
3648	1998
3649	1999
3650	1999
3651	2000
3652	2000
3653	2001
3654	2001
3655	2002
3656	2002
3657	2003
3658	2004
3659	2005
3660	2005
3661	2006
3662	2006
3663	2007
3664	2007
3665	2008
3666	2008
3667	2009
3668	2009
3669	2009
3670	2010
3671	2010
3672	2011
3673	2011
3674	2012
3675	2013
3676	2013
3677	2014
3678	2015
3679	2015
3680	2016
3681	2016
3682	2017
3683	2018
3684	2018
3685	2019
3686	2019
3687	2020
3688	2020
3689	2021
3690	2021
3691	2022
3692	2022
3693	2023
3694	2023
3695	2024
3696	2024
3697	2025
3698	2025
3699	2026
3700	2026
3701	2027
3702	2027
3703	2028
3704	2028
3705	2029
3706	2029
3707	2030
3708	2030
3709	2031
3710	2031
3711	2032
3712	2032
3713	2033
3714	2034
3715	2035
3716	2035
3717	2036
3718	2037
3719	2038
3720	2039
3721	2040
3722	2040
3723	2041
3724	2042
3725	2043
3726	2044
3727	2044
3728	2045
3729	2046
3730	2047
3731	2048
3732	2049
3733	2049
3734	2050
3735	2051
3736	2052
3737	2052
3738	2053
3739	2054
3740	2055
3741	2055
3742	2056
3743	2057
3744	2058
3745	2058
3746	2059
3747	2060
3748	2061
3749	2062
3750	2062
3751	2063
3752	2063
3753	2064
3754	2065
3755	2065
3756	2066
3757	2066
3758	2067
3759	2067
3760	2068
3761	2068
3762	2069
3763	2069
3764	2070
3765	2070
3766	2071
3767	2071
3768	2072
3769	2072
3770	2073
3771	2073
3772	2074
3773	2074
3774	2075
3775	2075
3776	2076
3777	2076
3778	2077
3779	2077
3780	2078
3781	2078
3782	2079
3783	2079
3784	2080
3785	2080
3786	2081
3787	2081
3788	2082
3789	2082
3790	2083
3791	2083
3792	2084
3793	2084
3794	2085
3795	2085
3796	2086
3797	2086
3798	2087
3799	2087
3800	2088
3801	2088
3802	2089
3803	2089
3804	2090
3805	2090
3806	2091
3807	2091
3808	2091
3809	2092
3810	2092
3811	2093
3812	2093
3813	2094
3814	2094
3815	2095
3816	2095
3817	2096
3818	2096
3819	2097
3820	2097
3821	2098
3822	2098
3823	2099
3824	2099
3825	2100
3826	2100
3827	2101
3828	2101
3829	2102
3830	2102
3831	2102
3832	2103
3833	2103
3834	2104
3835	2104
3836	2105
3837	2105
3838	2106
3839	2106
3840	2107
3841	2107
3842	2108
3843	2108
3844	2109
3845	2109
3846	2110
3847	2110
3848	2111
3849	2111
3850	2112
3851	2112
3852	2113
3853	2113
3854	2114
3855	2114
3856	2115
3857	2115
3858	2116
3859	2116
3860	2117
3861	2117
3862	2117
3863	2118
3864	2118
3865	2119
3866	2119
3867	2120
3868	2120
3869	2121
3870	2121
3871	2122
3872	2122
3873	2123
3874	2123
3875	2124
3876	2124
3877	2125
3878	2125
3879	2126
3880	2126
3881	2127
3882	2127
3883	2128
3884	2128
3885	2129
3886	2129
3887	2130
3888	2130
3889	2131
3890	2131
3891	2132
3892	2132
3893	2133
3894	2133
3895	2134
3896	2134
3897	2134
3898	2135
3899	2135
3900	2136
3901	2136
3902	2137
3903	2137
3904	2138
3905	2138
3906	2139
3907	2139
3908	2140
3909	2140
3910	2141
3911	2141
3912	2142
3913	2142
3914	2143
3915	2143
3916	2144
3917	2144
3918	2145
3919	2145
3920	2145
3921	2146
3922	2147
3923	2147
3924	2148
3925	2148
3926	2149
3927	2149
3928	2149
3929	2150
3930	2150
3931	2151
3932	2151
3933	2152
3934	2152
3935	2153
3936	2153
3937	2154
3938	2154
3939	2155
3940	2155
3941	2156
3942	2156
3943	2157
3944	2157
3945	2158
3946	2158
3947	2159
3948	2159
3949	2160
3950	2160
3951	2161
3952	2161
3953	2162
3954	2162
3955	2163
3956	2163
3957	2164
3958	2164
3959	2165
3960	2165
3961	2165
3962	2166
3963	2166
3964	2167
3965	2168
3966	2168
3967	2169
3968	2169
3969	2170
3970	2170
3971	2170
3972	2171
3973	2171
3974	2172
3975	2172
3976	2173
3977	2173
3978	2174
3979	2174
3980	2175
3981	2175
3982	2176
3983	2176
3984	2177
3985	2177
3986	2178
3987	2178
3988	2179
3989	2179
3990	2180
3991	2180
3992	2181
3993	2181
3994	2182
3995	2182
3996	2183
3997	2183
3998	2184
3999	2184
4000	2185
4001	2186
4002	2187
4003	2187
4004	2188
4005	2188
4006	2189
4007	2189
4008	2190
4009	2190
4010	2191
4011	2191
4012	2192
4013	2192
4014	2192
4015	2193
4016	2193
4017	2194
4018	2194
4019	2195
4020	2195
4021	2196
4022	2196
4023	2197
4024	2197
4025	2198
4026	2198
4027	2199
4028	2199
4029	2200
4030	2200
4031	2201
4032	2201
4033	2202
4034	2202
4035	2203
4036	2203
4037	2204
4038	2204
4039	2205
4040	2205
4041	2206
4042	2206
4043	2207
4044	2207
4045	2208
4046	2208
4047	2209
4048	2209
4049	2210
4050	2210
4051	2211
4052	2211
4053	2212
4054	2212
4055	2213
4056	2213
4057	2214
4058	2214
4059	2215
4060	2215
4061	2216
4062	2216
4063	2217
4064	2217
4065	2218
4066	2218
4067	2219
4068	2219
4069	2219
4070	2220
4071	2220
4072	2221
4073	2221
4074	2222
4075	2222
4076	2223
4077	2223
4078	2224
4079	2224
4080	2225
4081	2225
4082	2226
4083	2226
4084	2227
4085	2227
4086	2228
4087	2228
4088	2229
4089	2229
4090	2230
4091	2230
4092	2231
4093	2231
4094	2232
4095	2232
4096	2233
4097	2233
4098	2234
4099	2234
4100	2235
4101	2235
4102	2236
4103	2236
4104	2236
4105	2237
4106	2237
4107	2238
4108	2238
4109	2239
4110	2239
4111	2240
4112	2240
4113	2241
4114	2241
4115	2242
4116	2242
4117	2243
4118	2243
4119	2244
4120	2244
4121	2245
4122	2245
4123	2246
4124	2246
4125	2247
4126	2247
4127	2248
4128	2248
4129	2249
4130	2249
4131	2250
4132	2250
4133	2251
4134	2251
4135	2252
4136	2252
4137	2253
4138	2253
4139	2254
4140	2254
4141	2255
4142	2255
4143	2256
4144	2256
4145	2256
4146	2257
4147	2257
4148	2258
4149	2258
4150	2259
4151	2259
4152	2260
4153	2260
4154	2261
4155	2261
4156	2262
4157	2262
4158	2263
4159	2263
4160	2264
4161	2264
4162	2265
4163	2265
4164	2266
4165	2266
4166	2267
4167	2267
4168	2268
4169	2268
4170	2269
4171	2269
4172	2270
4173	2270
4174	2271
4175	2271
4176	2272
4177	2272
4178	2273
4179	2273
4180	2274
4181	2274
4182	2275
4183	2275
4184	2276
4185	2276
4186	2277
4187	2277
4188	2277
4189	2278
4190	2278
4191	2279
4192	2279
4193	2280
4194	2280
4195	2281
4196	2281
4197	2282
4198	2282
4199	2283
4200	2283
4201	2285
4202	2286
4203	2286
4204	2287
4205	2288
4206	2289
4207	2290
4208	2291
4209	2292
4210	2293
4211	2295
4212	2296
4213	2297
4214	2298
4215	2299
4216	2300
4217	2301
4218	2302
4219	2302
4220	2303
4221	2304
4222	2304
4223	2305
4224	2306
4225	2307
4226	2308
4227	2309
4228	2310
4229	2311
4230	2312
4231	2312
4232	2313
4233	2314
4234	2315
4235	2316
4236	2316
4237	2317
4238	2318
4239	2319
4240	2320
4241	2321
4242	2322
4243	2322
4244	2323
4245	2324
4246	2325
4247	2326
4248	2326
4249	2327
4250	2327
4251	2328
4252	2328
4253	2329
4254	2329
4255	2330
4256	2330
4257	2331
4258	2331
4259	2332
4260	2332
4261	2333
4262	2333
4263	2334
4264	2334
4265	2335
4266	2336
4267	2336
4268	2337
4269	2337
4270	2337
4271	2338
4272	2338
4273	2339
4274	2339
4275	2340
4276	2340
4277	2341
4278	2341
4279	2342
4280	2342
4281	2343
4282	2343
4283	2344
4284	2344
4285	2345
4286	2345
4287	2346
4288	2346
4289	2347
4290	2347
4291	2348
4292	2348
4293	2349
4294	2349
4295	2350
4296	2350
4297	2351
4298	2351
4299	2352
4300	2352
4301	2353
4302	2353
4303	2353
4304	2354
4305	2354
4306	2355
4307	2356
4308	2356
4309	2357
4310	2357
4311	2357
4312	2358
4313	2358
4314	2359
4315	2359
4316	2360
4317	2360
4318	2361
4319	2361
4320	2362
4321	2362
4322	2363
4323	2363
4324	2364
4325	2364
4326	2365
4327	2365
4328	2366
4329	2366
4330	2367
4331	2367
4332	2368
4333	2368
4334	2369
4335	2369
4336	2370
4337	2370
4338	2371
4339	2371
4340	2372
4341	2372
4342	2373
4343	2373
4344	2374
4345	2374
4346	2375
4347	2375
4348	2376
4349	2376
4350	2377
4351	2377
4352	2378
4353	2378
4354	2379
4355	2379
4356	2379
4357	2380
4358	2380
4359	2381
4360	2381
4361	2382
4362	2382
4363	2383
4364	2383
4365	2384
4366	2384
4367	2385
4368	2385
4369	2386
4370	2386
4371	2387
4372	2387
4373	2388
4374	2388
4375	2388
4376	2389
4377	2390
4378	2390
4379	2391
4380	2391
4381	2392
4382	2392
4383	2393
4384	2393
4385	2394
4386	2394
4387	2395
4388	2395
4389	2395
4390	2396
4391	2397
4392	2397
4393	2398
4394	2398
4395	2398
4396	2399
4397	2399
4398	2400
4399	2400
4400	2401
4401	2401
4402	2402
4403	2402
4404	2403
4405	2403
4406	2404
4407	2405
4408	2406
4409	2407
4410	2408
4411	2409
4412	2410
4413	2411
4414	2412
4415	2413
4416	2414
4417	2414
4418	2415
4419	2416
4420	2417
4421	2418
4422	2418
4423	2419
4424	2419
4425	2420
4426	2420
4427	2421
4428	2421
4429	2422
4430	2422
4431	2423
4432	2423
4433	2424
4434	2424
4435	2425
4436	2426
4437	2426
4438	2427
4439	2427
4440	2428
4441	2428
4442	2429
4443	2429
4444	2430
4445	2430
4446	2431
4447	2431
4448	2432
4449	2432
4450	2433
4451	2433
4452	2434
4453	2434
4454	2434
4455	2435
4456	2435
4457	2436
4458	2436
4459	2437
4460	2437
4461	2438
4462	2438
4463	2439
4464	2439
4465	2440
4466	2440
4467	2441
4468	2441
4469	2442
4470	2442
4471	2443
4472	2443
4473	2444
4474	2444
4475	2444
4476	2445
4477	2445
4478	2446
4479	2446
4480	2447
4481	2447
4482	2448
4483	2448
4484	2449
4485	2449
4486	2450
4487	2450
4488	2451
4489	2451
4490	2452
4491	2452
4492	2453
4493	2453
4494	2454
4495	2454
4496	2455
4497	2455
4498	2455
4499	2456
4500	2456
4501	2457
4502	2457
4503	2458
4504	2458
4505	2459
4506	2459
4507	2460
4508	2460
4509	2461
4510	2461
4511	2462
4512	2462
4513	2462
4514	2463
4515	2463
4516	2464
4517	2464
4518	2465
4519	2465
4520	2466
4521	2466
4522	2467
4523	2467
4524	2468
4525	2468
4526	2469
4527	2469
4528	2470
4529	2470
4530	2471
4531	2471
4532	2472
4533	2472
4534	2473
4535	2473
4536	2474
4537	2475
4538	2476
4539	2476
4540	2477
4541	2478
4542	2478
4543	2479
4544	2479
4545	2480
4546	2480
4547	2481
4548	2481
4549	2482
4550	2482
4551	2483
4552	2483
4553	2484
4554	2484
4555	2485
4556	2485
4557	2486
4558	2486
4559	2487
4560	2487
4561	2488
4562	2488
4563	2488
4564	2489
4565	2489
4566	2490
4567	2490
4568	2491
4569	2491
4570	2492
4571	2492
4572	2493
4573	2493
4574	2494
4575	2494
4576	2495
4577	2495
4578	2496
4579	2496
4580	2497
4581	2497
4582	2497
4583	2498
4584	2498
4585	2499
4586	2499
4587	2500
4588	2500
4589	2501
4590	2501
4591	2502
4592	2502
4593	2503
4594	2503
4595	2503
4596	2504
4597	2504
4598	2505
4599	2505
4600	2506
4601	2506
4602	2507
4603	2507
4604	2508
4605	2508
4606	2509
4607	2509
4608	2509
4609	2510
4610	2510
4611	2511
4612	2511
4613	2512
4614	2512
4615	2513
4616	2513
4617	2514
4618	2514
4619	2515
4620	2515
4621	2516
4622	2516
4623	2517
4624	2517
4625	2517
4626	2518
4627	2518
4628	2519
4629	2519
4630	2520
4631	2520
4632	2521
4633	2521
4634	2522
4635	2522
4636	2523
4637	2523
4638	2524
4639	2524
4640	2525
4641	2525
4642	2526
4643	2526
4644	2526
4645	2527
4646	2527
4647	2528
4648	2528
4649	2529
4650	2529
4651	2530
4652	2530
4653	2531
4654	2531
4655	2532
4656	2532
4657	2533
4658	2533
4659	2534
4660	2534
4661	2534
4662	2535
4663	2535
4664	2536
4665	2536
4666	2537
4667	2537
4668	2538
4669	2538
4670	2539
4671	2539
4672	2540
4673	2540
4674	2541
4675	2541
4676	2542
4677	2542
4678	2542
4679	2543
4680	2543
4681	2544
4682	2544
4683	2545
4684	2545
4685	2546
4686	2546
4687	2547
4688	2547
4689	2548
4690	2548
4691	2549
4692	2549
4693	2550
4694	2550
4695	2551
4696	2551
4697	2552
4698	2552
4699	2553
4700	2553
4701	2554
4702	2554
4703	2555
4704	2555
4705	2556
4706	2556
4707	2556
4708	2557
4709	2557
4710	2558
4711	2558
4712	2559
4713	2559
4714	2560
4715	2560
4716	2561
4717	2561
4718	2562
4719	2562
4720	2563
4721	2563
4722	2563
4723	2564
4724	2564
4725	2565
4726	2565
4727	2566
4728	2566
4729	2567
4730	2567
4731	2568
4732	2568
4733	2569
4734	2569
4735	2569
4736	2570
4737	2570
4738	2571
4739	2571
4740	2572
4741	2572
4742	2573
4743	2573
4744	2574
4745	2574
4746	2575
4747	2575
4748	2576
4749	2576
4750	2577
4751	2577
4752	2578
4753	2578
4754	2579
4755	2579
4756	2579
4757	2580
4758	2580
4759	2581
4760	2581
4761	2582
4762	2582
4763	2583
4764	2583
4765	2584
4766	2584
4767	2585
4768	2585
4769	2586
4770	2586
4771	2587
4772	2587
4773	2588
4774	2588
4775	2589
4776	2589
4777	2590
4778	2590
4779	2591
4780	2591
4781	2592
4782	2592
4783	2593
4784	2593
4785	2593
4786	2594
4787	2594
4788	2595
4789	2595
4790	2596
4791	2596
4792	2597
4793	2597
4794	2598
4795	2598
4796	2599
4797	2599
4798	2600
4799	2600
4800	2601
4801	2601
4802	2602
4803	2602
4804	2603
4805	2603
4806	2604
4807	2604
4808	2605
4809	2605
4810	2606
4811	2606
4812	2607
4813	2607
4814	2608
4815	2608
4816	2609
4817	2609
4818	2610
4819	2610
4820	2611
4821	2611
4822	2612
4823	2612
4824	2613
4825	2613
4826	2613
4827	2614
4828	2614
4829	2615
4830	2615
4831	2616
4832	2616
4833	2617
4834	2617
4835	2618
4836	2618
4837	2619
4838	2619
4839	2620
4840	2620
4841	2621
4842	2621
4843	2622
4844	2622
4845	2623
4846	2623
4847	2624
4848	2624
4849	2625
4850	2625
4851	2626
4852	2626
4853	2627
4854	2627
4855	2628
4856	2628
4857	2628
4858	2629
4859	2629
4860	2630
4861	2630
4862	2631
4863	2632
4864	2632
4865	2633
4866	2633
4867	2633
4868	2634
4869	2634
4870	2635
4871	2635
4872	2636
4873	2636
4874	2637
4875	2637
4876	2638
4877	2638
4878	2639
4879	2639
4880	2640
4881	2640
4882	2641
4883	2641
4884	2641
4885	2642
4886	2642
4887	2643
4888	2643
4889	2644
4890	2644
4891	2645
4892	2645
4893	2646
4894	2646
4895	2647
4896	2647
4897	2648
4898	2648
4899	2649
4900	2649
4901	2650
4902	2650
4903	2651
4904	2651
4905	2652
4906	2652
4907	2653
4908	2653
4909	2654
4910	2654
4911	2655
4912	2655
4913	2655
4914	2656
4915	2656
4916	2657
4917	2657
4918	2658
4919	2658
4920	2659
4921	2659
4922	2660
4923	2660
4924	2661
4925	2661
4926	2661
4927	2662
4928	2662
4929	2663
4930	2663
4931	2664
4932	2664
4933	2665
4934	2665
4935	2666
4936	2666
4937	2667
4938	2667
4939	2668
4940	2668
4941	2669
4942	2669
4943	2670
4944	2670
4945	2671
4946	2671
4947	2672
4948	2672
4949	2672
4950	2673
4951	2673
4952	2674
4953	2674
4954	2675
4955	2675
4956	2676
4957	2676
4958	2677
4959	2677
4960	2678
4961	2678
4962	2678
4963	2679
4964	2679
4965	2680
4966	2680
4967	2681
4968	2681
4969	2682
4970	2682
4971	2683
4972	2683
4973	2684
4974	2684
4975	2684
4976	2685
4977	2686
4978	2687
4979	2688
4980	2689
4981	2690
4982	2690
4983	2691
4984	2692
4985	2692
4986	2693
4987	2695
4988	2696
4989	2697
4990	2698
4991	2699
4992	2700
4993	2700
4994	2702
4995	2702
4996	2704
4997	2705
4998	2705
4999	2706
5000	2708
