1	3.4852791e-07
2	7.8066472e-06
3	1.1033679e-05
4	9.5308358e-06
5	8.3361819e-06
6	7.8150124e-06
7	8.2534013e-06
8	8.4459516e-06
9	8.3407304e-06
10	8.2505237e-06
11	8.1897408e-06
12	8.1488253e-06
13	8.1746722e-06
14	8.1597623e-06
15	8.1716079e-06
16	8.1630704e-06
17	8.165161e-06
18	8.1651919e-06
19	8.164889e-06
20	8.1636072e-06
21	8.162334e-06
22	8.1610625e-06
23	8.161425e-06
24	8.1611768e-06
25	8.161163e-06
26	8.1608487e-06
27	8.1605735e-06
28	8.1597871e-06
29	8.1593402e-06
30	8.1591533e-06
31	8.1589332e-06
32	8.1588327e-06
33	8.1586622e-06
34	8.158125e-06
35	8.1577505e-06
36	8.157542e-06
37	8.1572281e-06
38	8.1569095e-06
39	8.1567323e-06
40	8.1567204e-06
41	8.1567967e-06
42	8.1568716e-06
43	8.1569195e-06
44	8.1569377e-06
45	8.1569385e-06
46	8.156942e-06
47	8.156957e-06
48	8.1569774e-06
49	8.1570044e-06
50	8.1570264e-06
51	8.1570351e-06
52	8.1570508e-06
53	8.1570617e-06
54	8.1570833e-06
55	8.1570991e-06
56	8.1571131e-06
57	8.15713e-06
58	8.1571425e-06
59	8.1571545e-06
60	8.1571774e-06
61	8.1572105e-06
62	8.1572589e-06
63	8.1573194e-06
64	8.157391e-06
65	8.1574633e-06
66	8.1575484e-06
67	8.1576299e-06
68	8.1577249e-06
69	8.1578327e-06
70	8.1579317e-06
71	8.1580447e-06
72	8.1581635e-06
73	8.158275e-06
74	8.1583696e-06
75	8.1584773e-06
76	8.1585812e-06
77	8.158681e-06
78	8.1587841e-06
79	8.1588871e-06
80	8.1589836e-06
81	8.1590895e-06
82	8.1592008e-06
83	8.1593089e-06
84	8.1594208e-06
85	8.1595268e-06
86	8.1596405e-06
87	8.1597634e-06
88	8.1598838e-06
89	8.1600019e-06
90	8.1601079e-06
91	8.1602143e-06
92	8.1603032e-06
93	8.1603959e-06
94	8.1604639e-06
95	8.1603947e-06
96	8.1602908e-06
97	8.1602904e-06
98	8.1603886e-06
99	8.1604926e-06
100	8.1605904e-06
101	8.160692e-06
102	8.1607908e-06
103	8.1608815e-06
104	8.1609796e-06
105	8.1610688e-06
106	8.1611563e-06
107	8.161247e-06
108	8.1613434e-06
109	8.1614371e-06
110	8.1615233e-06
111	8.1616027e-06
112	8.1616776e-06
113	8.1617526e-06
114	8.1618305e-06
115	8.1619116e-06
116	8.161993e-06
117	8.1620626e-06
118	8.162135e-06
119	8.1621936e-06
120	8.1622462e-06
121	8.1623054e-06
122	8.1623564e-06
123	8.1624079e-06
124	8.1624633e-06
125	8.1625263e-06
126	8.1625916e-06
127	8.1626568e-06
128	8.1627086e-06
129	8.1627481e-06
130	8.1627946e-06
131	8.1628526e-06
132	8.1629129e-06
133	8.1629844e-06
134	8.1630524e-06
135	8.1631188e-06
136	8.1631876e-06
137	8.1632582e-06
138	8.1633387e-06
139	8.163416e-06
140	8.1634853e-06
141	8.1635502e-06
142	8.1636042e-06
143	8.1636595e-06
144	8.1637161e-06
145	8.1637923e-06
146	8.1636652e-06
147	8.1635966e-06
148	8.1635397e-06
149	8.1634986e-06
150	8.1634895e-06
151	8.1634936e-06
152	8.1635132e-06
153	8.1635106e-06
154	8.1635048e-06
155	8.1635033e-06
156	8.1635168e-06
157	8.1635122e-06
158	8.1635039e-06
159	8.1635091e-06
160	8.163502e-06
161	8.163496e-06
162	8.1635038e-06
163	8.1634955e-06
164	8.1634892e-06
165	8.1635013e-06
166	8.1634956e-06
167	8.163486e-06
168	8.1634947e-06
169	8.1634913e-06
170	8.1635023e-06
171	8.1634986e-06
172	8.1634915e-06
173	8.1635069e-06
174	8.163504e-06
175	8.1634969e-06
176	8.1635038e-06
177	8.1634921e-06
178	8.1635097e-06
179	8.1635097e-06
180	8.1635031e-06
181	8.1635111e-06
182	8.1635021e-06
183	8.163509e-06
184	8.1634983e-06
185	8.1634824e-06
186	8.1634819e-06
187	8.1634691e-06
188	8.1634569e-06
189	8.1634576e-06
190	8.163439e-06
191	8.1634435e-06
192	8.1634327e-06
193	8.1634154e-06
194	8.1634061e-06
195	8.1633804e-06
196	8.1633557e-06
197	8.1633441e-06
198	8.16332e-06
199	8.1633034e-06
200	8.1632744e-06
201	8.1632481e-06
202	8.1632325e-06
203	8.1632042e-06
204	8.1631715e-06
205	8.1631459e-06
206	8.1631274e-06
207	8.1631053e-06
208	8.1630868e-06
209	8.1630584e-06
210	8.163027e-06
211	8.1629953e-06
212	8.1629583e-06
213	8.1629219e-06
214	8.1628881e-06
215	8.1628459e-06
216	8.1628044e-06
217	8.1627676e-06
218	8.1627271e-06
219	8.1626998e-06
220	8.1626721e-06
221	8.1626396e-06
222	8.1626048e-06
223	8.1625716e-06
224	8.1625412e-06
225	8.1625091e-06
226	8.1624776e-06
227	8.162446e-06
228	8.1624162e-06
229	8.1623876e-06
230	8.1623599e-06
231	8.162345e-06
232	8.1623248e-06
233	8.1623064e-06
234	8.1622855e-06
235	8.162265e-06
236	8.1622467e-06
237	8.1622276e-06
238	8.16221e-06
239	8.1621949e-06
240	8.1621819e-06
241	8.1621692e-06
242	8.1621559e-06
243	8.1621519e-06
244	8.1621439e-06
245	8.162135e-06
246	8.162127e-06
247	8.1621211e-06
248	8.1621171e-06
249	8.1621127e-06
250	8.1621061e-06
251	8.1621013e-06
252	8.162098e-06
253	8.1620968e-06
254	8.1620983e-06
255	8.1621106e-06
256	8.1621183e-06
257	8.162122e-06
258	8.162122e-06
259	8.1621211e-06
260	8.1621233e-06
261	8.1621294e-06
262	8.1621407e-06
263	8.162155e-06
264	8.1621735e-06
265	8.1621968e-06
266	8.1622319e-06
267	8.1622645e-06
268	8.1622931e-06
269	8.1623197e-06
270	8.1623438e-06
271	8.1623666e-06
272	8.1623895e-06
273	8.1624133e-06
274	8.1624375e-06
275	8.1624614e-06
276	8.1624937e-06
277	8.1625254e-06
278	8.1625598e-06
279	8.1626011e-06
280	8.1626497e-06
281	8.1626996e-06
282	8.162747e-06
283	8.1627935e-06
284	8.162839e-06
285	8.162888e-06
286	8.1629376e-06
287	8.1629842e-06
288	8.1630291e-06
289	8.1630759e-06
290	8.1631231e-06
291	8.1631713e-06
292	8.1632209e-06
293	8.1632769e-06
294	8.1633302e-06
295	8.1633836e-06
296	8.1632979e-06
297	8.1633579e-06
298	8.163424e-06
299	8.1634949e-06
300	8.1635762e-06
301	8.1636628e-06
302	8.1637573e-06
303	8.163857e-06
304	8.1639588e-06
305	8.1640588e-06
306	8.164155e-06
307	8.1642575e-06
308	8.1643546e-06
309	8.1644417e-06
310	8.1643558e-06
311	8.1644089e-06
312	8.1644536e-06
313	8.1644012e-06
314	8.164306e-06
315	8.1642392e-06
316	8.1643167e-06
317	8.1642312e-06
318	8.1641371e-06
319	8.1642291e-06
320	8.1643286e-06
321	8.1642408e-06
322	8.1643165e-06
323	8.1643741e-06
324	8.1644256e-06
325	8.1644744e-06
326	8.1645462e-06
327	8.1645154e-06
328	8.1645691e-06
329	8.1646127e-06
330	8.164656e-06
331	8.1647241e-06
332	8.1646455e-06
333	8.1646984e-06
334	8.1647418e-06
335	8.1647853e-06
336	8.1648544e-06
337	8.1647951e-06
338	8.1648595e-06
339	8.164915e-06
340	8.1649669e-06
341	8.1650398e-06
342	8.1651177e-06
343	8.1651976e-06
344	8.1652756e-06
345	8.1653485e-06
346	8.1654427e-06
347	8.1655355e-06
348	8.1654265e-06
349	8.165483e-06
350	8.1655295e-06
351	8.1655984e-06
352	8.1657175e-06
353	8.1657879e-06
354	8.1658605e-06
355	8.1659346e-06
356	8.1660334e-06
357	8.1661937e-06
358	8.1662763e-06
359	8.16636e-06
360	8.1664416e-06
361	8.1666085e-06
362	8.1667534e-06
363	8.1668402e-06
364	8.1667562e-06
365	8.1668721e-06
366	8.1670021e-06
367	8.1671251e-06
368	8.167256e-06
369	8.1673924e-06
370	8.1674762e-06
371	8.1677017e-06
372	8.1679317e-06
373	8.1680558e-06
374	8.1679102e-06
375	8.1680239e-06
376	8.168132e-06
377	8.1683215e-06
378	8.168521e-06
379	8.1686503e-06
380	8.1685131e-06
381	8.1683844e-06
382	8.1686594e-06
383	8.1688895e-06
384	8.1691211e-06
385	8.1692563e-06
386	8.1691099e-06
387	8.1692413e-06
388	8.1694382e-06
389	8.1695909e-06
390	8.1697621e-06
391	8.1698633e-06
392	8.169991e-06
393	8.1701283e-06
394	8.1702665e-06
395	8.1705319e-06
396	8.1706975e-06
397	8.1709015e-06
398	8.1711113e-06
399	8.1712226e-06
400	8.1713716e-06
401	8.1715311e-06
402	8.1717067e-06
403	8.1718975e-06
404	8.1720982e-06
405	8.1723058e-06
406	8.1724763e-06
407	8.1726575e-06
408	8.1728767e-06
409	8.1731261e-06
410	8.1733908e-06
411	8.173664e-06
412	8.1739457e-06
413	8.1742322e-06
414	8.1745231e-06
415	8.1748236e-06
416	8.1745577e-06
417	8.1748968e-06
418	8.1746856e-06
419	8.1750521e-06
420	8.1753728e-06
421	8.1751693e-06
422	8.17556e-06
423	8.1753465e-06
424	8.1757551e-06
425	8.1755078e-06
426	8.1759266e-06
427	8.1762163e-06
428	8.1765053e-06
429	8.1768347e-06
430	8.1771918e-06
431	8.1775581e-06
432	8.1779259e-06
433	8.1783017e-06
434	8.1786972e-06
435	8.1791234e-06
436	8.1795835e-06
437	8.1800063e-06
438	8.1803413e-06
439	8.1806496e-06
440	8.1808605e-06
441	8.1812813e-06
442	8.1815075e-06
443	8.181812e-06
444	8.1814563e-06
445	8.1818634e-06
446	8.1814204e-06
447	8.1818412e-06
448	8.1814874e-06
449	8.181909e-06
450	8.1823476e-06
451	8.1818438e-06
452	8.1824028e-06
453	8.1819313e-06
454	8.1824809e-06
455	8.1820167e-06
456	8.1825791e-06
457	8.1831359e-06
458	8.1836315e-06
459	8.183936e-06
460	8.1835848e-06
461	8.1840421e-06
462	8.1836144e-06
463	8.184065e-06
464	8.1844755e-06
465	8.1848585e-06
466	8.1852395e-06
467	8.1854355e-06
468	8.1851264e-06
469	8.1853707e-06
470	8.1856616e-06
471	8.185937e-06
472	8.1862901e-06
473	8.1865331e-06
474	8.1862362e-06
475	8.1865764e-06
476	8.186768e-06
477	8.18694e-06
478	8.1871282e-06
479	8.1872555e-06
480	8.1870441e-06
481	8.1871904e-06
482	8.187375e-06
483	8.1875851e-06
484	8.1877289e-06
485	8.1875638e-06
486	8.1878458e-06
487	8.1879736e-06
488	8.1881342e-06
489	8.1882528e-06
490	8.1881062e-06
491	8.1883219e-06
492	8.1885765e-06
493	8.1887675e-06
494	8.1889436e-06
495	8.1888217e-06
496	8.1889968e-06
497	8.1892669e-06
498	8.189539e-06
499	8.1897012e-06
500	8.1895065e-06
501	8.1898148e-06
502	8.1900197e-06
503	8.1902248e-06
504	8.1899362e-06
505	8.1902167e-06
506	8.1904975e-06
507	8.190645e-06
508	8.1904194e-06
509	8.1906831e-06
510	8.1908935e-06
511	8.1912367e-06
512	8.1914419e-06
513	8.191152e-06
514	8.1914894e-06
515	8.1917134e-06
516	8.1919157e-06
517	8.1916467e-06
518	8.1919779e-06
519	8.1921875e-06
520	8.1924961e-06
521	8.1928033e-06
522	8.1929819e-06
523	8.193155e-06
524	8.1934939e-06
525	8.1936714e-06
526	8.1934559e-06
527	8.1937532e-06
528	8.1939743e-06
529	8.194256e-06
530	8.1945298e-06
531	8.1946805e-06
532	8.1949262e-06
533	8.1951575e-06
534	8.1952984e-06
535	8.1950963e-06
536	8.1954006e-06
537	8.1956668e-06
538	8.1958936e-06
539	8.1960303e-06
540	8.1958449e-06
541	8.1960933e-06
542	8.1962673e-06
543	8.1963944e-06
544	8.1965511e-06
545	8.1967176e-06
546	8.1968213e-06
547	8.1969656e-06
548	8.1970746e-06
549	8.1973025e-06
550	8.1975195e-06
551	8.1977233e-06
552	8.1978604e-06
553	8.1976686e-06
554	8.19787e-06
555	8.1980264e-06
556	8.1981478e-06
557	8.1982927e-06
558	8.1984122e-06
559	8.1985179e-06
560	8.1986395e-06
561	8.1987235e-06
562	8.1988675e-06
563	8.1989992e-06
564	8.1991756e-06
565	8.1993035e-06
566	8.1995085e-06
567	8.1997503e-06
568	8.1999993e-06
569	8.2001523e-06
570	8.2002992e-06
571	8.2004551e-06
572	8.200672e-06
573	8.2009066e-06
574	8.2010598e-06
575	8.2013193e-06
576	8.2015658e-06
577	8.2017217e-06
578	8.2018894e-06
579	8.2021018e-06
580	8.2024175e-06
581	8.2026233e-06
582	8.2028404e-06
583	8.2030501e-06
584	8.203256e-06
585	8.2035132e-06
586	8.2039126e-06
587	8.2041615e-06
588	8.2044551e-06
589	8.2047658e-06
590	8.2050422e-06
591	8.2053131e-06
592	8.2056494e-06
593	8.2059802e-06
594	8.2062242e-06
595	8.2064269e-06
596	8.2067007e-06
597	8.2070071e-06
598	8.2074344e-06
599	8.2078177e-06
600	8.2080688e-06
601	8.2083917e-06
602	8.2086973e-06
603	8.2089655e-06
604	8.2091489e-06
605	8.2093487e-06
606	8.2097128e-06
607	8.2099406e-06
608	8.210177e-06
609	8.2104574e-06
610	8.2106889e-06
611	8.2108771e-06
612	8.2110815e-06
613	8.2113227e-06
614	8.211501e-06
615	8.2118224e-06
616	8.2119878e-06
617	8.2121331e-06
618	8.2123113e-06
619	8.2124513e-06
620	8.2126191e-06
621	8.2127841e-06
622	8.2129904e-06
623	8.2127118e-06
624	8.2130373e-06
625	8.2134746e-06
626	8.2138083e-06
627	8.2133951e-06
628	8.2137444e-06
629	8.2140766e-06
630	8.2142962e-06
631	8.2146789e-06
632	8.2150424e-06
633	8.2150377e-06
634	8.2155044e-06
635	8.2158335e-06
636	8.2162071e-06
637	8.2164472e-06
638	8.2166759e-06
639	8.2168735e-06
640	8.2171528e-06
641	8.2167769e-06
642	8.2170554e-06
643	8.2174421e-06
644	8.2178017e-06
645	8.2181249e-06
646	8.218429e-06
647	8.2186229e-06
648	8.2189094e-06
649	8.2193196e-06
650	8.2188195e-06
651	8.2192711e-06
652	8.219735e-06
653	8.2201362e-06
654	8.2205967e-06
655	8.2208885e-06
656	8.2212067e-06
657	8.2215647e-06
658	8.2220077e-06
659	8.2215557e-06
660	8.2220817e-06
661	8.2224823e-06
662	8.2229181e-06
663	8.2232728e-06
664	8.2235805e-06
665	8.2237774e-06
666	8.2241468e-06
667	8.2244718e-06
668	8.2240975e-06
669	8.2245698e-06
670	8.2249014e-06
671	8.2253355e-06
672	8.2256973e-06
673	8.2260756e-06
674	8.2264151e-06
675	8.2267735e-06
676	8.2271839e-06
677	8.2267485e-06
678	8.2272522e-06
679	8.2276258e-06
680	8.2280758e-06
681	8.2284401e-06
682	8.2289144e-06
683	8.229287e-06
684	8.2295879e-06
685	8.2300305e-06
686	8.2295383e-06
687	8.2300115e-06
688	8.2303926e-06
689	8.2308837e-06
690	8.2313424e-06
691	8.2317387e-06
692	8.2321235e-06
693	8.2326534e-06
694	8.2331659e-06
695	8.232602e-06
696	8.2330588e-06
697	8.2334996e-06
698	8.234029e-06
699	8.2345426e-06
700	8.2340082e-06
701	8.2344622e-06
702	8.2349351e-06
703	8.235427e-06
704	8.2359485e-06
705	8.2364989e-06
706	8.2369497e-06
707	8.2374865e-06
708	8.2380105e-06
709	8.2374545e-06
710	8.2379029e-06
711	8.238395e-06
712	8.2388731e-06
713	8.2393758e-06
714	8.2397931e-06
715	8.240237e-06
716	8.2407232e-06
717	8.241246e-06
718	8.2406967e-06
719	8.2411685e-06
720	8.2416663e-06
721	8.2421267e-06
722	8.242646e-06
723	8.2432266e-06
724	8.2436923e-06
725	8.2441842e-06
726	8.2447099e-06
727	8.244196e-06
728	8.2446513e-06
729	8.2451501e-06
730	8.2455794e-06
731	8.2460872e-06
732	8.2465394e-06
733	8.2469585e-06
734	8.2474067e-06
735	8.2479292e-06
736	8.2474504e-06
737	8.2478921e-06
738	8.248374e-06
739	8.2487714e-06
740	8.249271e-06
741	8.2497007e-06
742	8.2501156e-06
743	8.250568e-06
744	8.2510608e-06
745	8.2506245e-06
746	8.2510645e-06
747	8.251564e-06
748	8.2519702e-06
749	8.2524842e-06
750	8.2529375e-06
751	8.2533346e-06
752	8.2537481e-06
753	8.2542765e-06
754	8.2538663e-06
755	8.254308e-06
756	8.2548088e-06
757	8.2552176e-06
758	8.2557545e-06
759	8.2562092e-06
760	8.2567587e-06
761	8.2571933e-06
762	8.2577068e-06
763	8.2573273e-06
764	8.2577849e-06
765	8.2582978e-06
766	8.2587214e-06
767	8.2592729e-06
768	8.2596953e-06
769	8.2601118e-06
770	8.2605538e-06
771	8.2600627e-06
772	8.2604999e-06
773	8.260968e-06
774	8.2613698e-06
775	8.2608876e-06
776	8.2614005e-06
777	8.2619205e-06
778	8.2623658e-06
779	8.2618657e-06
780	8.262331e-06
781	8.2628128e-06
782	8.2632275e-06
783	8.2627253e-06
784	8.2631188e-06
785	8.2636255e-06
786	8.2640654e-06
787	8.2635711e-06
788	8.2640337e-06
789	8.2644915e-06
790	8.2648986e-06
791	8.2644217e-06
792	8.2649935e-06
793	8.2654867e-06
794	8.2659359e-06
795	8.2654107e-06
796	8.265874e-06
797	8.2663258e-06
798	8.2667325e-06
799	8.2662382e-06
800	8.2665934e-06
801	8.267086e-06
802	8.2675012e-06
803	8.2670742e-06
804	8.267562e-06
805	8.2679992e-06
806	8.2684256e-06
807	8.2678931e-06
808	8.2684542e-06
809	8.2689567e-06
810	8.269411e-06
811	8.2700375e-06
812	8.2705174e-06
813	8.2709763e-06
814	8.2704789e-06
815	8.2708694e-06
816	8.2713649e-06
817	8.2717346e-06
818	8.2712466e-06
819	8.2716333e-06
820	8.2721034e-06
821	8.2715983e-06
822	8.2720269e-06
823	8.2725239e-06
824	8.2721915e-06
825	8.2716277e-06
826	8.2711143e-06
827	8.2707304e-06
828	8.270199e-06
829	8.2697311e-06
830	8.2693399e-06
831	8.2689628e-06
832	8.2685227e-06
833	8.2680489e-06
834	8.2675504e-06
835	8.2670742e-06
836	8.2666776e-06
837	8.2662391e-06
838	8.2657745e-06
839	8.2653164e-06
840	8.2649236e-06
841	8.264476e-06
842	8.2640933e-06
843	8.2636551e-06
844	8.2632839e-06
845	8.2628722e-06
846	8.2624328e-06
847	8.2620006e-06
848	8.2616254e-06
849	8.2612225e-06
850	8.2607979e-06
851	8.2604449e-06
852	8.2600279e-06
853	8.2596819e-06
854	8.2593314e-06
855	8.2589384e-06
856	8.2585834e-06
857	8.2582436e-06
858	8.2578983e-06
859	8.2574937e-06
860	8.2571202e-06
861	8.2567645e-06
862	8.2564073e-06
863	8.2560794e-06
864	8.2556853e-06
865	8.2553548e-06
866	8.2549719e-06
867	8.254645e-06
868	8.2543127e-06
869	8.2539439e-06
870	8.2536036e-06
871	8.2532323e-06
872	8.2528927e-06
873	8.2525236e-06
874	8.2521812e-06
875	8.2518595e-06
876	8.2514848e-06
877	8.2511255e-06
878	8.2507932e-06
879	8.2505003e-06
880	8.2503648e-06
881	8.2501043e-06
882	8.2497589e-06
883	8.2494127e-06
884	8.2490674e-06
885	8.2487542e-06
886	8.2484352e-06
887	8.2481388e-06
888	8.2478203e-06
889	8.2475085e-06
890	8.2471752e-06
891	8.2468524e-06
892	8.2465116e-06
893	8.2461947e-06
894	8.2458708e-06
895	8.2455279e-06
896	8.2452054e-06
897	8.2449074e-06
898	8.2445794e-06
899	8.2442853e-06
900	8.2439818e-06
901	8.2436897e-06
902	8.2433784e-06
903	8.2430776e-06
904	8.2427595e-06
905	8.2424547e-06
906	8.2421266e-06
907	8.2418099e-06
908	8.2414764e-06
909	8.2411659e-06
910	8.2408389e-06
911	8.2405345e-06
912	8.2402175e-06
913	8.2399204e-06
914	8.2396128e-06
915	8.2393262e-06
916	8.2390207e-06
917	8.2387218e-06
918	8.2384024e-06
919	8.2380952e-06
920	8.2377697e-06
921	8.2374592e-06
922	8.2371313e-06
923	8.2368218e-06
924	8.2364983e-06
925	8.2361891e-06
926	8.2359008e-06
927	8.235588e-06
928	8.2352801e-06
929	8.2349514e-06
930	8.2346364e-06
931	8.2342967e-06
932	8.2339771e-06
933	8.2336387e-06
934	8.2333232e-06
935	8.2330286e-06
936	8.2327105e-06
937	8.2324027e-06
938	8.2320729e-06
939	8.2317586e-06
940	8.2321172e-06
941	8.2318133e-06
942	8.2315277e-06
943	8.2312207e-06
944	8.2309254e-06
945	8.2312661e-06
946	8.2309892e-06
947	8.2306865e-06
948	8.2304295e-06
949	8.2301637e-06
950	8.2298709e-06
951	8.2295911e-06
952	8.2292913e-06
953	8.2290094e-06
954	8.2287463e-06
955	8.2284613e-06
956	8.2281854e-06
957	8.2278886e-06
958	8.2276051e-06
959	8.2273015e-06
960	8.2270086e-06
961	8.2267308e-06
962	8.2264677e-06
963	8.2261896e-06
964	8.2258912e-06
965	8.225636e-06
966	8.2253553e-06
967	8.225027e-06
968	8.2247134e-06
969	8.2243751e-06
970	8.224078e-06
971	8.2238086e-06
972	8.22352e-06
973	8.2232428e-06
974	8.2229455e-06
975	8.2226594e-06
976	8.2223892e-06
977	8.2220986e-06
978	8.2218174e-06
979	8.2215475e-06
980	8.2212461e-06
981	8.2209628e-06
982	8.2212666e-06
983	8.2209633e-06
984	8.2206679e-06
985	8.2203924e-06
986	8.2201073e-06
987	8.2203999e-06
988	8.2201302e-06
989	8.2198703e-06
990	8.2201647e-06
991	8.2198949e-06
992	8.21963e-06
993	8.2193775e-06
994	8.2191085e-06
995	8.2194011e-06
996	8.2191191e-06
997	8.2188381e-06
998	8.2185234e-06
999	8.2181933e-06
1000	8.2178674e-06
1001	8.2175185e-06
1002	8.2172074e-06
1003	8.2168858e-06
1004	8.2165911e-06
1005	8.2163185e-06
1006	8.2160223e-06
1007	8.2157386e-06
1008	8.2154734e-06
1009	8.215176e-06
1010	8.2148827e-06
1011	8.2146081e-06
1012	8.2143145e-06
1013	8.2140343e-06
1014	8.2137648e-06
1015	8.2134641e-06
1016	8.2131786e-06
1017	8.212851e-06
1018	8.212592e-06
1019	8.2123289e-06
1020	8.2120315e-06
1021	8.2117451e-06
1022	8.2114777e-06
1023	8.21118e-06
1024	8.2108968e-06
1025	8.2106335e-06
1026	8.2103404e-06
1027	8.2100573e-06
1028	8.2097912e-06
1029	8.2095036e-06
1030	8.2092309e-06
1031	8.2089747e-06
1032	8.2092221e-06
1033	8.2089594e-06
1034	8.2087075e-06
1035	8.2084553e-06
1036	8.2082195e-06
1037	8.2079663e-06
1038	8.2076672e-06
1039	8.2073735e-06
1040	8.2070917e-06
1041	8.2067728e-06
1042	8.2064726e-06
1043	8.2062054e-06
1044	8.2059225e-06
1045	8.205657e-06
1046	8.2054083e-06
1047	8.205138e-06
1048	8.2048791e-06
1049	8.2046363e-06
1050	8.2043653e-06
1051	8.2040991e-06
1052	8.2038492e-06
1053	8.2035447e-06
1054	8.203246e-06
1055	8.2029662e-06
1056	8.2026566e-06
1057	8.202372e-06
1058	8.202115e-06
1059	8.201834e-06
1060	8.2015721e-06
1061	8.2013303e-06
1062	8.2010616e-06
1063	8.200803e-06
1064	8.2005558e-06
1065	8.2002752e-06
1066	8.2000105e-06
1067	8.1997657e-06
1068	8.1994978e-06
1069	8.1992398e-06
1070	8.1990002e-06
1071	8.1987424e-06
1072	8.1984835e-06
1073	8.1982294e-06
1074	8.1979448e-06
1075	8.1977222e-06
1076	8.1974904e-06
1077	8.197692e-06
1078	8.1974585e-06
1079	8.1972263e-06
1080	8.1969573e-06
1081	8.1966943e-06
1082	8.1964406e-06
1083	8.1966316e-06
1084	8.1968561e-06
1085	8.1965853e-06
1086	8.1963213e-06
1087	8.1960824e-06
1088	8.195863e-06
1089	8.19563e-06
1090	8.1954032e-06
1091	8.1951883e-06
1092	8.1949537e-06
1093	8.1947224e-06
1094	8.1944381e-06
1095	8.1941571e-06
1096	8.1938909e-06
1097	8.1936423e-06
1098	8.1933742e-06
1099	8.1931266e-06
1100	8.1928968e-06
1101	8.1931069e-06
1102	8.192882e-06
1103	8.1926604e-06
1104	8.1924139e-06
1105	8.192175e-06
1106	8.191888e-06
1107	8.1916239e-06
1108	8.1913765e-06
1109	8.1910883e-06
1110	8.1908317e-06
1111	8.1905519e-06
1112	8.1902851e-06
1113	8.1900447e-06
1114	8.190252e-06
1115	8.1900314e-06
1116	8.1898147e-06
1117	8.1896095e-06
1118	8.1894121e-06
1119	8.189192e-06
1120	8.1889709e-06
1121	8.1886981e-06
1122	8.1884075e-06
1123	8.1886055e-06
1124	8.1883044e-06
1125	8.1880149e-06
1126	8.1877646e-06
1127	8.1875007e-06
1128	8.1872487e-06
1129	8.1870184e-06
1130	8.1867638e-06
1131	8.1865116e-06
1132	8.1862609e-06
1133	8.1860276e-06
1134	8.1857566e-06
1135	8.1854844e-06
1136	8.1851907e-06
1137	8.1849125e-06
1138	8.1846525e-06
1139	8.1844059e-06
1140	8.1841465e-06
1141	8.1838791e-06
1142	8.1836072e-06
1143	8.1833668e-06
1144	8.1830961e-06
1145	8.1828229e-06
1146	8.1825481e-06
1147	8.1823103e-06
1148	8.1820411e-06
1149	8.1817717e-06
1150	8.1814768e-06
1151	8.1811897e-06
1152	8.1809175e-06
1153	8.1806778e-06
1154	8.1804249e-06
1155	8.1801681e-06
1156	8.1799281e-06
1157	8.1796809e-06
1158	8.1794514e-06
1159	8.1792284e-06
1160	8.1790078e-06
1161	8.1787565e-06
1162	8.1784901e-06
1163	8.1782178e-06
1164	8.1779419e-06
1165	8.1776526e-06
1166	8.177381e-06
1167	8.177132e-06
1168	8.1768759e-06
1169	8.176638e-06
1170	8.1764071e-06
1171	8.1761798e-06
1172	8.1759381e-06
1173	8.1756974e-06
1174	8.1754542e-06
1175	8.1752047e-06
1176	8.1749284e-06
1177	8.1746673e-06
1178	8.1744233e-06
1179	8.1741874e-06
1180	8.1739447e-06
1181	8.1737012e-06
1182	8.1734557e-06
1183	8.1731891e-06
1184	8.1729314e-06
1185	8.1726776e-06
1186	8.1724317e-06
1187	8.1721708e-06
1188	8.1719156e-06
1189	8.1716649e-06
1190	8.1714164e-06
1191	8.1711511e-06
1192	8.1708881e-06
1193	8.1706423e-06
1194	8.170422e-06
1195	8.1705606e-06
1196	8.1703553e-06
1197	8.1704959e-06
1198	8.1705918e-06
1199	8.1703703e-06
1200	8.1701469e-06
1201	8.1699258e-06
1202	8.169701e-06
1203	8.1694466e-06
1204	8.1691871e-06
1205	8.1689275e-06
1206	8.1686814e-06
1207	8.1684318e-06
1208	8.1681996e-06
1209	8.167983e-06
1210	8.1677778e-06
1211	8.1675577e-06
1212	8.1673402e-06
1213	8.1671213e-06
1214	8.1668994e-06
1215	8.1666514e-06
1216	8.1664e-06
1217	8.1661544e-06
1218	8.1659206e-06
1219	8.165673e-06
1220	8.1654312e-06
1221	8.1652019e-06
1222	8.1649805e-06
1223	8.1647458e-06
1224	8.1645163e-06
1225	8.1642892e-06
1226	8.1640703e-06
1227	8.1638358e-06
1228	8.1636031e-06
1229	8.1633722e-06
1230	8.1630834e-06
1231	8.1628296e-06
1232	8.1625177e-06
1233	8.1622661e-06
1234	8.1620007e-06
1235	8.162033e-06
1236	8.1618277e-06
1237	8.1616347e-06
1238	8.1615234e-06
1239	8.1612985e-06
1240	8.1610905e-06
1241	8.1608891e-06
1242	8.160688e-06
1243	8.1604637e-06
1244	8.1601715e-06
1245	8.1599267e-06
1246	8.1596363e-06
1247	8.159395e-06
1248	8.1591737e-06
1249	8.1589194e-06
1250	8.1587123e-06
1251	8.158506e-06
1252	8.1583111e-06
1253	8.1580805e-06
1254	8.1578745e-06
1255	8.1576515e-06
1256	8.15737e-06
1257	8.1571343e-06
1258	8.1568633e-06
1259	8.1566247e-06
1260	8.1563946e-06
1261	8.1561761e-06
1262	8.1559672e-06
1263	8.1557456e-06
1264	8.155531e-06
1265	8.1553299e-06
1266	8.1551399e-06
1267	8.1549343e-06
1268	8.1546762e-06
1269	8.1544499e-06
1270	8.1545034e-06
1271	8.1542968e-06
1272	8.1541259e-06
1273	8.1539313e-06
1274	8.1537325e-06
1275	8.1535205e-06
1276	8.1533196e-06
1277	8.1531376e-06
1278	8.1529553e-06
1279	8.1527871e-06
1280	8.1525936e-06
1281	8.1523792e-06
1282	8.1521443e-06
1283	8.151867e-06
1284	8.1515768e-06
1285	8.1512866e-06
1286	8.150996e-06
1287	8.1507519e-06
1288	8.1504859e-06
1289	8.1503179e-06
1290	8.1501134e-06
1291	8.1499445e-06
1292	8.1497452e-06
1293	8.1495526e-06
1294	8.1493609e-06
1295	8.1491147e-06
1296	8.1488938e-06
1297	8.1486155e-06
1298	8.14834e-06
1299	8.1480717e-06
1300	8.147839e-06
1301	8.147584e-06
1302	8.1473318e-06
1303	8.1470873e-06
1304	8.1468879e-06
1305	8.1467416e-06
1306	8.1465354e-06
1307	8.1463305e-06
1308	8.1461375e-06
1309	8.1459495e-06
1310	8.1457594e-06
1311	8.1455639e-06
1312	8.1453745e-06
1313	8.1451869e-06
1314	8.1450416e-06
1315	8.1448322e-06
1316	8.1446415e-06
1317	8.1444669e-06
1318	8.1443085e-06
1319	8.1441464e-06
1320	8.1439721e-06
1321	8.1440238e-06
1322	8.1438129e-06
1323	8.1436218e-06
1324	8.1435034e-06
1325	8.1432969e-06
1326	8.1431003e-06
1327	8.1429034e-06
1328	8.1427078e-06
1329	8.142516e-06
1330	8.1423349e-06
1331	8.1421392e-06
1332	8.1419433e-06
1333	8.1417474e-06
1334	8.1415319e-06
1335	8.1413555e-06
1336	8.1411572e-06
1337	8.1409644e-06
1338	8.1407711e-06
1339	8.1405319e-06
1340	8.140303e-06
1341	8.1400893e-06
1342	8.1398977e-06
1343	8.1396981e-06
1344	8.139569e-06
1345	8.1393783e-06
1346	8.1391937e-06
1347	8.1389969e-06
1348	8.1388119e-06
1349	8.1386311e-06
1350	8.138435e-06
1351	8.1382343e-06
1352	8.1380331e-06
1353	8.1378332e-06
1354	8.1376346e-06
1355	8.1374463e-06
1356	8.137263e-06
1357	8.1370907e-06
1358	8.1369309e-06
1359	8.1367725e-06
1360	8.1366135e-06
1361	8.1364216e-06
1362	8.136224e-06
1363	8.136038e-06
1364	8.1358508e-06
1365	8.1356569e-06
1366	8.1354566e-06
1367	8.135252e-06
1368	8.1350509e-06
1369	8.1348527e-06
1370	8.1346685e-06
1371	8.1344955e-06
1372	8.1343132e-06
1373	8.1341334e-06
1374	8.13396e-06
1375	8.1337682e-06
1376	8.1335734e-06
1377	8.1333807e-06
1378	8.1331876e-06
1379	8.132999e-06
1380	8.132796e-06
1381	8.1325959e-06
1382	8.1323948e-06
1383	8.1321974e-06
1384	8.132002e-06
1385	8.131821e-06
1386	8.1316439e-06
1387	8.1314753e-06
1388	8.1312989e-06
1389	8.131125e-06
1390	8.1309423e-06
1391	8.1307535e-06
1392	8.1305624e-06
1393	8.130371e-06
1394	8.1301769e-06
1395	8.1299912e-06
1396	8.1298083e-06
1397	8.1296359e-06
1398	8.1294759e-06
1399	8.1293181e-06
1400	8.1291602e-06
1401	8.1289989e-06
1402	8.1288143e-06
1403	8.1286293e-06
1404	8.1284373e-06
1405	8.1282388e-06
1406	8.1280386e-06
1407	8.1278391e-06
1408	8.1276441e-06
1409	8.1274643e-06
1410	8.127291e-06
1411	8.1271261e-06
1412	8.1269718e-06
1413	8.1268044e-06
1414	8.1266332e-06
1415	8.126453e-06
1416	8.126269e-06
1417	8.1260862e-06
1418	8.1259048e-06
1419	8.1257243e-06
1420	8.1255275e-06
1421	8.1253314e-06
1422	8.1251379e-06
1423	8.1249444e-06
1424	8.1247526e-06
1425	8.124579e-06
1426	8.1244046e-06
1427	8.1242323e-06
1428	8.1240688e-06
1429	8.1238959e-06
1430	8.1237181e-06
1431	8.123531e-06
1432	8.1233358e-06
1433	8.1231379e-06
1434	8.1229421e-06
1435	8.1227689e-06
1436	8.1225954e-06
1437	8.122424e-06
1438	8.1222749e-06
1439	8.1221228e-06
1440	8.1219757e-06
1441	8.121831e-06
1442	8.1216807e-06
1443	8.1215031e-06
1444	8.1213193e-06
1445	8.1211305e-06
1446	8.1209408e-06
1447	8.1207535e-06
1448	8.120562e-06
1449	8.1203834e-06
1450	8.1202099e-06
1451	8.1200467e-06
1452	8.1198948e-06
1453	8.1197535e-06
1454	8.1195885e-06
1455	8.1194344e-06
1456	8.1192567e-06
1457	8.1190765e-06
1458	8.1188913e-06
1459	8.1187027e-06
1460	8.1185074e-06
1461	8.1183041e-06
1462	8.118098e-06
1463	8.1178948e-06
1464	8.117693e-06
1465	8.117519e-06
1466	8.1173445e-06
1467	8.1171719e-06
1468	8.1170029e-06
1469	8.1168419e-06
1470	8.1166674e-06
1471	8.116492e-06
1472	8.116307e-06
1473	8.116114e-06
1474	8.1159146e-06
1475	8.1157317e-06
1476	8.1155596e-06
1477	8.1153947e-06
1478	8.1152472e-06
1479	8.1151085e-06
1480	8.1149589e-06
1481	8.1148264e-06
1482	8.1146819e-06
1483	8.1145363e-06
1484	8.1143608e-06
1485	8.1141938e-06
1486	8.1140028e-06
1487	8.1138129e-06
1488	8.1136212e-06
1489	8.1134496e-06
1490	8.1132774e-06
1491	8.1131076e-06
1492	8.1129409e-06
1493	8.1127813e-06
1494	8.1126287e-06
1495	8.1124815e-06
1496	8.112308e-06
1497	8.1121329e-06
1498	8.111958e-06
1499	8.1117847e-06
1500	8.1115953e-06
1501	8.1114049e-06
1502	8.1112068e-06
1503	8.1110061e-06
1504	8.110821e-06
1505	8.1106427e-06
1506	8.1104721e-06
1507	8.1103091e-06
1508	8.1101412e-06
1509	8.1099729e-06
1510	8.1098067e-06
1511	8.1096214e-06
1512	8.1094345e-06
1513	8.1092471e-06
1514	8.109048e-06
1515	8.1088635e-06
1516	8.1086826e-06
1517	8.1085082e-06
1518	8.1083585e-06
1519	8.1082239e-06
1520	8.1080887e-06
1521	8.1079557e-06
1522	8.1078221e-06
1523	8.1076738e-06
1524	8.1075229e-06
1525	8.1073712e-06
1526	8.1071871e-06
1527	8.1069977e-06
1528	8.1068008e-06
1529	8.1066148e-06
1530	8.1064385e-06
1531	8.1062742e-06
1532	8.1061194e-06
1533	8.1059582e-06
1534	8.1057964e-06
1535	8.1056332e-06
1536	8.105473e-06
1537	8.1053e-06
1538	8.1051342e-06
1539	8.1049787e-06
1540	8.1047891e-06
1541	8.1045895e-06
1542	8.1043871e-06
1543	8.1041843e-06
1544	8.103989e-06
1545	8.1038175e-06
1546	8.1036415e-06
1547	8.1034668e-06
1548	8.1033113e-06
1549	8.1031459e-06
1550	8.1029844e-06
1551	8.1028048e-06
1552	8.1026226e-06
1553	8.102451e-06
1554	8.1022558e-06
1555	8.1020739e-06
1556	8.1018966e-06
1557	8.1017269e-06
1558	8.1015609e-06
1559	8.1014199e-06
1560	8.1012786e-06
1561	8.1011387e-06
1562	8.1009994e-06
1563	8.1008641e-06
1564	8.1007163e-06
1565	8.1005677e-06
1566	8.1003944e-06
1567	8.1002067e-06
1568	8.1000152e-06
1569	8.0998144e-06
1570	8.0996302e-06
1571	8.0994576e-06
1572	8.0992952e-06
1573	8.099142e-06
1574	8.0989842e-06
1575	8.0988262e-06
1576	8.0986647e-06
1577	8.098505e-06
1578	8.0983324e-06
1579	8.0981633e-06
1580	8.0979921e-06
1581	8.0977968e-06
1582	8.0975862e-06
1583	8.0973927e-06
1584	8.0971756e-06
1585	8.0969891e-06
1586	8.0968048e-06
1587	8.097e-06
1588	8.0968313e-06
1589	8.096667e-06
1590	8.0964802e-06
1591	8.0962889e-06
1592	8.096099e-06
1593	8.0959092e-06
1594	8.0957219e-06
1595	8.0955263e-06
1596	8.0953288e-06
1597	8.0951268e-06
1598	8.0949447e-06
1599	8.0947718e-06
1600	8.0949423e-06
1601	8.0948035e-06
1602	8.0949658e-06
1603	8.0948238e-06
1604	8.0946682e-06
1605	8.0945131e-06
1606	8.0943408e-06
1607	8.0941642e-06
1608	8.0939891e-06
1609	8.0937876e-06
1610	8.0935933e-06
1611	8.0933987e-06
1612	8.0932277e-06
1613	8.093068e-06
1614	8.0929162e-06
1615	8.0927708e-06
1616	8.0925998e-06
1617	8.0924249e-06
1618	8.0922544e-06
1619	8.0920903e-06
1620	8.0919112e-06
1621	8.0917225e-06
1622	8.0915453e-06
1623	8.0913404e-06
1624	8.091157e-06
1625	8.0909738e-06
1626	8.090795e-06
1627	8.0909928e-06
1628	8.0908407e-06
1629	8.0907003e-06
1630	8.090889e-06
1631	8.0910873e-06
1632	8.0909147e-06
1633	8.0907465e-06
1634	8.0905818e-06
1635	8.0904166e-06
1636	8.0902503e-06
1637	8.0900701e-06
1638	8.0899079e-06
1639	8.0897428e-06
1640	8.0895989e-06
1641	8.0894625e-06
1642	8.0893299e-06
1643	8.0891976e-06
1644	8.0890649e-06
1645	8.0889034e-06
1646	8.0887364e-06
1647	8.0885657e-06
1648	8.0883717e-06
1649	8.0881769e-06
1650	8.0879827e-06
1651	8.0878082e-06
1652	8.0876402e-06
1653	8.0874631e-06
1654	8.0876613e-06
1655	8.0874973e-06
1656	8.0873251e-06
1657	8.0871614e-06
1658	8.0870063e-06
1659	8.0868378e-06
1660	8.0866655e-06
1661	8.0864865e-06
1662	8.086299e-06
1663	8.0861065e-06
1664	8.085917e-06
1665	8.0857224e-06
1666	8.0855346e-06
1667	8.0853628e-06
1668	8.0851961e-06
1669	8.0850233e-06
1670	8.0848713e-06
1671	8.0847041e-06
1672	8.084538e-06
1673	8.0843586e-06
1674	8.0841722e-06
1675	8.0839879e-06
1676	8.0838088e-06
1677	8.0836225e-06
1678	8.0834561e-06
1679	8.0832956e-06
1680	8.0831539e-06
1681	8.0830226e-06
1682	8.0828983e-06
1683	8.0827784e-06
1684	8.0826611e-06
1685	8.0825389e-06
1686	8.0824004e-06
1687	8.0822402e-06
1688	8.0820759e-06
1689	8.0819166e-06
1690	8.0817466e-06
1691	8.0815896e-06
1692	8.0814343e-06
1693	8.081288e-06
1694	8.0811408e-06
1695	8.0809913e-06
1696	8.0808454e-06
1697	8.0807099e-06
1698	8.0805653e-06
1699	8.0804255e-06
1700	8.0802857e-06
1701	8.0801381e-06
1702	8.0799917e-06
1703	8.0798341e-06
1704	8.0796701e-06
1705	8.0795011e-06
1706	8.0793285e-06
1707	8.0795376e-06
1708	8.0793743e-06
1709	8.0792053e-06
1710	8.0790556e-06
1711	8.0792415e-06
1712	8.0794344e-06
1713	8.0792587e-06
1714	8.0790934e-06
1715	8.0789311e-06
1716	8.0787455e-06
1717	8.0785667e-06
1718	8.0783938e-06
1719	8.0782207e-06
1720	8.0780636e-06
1721	8.0779134e-06
1722	8.0780721e-06
1723	8.0779503e-06
1724	8.0780953e-06
1725	8.0782467e-06
1726	8.0781058e-06
1727	8.0779684e-06
1728	8.0778179e-06
1729	8.0776644e-06
1730	8.0774891e-06
1731	8.0773142e-06
1732	8.0771539e-06
1733	8.0769962e-06
1734	8.0768483e-06
1735	8.0766998e-06
1736	8.0765498e-06
1737	8.0764035e-06
1738	8.0762701e-06
1739	8.0761312e-06
1740	8.0759937e-06
1741	8.075858e-06
1742	8.0757085e-06
1743	8.0755508e-06
1744	8.0754014e-06
1745	8.0752349e-06
1746	8.0750725e-06
1747	8.0748979e-06
1748	8.0747273e-06
1749	8.0745574e-06
1750	8.0743884e-06
1751	8.0745785e-06
1752	8.0744046e-06
1753	8.0742358e-06
1754	8.0740601e-06
1755	8.0738907e-06
1756	8.0737258e-06
1757	8.0735657e-06
1758	8.0734071e-06
1759	8.0732435e-06
1760	8.0730949e-06
1761	8.0732772e-06
1762	8.0731299e-06
1763	8.0732865e-06
1764	8.0734408e-06
1765	8.0733198e-06
1766	8.0731879e-06
1767	8.0730588e-06
1768	8.0729106e-06
1769	8.0727623e-06
1770	8.0725899e-06
1771	8.0724239e-06
1772	8.0722555e-06
1773	8.0720908e-06
1774	8.0719471e-06
1775	8.071808e-06
1776	8.0716699e-06
1777	8.0715326e-06
1778	8.0713977e-06
1779	8.0712471e-06
1780	8.0710967e-06
1781	8.0709435e-06
1782	8.070793e-06
1783	8.0706306e-06
1784	8.0704675e-06
1785	8.0703191e-06
1786	8.0701426e-06
1787	8.0699766e-06
1788	8.0698009e-06
1789	8.0696333e-06
1790	8.0694657e-06
1791	8.0696565e-06
1792	8.0695087e-06
1793	8.0693451e-06
1794	8.0691796e-06
1795	8.069414e-06
1796	8.0692352e-06
1797	8.0690716e-06
1798	8.0688876e-06
1799	8.0687219e-06
1800	8.068551e-06
1801	8.0683983e-06
1802	8.0682446e-06
1803	8.0681094e-06
1804	8.0679775e-06
1805	8.0678453e-06
1806	8.0677085e-06
1807	8.0675691e-06
1808	8.0674116e-06
1809	8.0672455e-06
1810	8.0670796e-06
1811	8.0668975e-06
1812	8.0667147e-06
1813	8.0665283e-06
1814	8.066364e-06
1815	8.0661979e-06
1816	8.0660289e-06
1817	8.065855e-06
1818	8.0656844e-06
1819	8.0655305e-06
1820	8.0653882e-06
1821	8.0652258e-06
1822	8.0650659e-06
1823	8.064914e-06
1824	8.0647972e-06
1825	8.0646801e-06
1826	8.0645704e-06
1827	8.0644596e-06
1828	8.0643295e-06
1829	8.0641926e-06
1830	8.0643816e-06
1831	8.064214e-06
1832	8.0640447e-06
1833	8.0638773e-06
1834	8.0637094e-06
1835	8.0635219e-06
1836	8.0633421e-06
1837	8.0631623e-06
1838	8.0629894e-06
1839	8.0628424e-06
1840	8.0627166e-06
1841	8.0626143e-06
1842	8.0625025e-06
1843	8.0623853e-06
1844	8.062516e-06
1845	8.0623941e-06
1846	8.0622778e-06
1847	8.0621864e-06
1848	8.0620617e-06
1849	8.0619426e-06
1850	8.0618123e-06
1851	8.0616764e-06
1852	8.0615491e-06
1853	8.061455e-06
1854	8.0613749e-06
1855	8.0612634e-06
1856	8.0611546e-06
1857	8.0610235e-06
1858	8.0608718e-06
1859	8.060748e-06
1860	8.0606159e-06
1861	8.0605273e-06
1862	8.0604506e-06
1863	8.060383e-06
1864	8.0602937e-06
1865	8.0602198e-06
1866	8.0601477e-06
1867	8.0600724e-06
1868	8.059993e-06
1869	8.0601389e-06
1870	8.0599816e-06
1871	8.0598254e-06
1872	8.0596777e-06
1873	8.0598446e-06
1874	8.0600388e-06
1875	8.0598665e-06
1876	8.0596949e-06
1877	8.0595252e-06
1878	8.0593883e-06
1879	8.0592778e-06
1880	8.0591849e-06
1881	8.0590934e-06
1882	8.0592331e-06
1883	8.0591152e-06
1884	8.0589978e-06
1885	8.0588905e-06
1886	8.0590088e-06
1887	8.0589023e-06
1888	8.0587922e-06
1889	8.0586752e-06
1890	8.0585311e-06
1891	8.0583877e-06
1892	8.0582419e-06
1893	8.0581329e-06
1894	8.0580412e-06
1895	8.0579376e-06
1896	8.0578447e-06
1897	8.0577371e-06
1898	8.0576185e-06
1899	8.0574942e-06
1900	8.0573787e-06
1901	8.0573053e-06
1902	8.0574324e-06
1903	8.0573426e-06
1904	8.0572405e-06
1905	8.0571434e-06
1906	8.0570985e-06
1907	8.0570371e-06
1908	8.0571529e-06
1909	8.0570444e-06
1910	8.0572163e-06
1911	8.0574079e-06
1912	8.0576039e-06
1913	8.0574605e-06
1914	8.0573181e-06
1915	8.0574887e-06
1916	8.0577e-06
1917	8.0575307e-06
1918	8.057372e-06
1919	8.0572825e-06
1920	8.0572153e-06
1921	8.0571352e-06
1922	8.0572517e-06
1923	8.0571516e-06
1924	8.0570373e-06
1925	8.0571549e-06
1926	8.0570627e-06
1927	8.0571795e-06
1928	8.0570815e-06
1929	8.0569548e-06
1930	8.057103e-06
1931	8.0569535e-06
1932	8.0567909e-06
1933	8.0569796e-06
1934	8.0571848e-06
1935	8.0570536e-06
1936	8.0569506e-06
1937	8.0568446e-06
1938	8.0567243e-06
1939	8.0568892e-06
1940	8.056735e-06
1941	8.056613e-06
1942	8.0565111e-06
1943	8.0564169e-06
1944	8.0563372e-06
1945	8.0562434e-06
1946	8.0561637e-06
1947	8.0560925e-06
1948	8.0560171e-06
1949	8.0559353e-06
1950	8.0558449e-06
1951	8.0557334e-06
1952	8.0558931e-06
1953	8.0557376e-06
1954	8.0555808e-06
1955	8.0554386e-06
1956	8.0556271e-06
1957	8.0554731e-06
1958	8.0553217e-06
1959	8.0551847e-06
1960	8.0550861e-06
1961	8.0550133e-06
1962	8.0549332e-06
1963	8.0548588e-06
1964	8.0547771e-06
1965	8.0548954e-06
1966	8.0550392e-06
1967	8.0551861e-06
1968	8.0550749e-06
1969	8.0552231e-06
1970	8.0550917e-06
1971	8.0549402e-06
1972	8.0547918e-06
1973	8.0546666e-06
1974	8.0545516e-06
1975	8.0544684e-06
1976	8.0543772e-06
1977	8.0543062e-06
1978	8.0542012e-06
1979	8.0540757e-06
1980	8.0542357e-06
1981	8.0540862e-06
1982	8.0539559e-06
1983	8.0538296e-06
1984	8.0537229e-06
1985	8.0536041e-06
1986	8.0535346e-06
1987	8.0534714e-06
1988	8.0535849e-06
1989	8.0534925e-06
1990	8.0536396e-06
1991	8.0535184e-06
1992	8.0533692e-06
1993	8.0532333e-06
1994	8.0534078e-06
1995	8.0532535e-06
1996	8.0530995e-06
1997	8.0529419e-06
1998	8.0527733e-06
1999	8.0526236e-06
2000	8.0525251e-06
2001	8.0524384e-06
2002	8.0523678e-06
2003	8.0522856e-06
2004	8.0524291e-06
2005	8.0522907e-06
2006	8.0524527e-06
2007	8.0523202e-06
2008	8.0524761e-06
2009	8.0523529e-06
2010	8.0522206e-06
2011	8.0520738e-06
2012	8.0519234e-06
2013	8.0517678e-06
2014	8.051612e-06
2015	8.051791e-06
2016	8.0516544e-06
2017	8.0515423e-06
2018	8.0516909e-06
2019	8.0518797e-06
2020	8.0517151e-06
2021	8.0515508e-06
2022	8.0517454e-06
2023	8.0516052e-06
2024	8.0514628e-06
2025	8.0513285e-06
2026	8.051252e-06
2027	8.0511704e-06
2028	8.0511143e-06
2029	8.0510645e-06
2030	8.0510194e-06
2031	8.0509697e-06
2032	8.050882e-06
2033	8.0507856e-06
2034	8.0506726e-06
2035	8.0505447e-06
2036	8.0507049e-06
2037	8.0509008e-06
2038	8.0507349e-06
2039	8.0505688e-06
2040	8.0504727e-06
2041	8.0503998e-06
2042	8.0503205e-06
2043	8.0502691e-06
2044	8.0502289e-06
2045	8.050356e-06
2046	8.0502329e-06
2047	8.0501085e-06
2048	8.050248e-06
2049	8.0501266e-06
2050	8.0500109e-06
2051	8.0498956e-06
2052	8.0500297e-06
2053	8.0498987e-06
2054	8.0497908e-06
2055	8.0497358e-06
2056	8.0496618e-06
2057	8.0496111e-06
2058	8.0495714e-06
2059	8.0494698e-06
2060	8.0493478e-06
2061	8.0495018e-06
2062	8.0493509e-06
2063	8.0492209e-06
2064	8.0491173e-06
2065	8.0490545e-06
2066	8.0491574e-06
2067	8.0493088e-06
2068	8.0492005e-06
2069	8.0491478e-06
2070	8.0491144e-06
2071	8.0491652e-06
2072	8.0491089e-06
2073	8.0490026e-06
2074	8.0491412e-06
2075	8.0489941e-06
2076	8.0488472e-06
2077	8.0486959e-06
2078	8.0485616e-06
2079	8.0484235e-06
2080	8.0483587e-06
2081	8.0484534e-06
2082	8.0483876e-06
2083	8.0483567e-06
2084	8.0484043e-06
2085	8.0483649e-06
2086	8.0484935e-06
2087	8.048651e-06
2088	8.0485296e-06
2089	8.0484037e-06
2090	8.0485418e-06
2091	8.0486899e-06
2092	8.0485654e-06
2093	8.0486958e-06
2094	8.048598e-06
2095	8.0485523e-06
2096	8.048538e-06
2097	8.0485123e-06
2098	8.0484944e-06
2099	8.0484431e-06
2100	8.0483709e-06
2101	8.0482697e-06
2102	8.0484165e-06
2103	8.0482867e-06
2104	8.0481806e-06
2105	8.0482433e-06
2106	8.0483457e-06
2107	8.048269e-06
2108	8.0482431e-06
2109	8.0482681e-06
2110	8.0483073e-06
2111	8.048266e-06
2112	8.0483097e-06
2113	8.0482585e-06
2114	8.0481894e-06
2115	8.0483255e-06
2116	8.0485021e-06
2117	8.0483623e-06
2118	8.0482133e-06
2119	8.0484116e-06
2120	8.0482536e-06
2121	8.0483092e-06
2122	8.048294e-06
2123	8.0483039e-06
2124	8.0483124e-06
2125	8.0483064e-06
2126	8.0483707e-06
2127	8.0482739e-06
2128	8.0483948e-06
2129	8.0485396e-06
2130	8.0486865e-06
2131	8.0485736e-06
2132	8.0484561e-06
2133	8.0484555e-06
2134	8.0484673e-06
2135	8.0484966e-06
2136	8.0484938e-06
2137	8.0485181e-06
2138	8.048518e-06
2139	8.0485099e-06
2140	8.0485969e-06
2141	8.0487536e-06
2142	8.048934e-06
2143	8.0491199e-06
2144	8.0489792e-06
2145	8.048982e-06
2146	8.0490042e-06
2147	8.0489854e-06
2148	8.0490138e-06
2149	8.0490004e-06
2150	8.0489877e-06
2151	8.0489773e-06
2152	8.0490059e-06
2153	8.0490277e-06
2154	8.0490166e-06
2155	8.0489336e-06
2156	8.0490558e-06
2157	8.0492265e-06
2158	8.0494059e-06
2159	8.0495888e-06
2160	8.0494407e-06
2161	8.0495933e-06
2162	8.0494956e-06
2163	8.0493666e-06
2164	8.0492227e-06
2165	8.049063e-06
2166	8.049213e-06
2167	8.0490987e-06
2168	8.049001e-06
2169	8.0489351e-06
2170	8.0488686e-06
2171	8.0488029e-06
2172	8.048893e-06
2173	8.0490252e-06
2174	8.0489585e-06
2175	8.0490953e-06
2176	8.0491824e-06
2177	8.0492635e-06
2178	8.0493279e-06
2179	8.0493912e-06
2180	8.0493887e-06
2181	8.0494847e-06
2182	8.0496403e-06
2183	8.0498168e-06
2184	8.0499933e-06
2185	8.0498588e-06
2186	8.0497073e-06
2187	8.0495573e-06
2188	8.0494009e-06
2189	8.0495834e-06
2190	8.0497488e-06
2191	8.04987e-06
2192	8.0498902e-06
2193	8.0498275e-06
2194	8.0497403e-06
2195	8.0496425e-06
2196	8.0495719e-06
2197	8.0494667e-06
2198	8.0496162e-06
2199	8.0494766e-06
2200	8.0496548e-06
2201	8.049846e-06
2202	8.049706e-06
2203	8.04953e-06
2204	8.0497156e-06
2205	8.0498958e-06
2206	8.0500385e-06
2207	8.0500612e-06
2208	8.0501471e-06
2209	8.0500564e-06
2210	8.049995e-06
2211	8.0499342e-06
2212	8.0498785e-06
2213	8.0499007e-06
2214	8.0499644e-06
2215	8.0500774e-06
2216	8.050212e-06
2217	8.0503642e-06
2218	8.0501839e-06
2219	8.0503677e-06
2220	8.050523e-06
2221	8.0504079e-06
2222	8.0505177e-06
2223	8.0503866e-06
2224	8.0505438e-06
2225	8.0504164e-06
2226	8.0505564e-06
2227	8.0506331e-06
2228	8.0505172e-06
2229	8.050368e-06
2230	8.0502117e-06
2231	8.0503866e-06
2232	8.0502579e-06
2233	8.0501133e-06
2234	8.0502981e-06
2235	8.0504421e-06
2236	8.0506061e-06
2237	8.0507662e-06
2238	8.0506382e-06
2239	8.050785e-06
2240	8.0509388e-06
2241	8.0507983e-06
2242	8.0509627e-06
2243	8.0511183e-06
2244	8.0509465e-06
2245	8.0507896e-06
2246	8.0506384e-06
2247	8.0504948e-06
2248	8.0503594e-06
2249	8.0502332e-06
2250	8.0503564e-06
2251	8.0504688e-06
2252	8.0505766e-06
2253	8.0504756e-06
2254	8.0505897e-06
2255	8.0504772e-06
2256	8.0505983e-06
2257	8.0507329e-06
2258	8.0505909e-06
2259	8.0507434e-06
2260	8.050596e-06
2261	8.050447e-06
2262	8.0503025e-06
2263	8.0504384e-06
2264	8.0502979e-06
2265	8.0501691e-06
2266	8.0503034e-06
2267	8.0501846e-06
2268	8.0503129e-06
2269	8.0501894e-06
2270	8.0500591e-06
2271	8.049927e-06
2272	8.0497963e-06
2273	8.0499422e-06
2274	8.0498137e-06
2275	8.0496797e-06
2276	8.0495385e-06
2277	8.0496749e-06
2278	8.0498118e-06
2279	8.0496929e-06
2280	8.0498184e-06
2281	8.0499397e-06
2282	8.0500849e-06
2283	8.0502111e-06
2284	8.0503539e-06
2285	8.0502201e-06
2286	8.0500847e-06
2287	8.0499501e-06
2288	8.0498176e-06
2289	8.0496903e-06
2290	8.0498107e-06
2291	8.0499367e-06
2292	8.0500457e-06
2293	8.0499373e-06
2294	8.0500396e-06
2295	8.0501485e-06
2296	8.0502606e-06
2297	8.0503777e-06
2298	8.0502516e-06
2299	8.0501168e-06
2300	8.0499785e-06
2301	8.0501221e-06
2302	8.0499705e-06
2303	8.0498358e-06
2304	8.0499695e-06
2305	8.0500933e-06
2306	8.050222e-06
2307	8.0501007e-06
2308	8.0499723e-06
2309	8.0500991e-06
2310	8.0499661e-06
2311	8.0498272e-06
2312	8.0499686e-06
2313	8.049821e-06
2314	8.0496832e-06
2315	8.0498209e-06
2316	8.0496917e-06
2317	8.0495605e-06
2318	8.0494329e-06
2319	8.0493109e-06
2320	8.0494169e-06
2321	8.0495386e-06
2322	8.0494132e-06
2323	8.0495395e-06
2324	8.0493929e-06
2325	8.0492526e-06
2326	8.049108e-06
2327	8.0489616e-06
2328	8.0488161e-06
2329	8.0486746e-06
2330	8.0485414e-06
2331	8.0486574e-06
2332	8.0487639e-06
2333	8.0487825e-06
2334	8.0488783e-06
2335	8.0489775e-06
2336	8.0488603e-06
2337	8.048971e-06
2338	8.0488443e-06
2339	8.0487109e-06
2340	8.0488515e-06
2341	8.0486887e-06
2342	8.0488354e-06
2343	8.0486721e-06
2344	8.0488175e-06
2345	8.0486649e-06
2346	8.0485194e-06
2347	8.0483787e-06
2348	8.0482432e-06
2349	8.0481115e-06
2350	8.0479807e-06
2351	8.0478486e-06
2352	8.0479795e-06
2353	8.0478225e-06
2354	8.0476569e-06
2355	8.0477961e-06
2356	8.0476495e-06
2357	8.047777e-06
2358	8.0479013e-06
2359	8.0480121e-06
2360	8.0479452e-06
2361	8.0480677e-06
2362	8.0479291e-06
2363	8.0480615e-06
2364	8.0481883e-06
2365	8.0483155e-06
2366	8.0484499e-06
2367	8.0485877e-06
2368	8.0487255e-06
2369	8.0488605e-06
2370	8.0487246e-06
2371	8.0485932e-06
2372	8.0487015e-06
2373	8.0485826e-06
2374	8.0486796e-06
2375	8.0487681e-06
2376	8.0488584e-06
2377	8.0489543e-06
2378	8.0488289e-06
2379	8.0486869e-06
2380	8.0485348e-06
2381	8.0483798e-06
2382	8.0485179e-06
2383	8.048351e-06
2384	8.0484799e-06
2385	8.0485985e-06
2386	8.0484516e-06
2387	8.0485786e-06
2388	8.0487038e-06
2389	8.0488225e-06
2390	8.0489411e-06
2391	8.0490645e-06
2392	8.0491904e-06
2393	8.0490259e-06
2394	8.048853e-06
2395	8.0486826e-06
2396	8.0485166e-06
2397	8.0486562e-06
2398	8.0487894e-06
2399	8.0489159e-06
2400	8.0490316e-06
2401	8.0491077e-06
2402	8.0489783e-06
2403	8.0490925e-06
2404	8.0489425e-06
2405	8.0490632e-06
2406	8.0488947e-06
2407	8.0487436e-06
2408	8.0485954e-06
2409	8.0487333e-06
2410	8.0488638e-06
2411	8.0489845e-06
2412	8.0488532e-06
2413	8.0487239e-06
2414	8.0488288e-06
2415	8.0487054e-06
2416	8.0488096e-06
2417	8.0489105e-06
2418	8.0490149e-06
2419	8.0488789e-06
2420	8.0487362e-06
2421	8.0485911e-06
2422	8.0487217e-06
2423	8.048551e-06
2424	8.048379e-06
2425	8.0485011e-06
2426	8.0483462e-06
2427	8.0484629e-06
2428	8.048575e-06
2429	8.0486876e-06
2430	8.0487986e-06
2431	8.0489105e-06
2432	8.0490265e-06
2433	8.0491523e-06
2434	8.04898e-06
2435	8.0487974e-06
2436	8.0489361e-06
2437	8.048781e-06
2438	8.0486127e-06
2439	8.0484603e-06
2440	8.0485808e-06
2441	8.0486817e-06
2442	8.0488222e-06
2443	8.0486998e-06
2444	8.0487992e-06
2445	8.048649e-06
2446	8.0484837e-06
2447	8.0486159e-06
2448	8.0487404e-06
2449	8.0488627e-06
2450	8.0489858e-06
2451	8.0491082e-06
2452	8.0492212e-06
2453	8.0493334e-06
2454	8.0491984e-06
2455	8.0493004e-06
2456	8.0491767e-06
2457	8.0492667e-06
2458	8.0491435e-06
2459	8.0492413e-06
2460	8.049108e-06
2461	8.0489679e-06
2462	8.0490955e-06
2463	8.0489166e-06
2464	8.0487312e-06
2465	8.0485535e-06
2466	8.0483849e-06
2467	8.0482215e-06
2468	8.0483312e-06
2469	8.0484332e-06
2470	8.0485361e-06
2471	8.0486468e-06
2472	8.0487629e-06
2473	8.0488858e-06
2474	8.0490115e-06
2475	8.0488338e-06
2476	8.0486542e-06
2477	8.0484826e-06
2478	8.0483214e-06
2479	8.0481548e-06
2480	8.0482795e-06
2481	8.0481223e-06
2482	8.0479666e-06
2483	8.0478145e-06
2484	8.047665e-06
2485	8.0477646e-06
2486	8.0478759e-06
2487	8.0477106e-06
2488	8.0478385e-06
2489	8.0476546e-06
2490	8.0477905e-06
2491	8.0479181e-06
2492	8.0480425e-06
2493	8.0481533e-06
2494	8.0482601e-06
2495	8.0483585e-06
2496	8.0484471e-06
2497	8.0485242e-06
2498	8.0486119e-06
2499	8.0484911e-06
2500	8.0483561e-06
2501	8.0482138e-06
2502	8.0480692e-06
2503	8.0478871e-06
2504	8.0476973e-06
2505	8.0475112e-06
2506	8.0473414e-06
2507	8.0471833e-06
2508	8.0472948e-06
2509	8.0473955e-06
2510	8.0472348e-06
2511	8.0470914e-06
2512	8.0472058e-06
2513	8.0473165e-06
2514	8.0471466e-06
2515	8.0469639e-06
2516	8.0467834e-06
2517	8.0466159e-06
2518	8.0464606e-06
2519	8.0466024e-06
2520	8.0464388e-06
2521	8.0465516e-06
2522	8.0466426e-06
2523	8.0467727e-06
2524	8.0469049e-06
2525	8.0470397e-06
2526	8.0470446e-06
2527	8.0471483e-06
2528	8.0469846e-06
2529	8.0471038e-06
2530	8.0469242e-06
2531	8.0470496e-06
2532	8.0468642e-06
2533	8.046708e-06
2534	8.0468182e-06
2535	8.0469053e-06
2536	8.0468484e-06
2537	8.0469265e-06
2538	8.046985e-06
2539	8.04706e-06
2540	8.0471421e-06
2541	8.0470153e-06
2542	8.047124e-06
2543	8.0469479e-06
2544	8.046761e-06
2545	8.0465757e-06
2546	8.0464028e-06
2547	8.0465115e-06
2548	8.0465852e-06
2549	8.046627e-06
2550	8.0467366e-06
2551	8.046565e-06
2552	8.0466785e-06
2553	8.0467818e-06
2554	8.0466162e-06
2555	8.0464382e-06
2556	8.046257e-06
2557	8.0460868e-06
2558	8.046211e-06
2559	8.046338e-06
2560	8.0461787e-06
2561	8.046001e-06
2562	8.0461067e-06
2563	8.0460409e-06
2564	8.0459224e-06
2565	8.0458146e-06
2566	8.045892e-06
2567	8.0459637e-06
2568	8.0460543e-06
2569	8.0461667e-06
2570	8.0459868e-06
2571	8.0457941e-06
2572	8.0459172e-06
2573	8.0457334e-06
2574	8.0458481e-06
2575	8.0456877e-06
2576	8.045778e-06
2577	8.0458506e-06
2578	8.0457989e-06
2579	8.0458702e-06
2580	8.0457306e-06
2581	8.0458179e-06
2582	8.0459126e-06
2583	8.0460093e-06
2584	8.0458403e-06
2585	8.0456601e-06
2586	8.0457813e-06
2587	8.0458867e-06
2588	8.0459778e-06
2589	8.046056e-06
2590	8.0461409e-06
2591	8.0462462e-06
2592	8.0460762e-06
2593	8.0461817e-06
2594	8.0460121e-06
2595	8.0461167e-06
2596	8.0459468e-06
2597	8.0457726e-06
2598	8.045888e-06
2599	8.0460063e-06
2600	8.046127e-06
2601	8.0459535e-06
2602	8.0457718e-06
2603	8.0458671e-06
2604	8.0458529e-06
2605	8.0457258e-06
2606	8.0457915e-06
2607	8.0458166e-06
2608	8.0459051e-06
2609	8.0460002e-06
2610	8.0458312e-06
2611	8.0456496e-06
2612	8.0454626e-06
2613	8.0452717e-06
2614	8.0453866e-06
2615	8.0452225e-06
2616	8.0453185e-06
2617	8.0453923e-06
2618	8.0453073e-06
2619	8.0453778e-06
2620	8.0454437e-06
2621	8.0453084e-06
2622	8.0453907e-06
2623	8.0454806e-06
2624	8.0453152e-06
2625	8.0451364e-06
2626	8.0449562e-06
2627	8.0450703e-06
2628	8.0451664e-06
2629	8.0452527e-06
2630	8.0452803e-06
2631	8.0453688e-06
2632	8.0454645e-06
2633	8.0453141e-06
2634	8.0454073e-06
2635	8.0452503e-06
2636	8.0450763e-06
2637	8.0448973e-06
2638	8.0447229e-06
2639	8.0448385e-06
2640	8.0449548e-06
2641	8.0447897e-06
2642	8.044903e-06
2643	8.0449986e-06
2644	8.0449055e-06
2645	8.0448499e-06
2646	8.0449658e-06
2647	8.0450862e-06
2648	8.0452037e-06
2649	8.0452063e-06
2650	8.0452974e-06
2651	8.0454047e-06
2652	8.0452385e-06
2653	8.0450644e-06
2654	8.0448885e-06
2655	8.0447149e-06
2656	8.0445516e-06
2657	8.0446455e-06
2658	8.0445336e-06
2659	8.0446171e-06
2660	8.0446597e-06
2661	8.0447341e-06
2662	8.0445943e-06
2663	8.0446773e-06
2664	8.0447632e-06
2665	8.0446043e-06
2666	8.0444316e-06
2667	8.0445476e-06
2668	8.0446532e-06
2669	8.0447459e-06
2670	8.0448285e-06
2671	8.0449005e-06
2672	8.0449925e-06
2673	8.0450894e-06
2674	8.0451823e-06
2675	8.0450363e-06
2676	8.0448805e-06
2677	8.0447177e-06
2678	8.0445476e-06
2679	8.0446643e-06
2680	8.0447856e-06
2681	8.0449082e-06
2682	8.0450304e-06
2683	8.0451344e-06
2684	8.0452263e-06
2685	8.0452965e-06
2686	8.0451797e-06
2687	8.0450721e-06
2688	8.0451214e-06
2689	8.0451146e-06
2690	8.0452002e-06
2691	8.0452944e-06
2692	8.0454024e-06
2693	8.0452347e-06
2694	8.0450614e-06
2695	8.0448877e-06
2696	8.0447198e-06
2697	8.0445673e-06
2698	8.0444263e-06
2699	8.0442957e-06
2700	8.0443705e-06
2701	8.0444877e-06
2702	8.0445685e-06
2703	8.0446511e-06
2704	8.0445017e-06
2705	8.044593e-06
2706	8.044435e-06
2707	8.0445435e-06
2708	8.0446464e-06
2709	8.044449e-06
2710	8.0445442e-06
2711	8.0446262e-06
2712	8.0445546e-06
2713	8.0446495e-06
2714	8.0447433e-06
2715	8.0448313e-06
2716	8.0449222e-06
2717	8.04502e-06
2718	8.0451232e-06
2719	8.045228e-06
2720	8.0453329e-06
2721	8.0454477e-06
2722	8.0455613e-06
2723	8.0456814e-06
2724	8.0457872e-06
2725	8.0458786e-06
2726	8.0457698e-06
2727	8.0458191e-06
2728	8.0459304e-06
2729	8.046044e-06
2730	8.0461972e-06
2731	8.0462895e-06
2732	8.0463894e-06
2733	8.0464979e-06
2734	8.0466102e-06
2735	8.0467225e-06
2736	8.0468323e-06
2737	8.0469326e-06
2738	8.0470162e-06
2739	8.0470802e-06
2740	8.0471377e-06
2741	8.0472027e-06
2742	8.047264e-06
2743	8.0471375e-06
2744	8.0469966e-06
2745	8.0470838e-06
2746	8.0469278e-06
2747	8.046755e-06
2748	8.0465766e-06
2749	8.0466916e-06
2750	8.0467915e-06
2751	8.0468803e-06
2752	8.0469652e-06
2753	8.0470508e-06
2754	8.0471428e-06
2755	8.0472373e-06
2756	8.0473282e-06
2757	8.047423e-06
2758	8.0475252e-06
2759	8.0476318e-06
2760	8.0477385e-06
2761	8.0478431e-06
2762	8.0479464e-06
2763	8.048049e-06
2764	8.048152e-06
2765	8.0482428e-06
2766	8.0483183e-06
2767	8.0484716e-06
2768	8.0485926e-06
2769	8.0487197e-06
2770	8.0488452e-06
2771	8.0489099e-06
2772	8.049008e-06
2773	8.0491128e-06
2774	8.0492222e-06
2775	8.0493333e-06
2776	8.049442e-06
2777	8.0495452e-06
2778	8.0496346e-06
2779	8.0497128e-06
2780	8.0497433e-06
2781	8.0498058e-06
2782	8.0498271e-06
2783	8.0498931e-06
2784	8.0497686e-06
2785	8.0498407e-06
2786	8.0499304e-06
2787	8.0500284e-06
2788	8.0501307e-06
2789	8.0502297e-06
2790	8.0503307e-06
2791	8.0504304e-06
2792	8.0505308e-06
2793	8.0506221e-06
2794	8.0507146e-06
2795	8.0508122e-06
2796	8.0509076e-06
2797	8.0509995e-06
2798	8.0510952e-06
2799	8.051197e-06
2800	8.0513026e-06
2801	8.0514076e-06
2802	8.0515095e-06
2803	8.0516122e-06
2804	8.0517165e-06
2805	8.0515469e-06
2806	8.0516465e-06
2807	8.0517929e-06
2808	8.0519062e-06
2809	8.0520212e-06
2810	8.0521369e-06
2811	8.0522461e-06
2812	8.052383e-06
2813	8.0524787e-06
2814	8.0525754e-06
2815	8.0526857e-06
2816	8.0528048e-06
2817	8.0529253e-06
2818	8.0530366e-06
2819	8.053e-06
2820	8.0529018e-06
2821	8.0529897e-06
2822	8.0530972e-06
2823	8.0529943e-06
2824	8.0530623e-06
2825	8.053143e-06
2826	8.0532295e-06
2827	8.053323e-06
2828	8.0534214e-06
2829	8.0535234e-06
2830	8.0536244e-06
2831	8.0537217e-06
2832	8.053839e-06
2833	8.0539796e-06
2834	8.0538484e-06
2835	8.0539473e-06
2836	8.05383e-06
2837	8.0539243e-06
2838	8.0540183e-06
2839	8.0541211e-06
2840	8.0542382e-06
2841	8.054363e-06
2842	8.0544852e-06
2843	8.0545969e-06
2844	8.0547067e-06
2845	8.0545505e-06
2846	8.0546484e-06
2847	8.0547786e-06
2848	8.0548904e-06
2849	8.055006e-06
2850	8.0551273e-06
2851	8.0552508e-06
2852	8.0553681e-06
2853	8.0555119e-06
2854	8.0555868e-06
2855	8.055688e-06
2856	8.0557982e-06
2857	8.0559124e-06
2858	8.0560243e-06
2859	8.0561157e-06
2860	8.0559923e-06
2861	8.0561185e-06
2862	8.0562303e-06
2863	8.0563225e-06
2864	8.0564159e-06
2865	8.0565255e-06
2866	8.0566275e-06
2867	8.056719e-06
2868	8.0568182e-06
2869	8.0569182e-06
2870	8.0570186e-06
2871	8.0568509e-06
2872	8.0569535e-06
2873	8.057056e-06
2874	8.0569259e-06
2875	8.0567948e-06
2876	8.056662e-06
2877	8.0567648e-06
2878	8.0568663e-06
2879	8.0569949e-06
2880	8.0571177e-06
2881	8.0572302e-06
2882	8.0573449e-06
2883	8.0571843e-06
2884	8.0572904e-06
2885	8.0571311e-06
2886	8.0572383e-06
2887	8.0573618e-06
2888	8.0574824e-06
2889	8.0576114e-06
2890	8.0577462e-06
2891	8.057853e-06
2892	8.0579818e-06
2893	8.058107e-06
2894	8.0579796e-06
2895	8.0580849e-06
2896	8.0581922e-06
2897	8.0580377e-06
2898	8.05816e-06
2899	8.0582726e-06
2900	8.0584076e-06
2901	8.0585246e-06
2902	8.0584099e-06
2903	8.0585138e-06
2904	8.0586004e-06
2905	8.0586855e-06
2906	8.0587914e-06
2907	8.0588931e-06
2908	8.0590045e-06
2909	8.0591194e-06
2910	8.0592477e-06
2911	8.0590866e-06
2912	8.0591991e-06
2913	8.0593358e-06
2914	8.0592033e-06
2915	8.0593472e-06
2916	8.0594803e-06
2917	8.0596094e-06
2918	8.0597301e-06
2919	8.0598412e-06
2920	8.0599653e-06
2921	8.0600623e-06
2922	8.0601769e-06
2923	8.0602985e-06
2924	8.0604178e-06
2925	8.0602604e-06
2926	8.0603743e-06
2927	8.0602316e-06
2928	8.0603407e-06
2929	8.0604654e-06
2930	8.0605962e-06
2931	8.0607311e-06
2932	8.0608321e-06
2933	8.0609615e-06
2934	8.0610918e-06
2935	8.0609667e-06
2936	8.0610848e-06
2937	8.0611965e-06
2938	8.0613361e-06
2939	8.0614521e-06
2940	8.0615285e-06
2941	8.0614123e-06
2942	8.0615382e-06
2943	8.0616444e-06
2944	8.0617445e-06
2945	8.0618397e-06
2946	8.0619319e-06
2947	8.0620499e-06
2948	8.0621681e-06
2949	8.0620742e-06
2950	8.0621913e-06
2951	8.0623127e-06
2952	8.0624375e-06
2953	8.0625613e-06
2954	8.0624931e-06
2955	8.0624045e-06
2956	8.0625626e-06
2957	8.0627025e-06
2958	8.0628387e-06
2959	8.062969e-06
2960	8.0630925e-06
2961	8.0632449e-06
2962	8.0632277e-06
2963	8.0633541e-06
2964	8.0634826e-06
2965	8.063328e-06
2966	8.0634621e-06
2967	8.0635882e-06
2968	8.0634838e-06
2969	8.0633746e-06
2970	8.0635071e-06
2971	8.063649e-06
2972	8.0637596e-06
2973	8.0638648e-06
2974	8.0640046e-06
2975	8.0641495e-06
2976	8.0642836e-06
2977	8.0644533e-06
2978	8.0646236e-06
2979	8.0647878e-06
2980	8.0649441e-06
2981	8.0648285e-06
2982	8.0649527e-06
2983	8.0650563e-06
2984	8.0651594e-06
2985	8.0652622e-06
2986	8.0653649e-06
2987	8.0654672e-06
2988	8.0655659e-06
2989	8.0656917e-06
2990	8.0655924e-06
2991	8.0657178e-06
2992	8.0658808e-06
2993	8.0660586e-06
2994	8.0662432e-06
2995	8.0661227e-06
2996	8.066015e-06
2997	8.0658906e-06
2998	8.0660285e-06
2999	8.0661745e-06
3000	8.0662842e-06
3001	8.0664166e-06
3002	8.0665474e-06
3003	8.066462e-06
3004	8.0665932e-06
3005	8.0667377e-06
3006	8.0668913e-06
3007	8.0670434e-06
3008	8.0669502e-06
3009	8.0670544e-06
3010	8.0671984e-06
3011	8.0673166e-06
3012	8.0672007e-06
3013	8.0673093e-06
3014	8.0674228e-06
3015	8.0675793e-06
3016	8.0677413e-06
3017	8.06789e-06
3018	8.0680366e-06
3019	8.0679169e-06
3020	8.0680606e-06
3021	8.0679397e-06
3022	8.0678334e-06
3023	8.0677214e-06
3024	8.0678334e-06
3025	8.0679494e-06
3026	8.0680675e-06
3027	8.0679745e-06
3028	8.0680808e-06
3029	8.0681905e-06
3030	8.0682988e-06
3031	8.0684397e-06
3032	8.0685876e-06
3033	8.068475e-06
3034	8.0686122e-06
3035	8.0685074e-06
3036	8.068405e-06
3037	8.0685513e-06
3038	8.068713e-06
3039	8.0688392e-06
3040	8.0687217e-06
3041	8.0688639e-06
3042	8.0690147e-06
3043	8.0691677e-06
3044	8.0693168e-06
3045	8.0692145e-06
3046	8.0693502e-06
3047	8.0692447e-06
3048	8.0693765e-06
3049	8.0692704e-06
3050	8.0691588e-06
3051	8.0690404e-06
3052	8.068924e-06
3053	8.0690432e-06
3054	8.0691657e-06
3055	8.0692911e-06
3056	8.069179e-06
3057	8.0693308e-06
3058	8.069485e-06
3059	8.0696418e-06
3060	8.0697966e-06
3061	8.0696806e-06
3062	8.0698164e-06
3063	8.0699662e-06
3064	8.0700884e-06
3065	8.0702073e-06
3066	8.0703259e-06
3067	8.0704448e-06
3068	8.0703556e-06
3069	8.0704632e-06
3070	8.0705761e-06
3071	8.070475e-06
3072	8.0703838e-06
3073	8.0703104e-06
3074	8.0702155e-06
3075	8.0701352e-06
3076	8.0700445e-06
3077	8.0699319e-06
3078	8.0700951e-06
3079	8.0702298e-06
3080	8.0701099e-06
3081	8.0700032e-06
3082	8.0701512e-06
3083	8.0700466e-06
3084	8.0699743e-06
3085	8.070097e-06
3086	8.0700081e-06
3087	8.0701358e-06
3088	8.0700458e-06
3089	8.0701715e-06
3090	8.0700847e-06
3091	8.070237e-06
3092	8.0703666e-06
3093	8.0704957e-06
3094	8.0706239e-06
3095	8.0707527e-06
3096	8.0708827e-06
3097	8.0707756e-06
3098	8.0709294e-06
3099	8.0710897e-06
3100	8.0712526e-06
3101	8.071413e-06
3102	8.0713012e-06
3103	8.0712521e-06
3104	8.0713999e-06
3105	8.0715354e-06
3106	8.0714343e-06
3107	8.0713432e-06
3108	8.0714604e-06
3109	8.0713732e-06
3110	8.0714852e-06
3111	8.0716e-06
3112	8.0715058e-06
3113	8.0714471e-06
3114	8.0714006e-06
3115	8.071363e-06
3116	8.0712842e-06
3117	8.0712015e-06
3118	8.0713543e-06
3119	8.0712457e-06
3120	8.0711389e-06
3121	8.0710356e-06
3122	8.0709309e-06
3123	8.0708363e-06
3124	8.0707504e-06
3125	8.0708585e-06
3126	8.0707712e-06
3127	8.07091e-06
3128	8.0708232e-06
3129	8.0709505e-06
3130	8.0708722e-06
3131	8.0709911e-06
3132	8.070886e-06
3133	8.0707726e-06
3134	8.0709049e-06
3135	8.0710392e-06
3136	8.0711733e-06
3137	8.0713066e-06
3138	8.0712029e-06
3139	8.0711024e-06
3140	8.0710421e-06
3141	8.0709596e-06
3142	8.0708749e-06
3143	8.0707843e-06
3144	8.0709389e-06
3145	8.0710684e-06
3146	8.0712007e-06
3147	8.0711115e-06
3148	8.0710288e-06
3149	8.0709493e-06
3150	8.0708713e-06
3151	8.0709899e-06
3152	8.0711132e-06
3153	8.0710132e-06
3154	8.0711633e-06
3155	8.0713264e-06
3156	8.0712198e-06
3157	8.0711332e-06
3158	8.0710451e-06
3159	8.0712067e-06
3160	8.0711001e-06
3161	8.0709935e-06
3162	8.0708868e-06
3163	8.0710143e-06
3164	8.0711445e-06
3165	8.0710441e-06
3166	8.0709553e-06
3167	8.0710741e-06
3168	8.0709751e-06
3169	8.0709115e-06
3170	8.0708898e-06
3171	8.0708053e-06
3172	8.070713e-06
3173	8.0706069e-06
3174	8.0707389e-06
3175	8.0708735e-06
3176	8.0710082e-06
3177	8.0711432e-06
3178	8.0712774e-06
3179	8.0711798e-06
3180	8.07108e-06
3181	8.0709845e-06
3182	8.0708915e-06
3183	8.0707952e-06
3184	8.0706968e-06
3185	8.0708497e-06
3186	8.0709801e-06
3187	8.0711121e-06
3188	8.0710289e-06
3189	8.070952e-06
3190	8.0708782e-06
3191	8.0709967e-06
3192	8.0711199e-06
3193	8.0712434e-06
3194	8.0711491e-06
3195	8.0710517e-06
3196	8.0709629e-06
3197	8.0708796e-06
3198	8.0707917e-06
3199	8.0706936e-06
3200	8.0706004e-06
3201	8.0705037e-06
3202	8.0704043e-06
3203	8.0703048e-06
3204	8.0702062e-06
3205	8.0701192e-06
3206	8.0702662e-06
3207	8.0704256e-06
3208	8.0703177e-06
3209	8.0704305e-06
3210	8.0703372e-06
3211	8.0702807e-06
3212	8.070307e-06
3213	8.070201e-06
3214	8.0700994e-06
3215	8.0699987e-06
3216	8.0698972e-06
3217	8.0700244e-06
3218	8.0699261e-06
3219	8.0698315e-06
3220	8.069989e-06
3221	8.0701502e-06
3222	8.0703142e-06
3223	8.0701989e-06
3224	8.0703145e-06
3225	8.0702027e-06
3226	8.0703541e-06
3227	8.0704868e-06
3228	8.070619e-06
3229	8.0705378e-06
3230	8.0704648e-06
3231	8.0705805e-06
3232	8.0707017e-06
3233	8.0708216e-06
3234	8.0707361e-06
3235	8.0706482e-06
3236	8.0705682e-06
3237	8.070487e-06
3238	8.0703815e-06
3239	8.070293e-06
3240	8.070194e-06
3241	8.0703546e-06
3242	8.0702552e-06
3243	8.07016e-06
3244	8.0700683e-06
3245	8.0699807e-06
3246	8.0701272e-06
3247	8.0700426e-06
3248	8.0699614e-06
3249	8.0700754e-06
3250	8.069978e-06
3251	8.0699193e-06
3252	8.0697697e-06
3253	8.0696036e-06
3254	8.0695056e-06
3255	8.0694111e-06
3256	8.0693121e-06
3257	8.0692094e-06
3258	8.0691066e-06
3259	8.0690063e-06
3260	8.0689153e-06
3261	8.068813e-06
3262	8.0687229e-06
3263	8.0686485e-06
3264	8.0685968e-06
3265	8.0685328e-06
3266	8.0684439e-06
3267	8.068345e-06
3268	8.0682507e-06
3269	8.0683685e-06
3270	8.0682956e-06
3271	8.0684088e-06
3272	8.0683406e-06
3273	8.0682628e-06
3274	8.0681926e-06
3275	8.068111e-06
3276	8.0680328e-06
3277	8.0679593e-06
3278	8.0679001e-06
3279	8.0678083e-06
3280	8.067726e-06
3281	8.0676277e-06
3282	8.0677809e-06
3283	8.0676842e-06
3284	8.0675938e-06
3285	8.0675069e-06
3286	8.0674273e-06
3287	8.067334e-06
3288	8.0672554e-06
3289	8.0673503e-06
3290	8.0672535e-06
3291	8.0670777e-06
3292	8.0672051e-06
3293	8.067104e-06
3294	8.0670244e-06
3295	8.0669131e-06
3296	8.0668186e-06
3297	8.0667254e-06
3298	8.0666305e-06
3299	8.0665356e-06
3300	8.0664428e-06
3301	8.0663586e-06
3302	8.066261e-06
3303	8.0661617e-06
3304	8.0660732e-06
3305	8.0659917e-06
3306	8.0659096e-06
3307	8.0658094e-06
3308	8.0657261e-06
3309	8.0656353e-06
3310	8.0657485e-06
3311	8.0656779e-06
3312	8.065612e-06
3313	8.0657167e-06
3314	8.0656312e-06
3315	8.0655555e-06
3316	8.0654675e-06
3317	8.0653815e-06
3318	8.0652953e-06
3319	8.0651942e-06
3320	8.0651047e-06
3321	8.0650147e-06
3322	8.0649072e-06
3323	8.0648101e-06
3324	8.0647103e-06
3325	8.0646116e-06
3326	8.0645146e-06
3327	8.0644269e-06
3328	8.0645604e-06
3329	8.0647052e-06
3330	8.0645894e-06
3331	8.0647116e-06
3332	8.0646065e-06
3333	8.0644491e-06
3334	8.0645538e-06
3335	8.0644395e-06
3336	8.0643433e-06
3337	8.0642463e-06
3338	8.0641471e-06
3339	8.064047e-06
3340	8.0639452e-06
3341	8.0638499e-06
3342	8.063994e-06
3343	8.0638804e-06
3344	8.0637874e-06
3345	8.0639102e-06
3346	8.0637896e-06
3347	8.0639087e-06
3348	8.064043e-06
3349	8.0639455e-06
3350	8.0638479e-06
3351	8.063955e-06
3352	8.0638809e-06
3353	8.0639863e-06
3354	8.0640942e-06
3355	8.0640044e-06
3356	8.0639115e-06
3357	8.0640262e-06
3358	8.063907e-06
3359	8.0637415e-06
3360	8.0638737e-06
3361	8.0637531e-06
3362	8.0636457e-06
3363	8.0637846e-06
3364	8.0636821e-06
3365	8.0638226e-06
3366	8.06372e-06
3367	8.0636277e-06
3368	8.0637522e-06
3369	8.0638899e-06
3370	8.06403e-06
3371	8.0639099e-06
3372	8.0637819e-06
3373	8.0636571e-06
3374	8.0637819e-06
3375	8.0636749e-06
3376	8.0635659e-06
3377	8.0636988e-06
3378	8.0635915e-06
3379	8.0634838e-06
3380	8.0633759e-06
3381	8.0632669e-06
3382	8.0631667e-06
3383	8.0630446e-06
3384	8.0629033e-06
3385	8.0630411e-06
3386	8.0629114e-06
3387	8.0627878e-06
3388	8.0626638e-06
3389	8.0627798e-06
3390	8.0626734e-06
3391	8.0625659e-06
3392	8.0626708e-06
3393	8.0627821e-06
3394	8.0626993e-06
3395	8.0626063e-06
3396	8.0625081e-06
3397	8.0623941e-06
3398	8.0622741e-06
3399	8.0621511e-06
3400	8.0622878e-06
3401	8.0621629e-06
3402	8.0620059e-06
3403	8.0621137e-06
3404	8.0620074e-06
3405	8.0621476e-06
3406	8.0620339e-06
3407	8.0621619e-06
3408	8.0620554e-06
3409	8.0619474e-06
3410	8.0618264e-06
3411	8.0616949e-06
3412	8.0615576e-06
3413	8.0614208e-06
3414	8.0612868e-06
3415	8.0611491e-06
3416	8.0610137e-06
3417	8.0611361e-06
3418	8.0610214e-06
3419	8.0609075e-06
3420	8.0607917e-06
3421	8.060672e-06
3422	8.0605539e-06
3423	8.0606944e-06
3424	8.0608362e-06
3425	8.0607022e-06
3426	8.060567e-06
3427	8.0604252e-06
3428	8.0602836e-06
3429	8.0601488e-06
3430	8.0602702e-06
3431	8.0601502e-06
3432	8.0602591e-06
3433	8.0601626e-06
3434	8.0602686e-06
3435	8.0601777e-06
3436	8.0600834e-06
3437	8.0599648e-06
3438	8.0600765e-06
3439	8.0601874e-06
3440	8.0600819e-06
3441	8.0599437e-06
3442	8.0598002e-06
3443	8.0599402e-06
3444	8.0600855e-06
3445	8.0599628e-06
3446	8.0600948e-06
3447	8.0599755e-06
3448	8.0600978e-06
3449	8.059985e-06
3450	8.0598661e-06
3451	8.0597251e-06
3452	8.0595742e-06
3453	8.0594179e-06
3454	8.0592635e-06
3455	8.0591104e-06
3456	8.0589539e-06
3457	8.0588022e-06
3458	8.0586732e-06
3459	8.058807e-06
3460	8.0586781e-06
3461	8.0585499e-06
3462	8.0584218e-06
3463	8.058301e-06
3464	8.0584338e-06
3465	8.0582948e-06
3466	8.0581488e-06
3467	8.0579924e-06
3468	8.0578294e-06
3469	8.0576668e-06
3470	8.0577986e-06
3471	8.0579353e-06
3472	8.0580521e-06
3473	8.0581657e-06
3474	8.0580651e-06
3475	8.0581633e-06
3476	8.0582679e-06
3477	8.0581573e-06
3478	8.0582708e-06
3479	8.0583805e-06
3480	8.0582466e-06
3481	8.0580888e-06
3482	8.0579212e-06
3483	8.05776e-06
3484	8.0576131e-06
3485	8.05773e-06
3486	8.0578807e-06
3487	8.0577456e-06
3488	8.0576149e-06
3489	8.0574845e-06
3490	8.0573522e-06
3491	8.0572081e-06
3492	8.0573326e-06
3493	8.0571853e-06
3494	8.0570189e-06
3495	8.0568452e-06
3496	8.05667e-06
3497	8.056498e-06
3498	8.0563307e-06
3499	8.0561875e-06
3500	8.0563144e-06
3501	8.0561815e-06
3502	8.0560472e-06
3503	8.0559145e-06
3504	8.0560554e-06
3505	8.0562067e-06
3506	8.0560816e-06
3507	8.0559185e-06
3508	8.0560596e-06
3509	8.0558973e-06
3510	8.0560381e-06
3511	8.0558839e-06
3512	8.0557358e-06
3513	8.0558413e-06
3514	8.0559502e-06
3515	8.056061e-06
3516	8.0559595e-06
3517	8.0560608e-06
3518	8.0561556e-06
3519	8.0562643e-06
3520	8.0563826e-06
3521	8.0565041e-06
3522	8.0563437e-06
3523	8.0561655e-06
3524	8.0559895e-06
3525	8.055827e-06
3526	8.0556786e-06
3527	8.0557988e-06
3528	8.0559443e-06
3529	8.0560898e-06
3530	8.0559653e-06
3531	8.0560818e-06
3532	8.0559315e-06
3533	8.0560626e-06
3534	8.0558953e-06
3535	8.0560316e-06
3536	8.0558648e-06
3537	8.0556837e-06
3538	8.0558119e-06
3539	8.0556519e-06
3540	8.0554985e-06
3541	8.0553537e-06
3542	8.0554893e-06
3543	8.0556087e-06
3544	8.0557275e-06
3545	8.0555995e-06
3546	8.0554442e-06
3547	8.055278e-06
3548	8.0554184e-06
3549	8.0555498e-06
3550	8.0556799e-06
3551	8.0558108e-06
3552	8.0559324e-06
3553	8.0558023e-06
3554	8.055914e-06
3555	8.0560182e-06
3556	8.0561239e-06
3557	8.0562277e-06
3558	8.0563125e-06
3559	8.0564227e-06
3560	8.0565432e-06
3561	8.0566685e-06
3562	8.0567935e-06
3563	8.056622e-06
3564	8.0564356e-06
3565	8.0562532e-06
3566	8.0560828e-06
3567	8.0559216e-06
3568	8.0557658e-06
3569	8.0558849e-06
3570	8.0557649e-06
3571	8.0558797e-06
3572	8.0559872e-06
3573	8.0561021e-06
3574	8.0562265e-06
3575	8.0560505e-06
3576	8.056188e-06
3577	8.0560098e-06
3578	8.056137e-06
3579	8.0559655e-06
3580	8.0560975e-06
3581	8.0560238e-06
3582	8.0558983e-06
3583	8.0560339e-06
3584	8.0561488e-06
3585	8.0560116e-06
3586	8.0558557e-06
3587	8.0559739e-06
3588	8.0558117e-06
3589	8.0559516e-06
3590	8.056088e-06
3591	8.0562236e-06
3592	8.0563565e-06
3593	8.0564756e-06
3594	8.0563499e-06
3595	8.0564669e-06
3596	8.0563483e-06
3597	8.0562344e-06
3598	8.0561161e-06
3599	8.0559939e-06
3600	8.0558684e-06
3601	8.0557401e-06
3602	8.0558695e-06
3603	8.0559948e-06
3604	8.0558198e-06
3605	8.0559526e-06
3606	8.0557855e-06
3607	8.055903e-06
3608	8.0560103e-06
3609	8.0558621e-06
3610	8.0559857e-06
3611	8.055845e-06
3612	8.0559657e-06
3613	8.056076e-06
3614	8.0561936e-06
3615	8.0563192e-06
3616	8.0564481e-06
3617	8.0565734e-06
3618	8.0566933e-06
3619	8.0565155e-06
3620	8.0566428e-06
3621	8.0567612e-06
3622	8.0568945e-06
3623	8.0570388e-06
3624	8.0571497e-06
3625	8.0572592e-06
3626	8.0571325e-06
3627	8.0572455e-06
3628	8.0573796e-06
3629	8.0575021e-06
3630	8.0576293e-06
3631	8.0577589e-06
3632	8.0578919e-06
3633	8.0580204e-06
3634	8.0581293e-06
3635	8.0582231e-06
3636	8.0583473e-06
3637	8.0582327e-06
3638	8.0581151e-06
3639	8.0582009e-06
3640	8.0583062e-06
3641	8.0584175e-06
3642	8.0585358e-06
3643	8.0586572e-06
3644	8.0587813e-06
3645	8.0589043e-06
3646	8.0587333e-06
3647	8.0588519e-06
3648	8.0587009e-06
3649	8.0588101e-06
3650	8.0586828e-06
3651	8.0587962e-06
3652	8.0589024e-06
3653	8.0587747e-06
3654	8.0588908e-06
3655	8.059008e-06
3656	8.0591274e-06
3657	8.0592488e-06
3658	8.059366e-06
3659	8.0591891e-06
3660	8.0593126e-06
3661	8.0591385e-06
3662	8.0592552e-06
3663	8.0593909e-06
3664	8.0592559e-06
3665	8.059135e-06
3666	8.0590167e-06
3667	8.0589351e-06
3668	8.0590605e-06
3669	8.0591597e-06
3670	8.0590006e-06
3671	8.0591299e-06
3672	8.0592532e-06
3673	8.0593722e-06
3674	8.059484e-06
3675	8.0595959e-06
3676	8.0597264e-06
3677	8.0598269e-06
3678	8.0599252e-06
3679	8.0600223e-06
3680	8.0600725e-06
3681	8.06017e-06
3682	8.060275e-06
3683	8.0603848e-06
3684	8.060497e-06
3685	8.0606119e-06
3686	8.0604397e-06
3687	8.0605577e-06
3688	8.0603994e-06
3689	8.0605056e-06
3690	8.0603619e-06
3691	8.0604688e-06
3692	8.0605902e-06
3693	8.0605078e-06
3694	8.0606125e-06
3695	8.0607162e-06
3696	8.0608277e-06
3697	8.0609447e-06
3698	8.0610629e-06
3699	8.0611759e-06
3700	8.0612876e-06
3701	8.0613983e-06
3702	8.0615082e-06
3703	8.061629e-06
3704	8.0617612e-06
3705	8.0616311e-06
3706	8.0617622e-06
3707	8.0616272e-06
3708	8.0614868e-06
3709	8.061592e-06
3710	8.0617186e-06
3711	8.0618301e-06
3712	8.0619464e-06
3713	8.062065e-06
3714	8.0621819e-06
3715	8.0622885e-06
3716	8.0624091e-06
3717	8.0622825e-06
3718	8.0623668e-06
3719	8.0624603e-06
3720	8.0625543e-06
3721	8.0626741e-06
3722	8.0627675e-06
3723	8.0628731e-06
3724	8.0629837e-06
3725	8.0630976e-06
3726	8.0632116e-06
3727	8.0630359e-06
3728	8.0631497e-06
3729	8.0629921e-06
3730	8.0628311e-06
3731	8.0626699e-06
3732	8.0627749e-06
3733	8.0626891e-06
3734	8.0627839e-06
3735	8.062874e-06
3736	8.0629755e-06
3737	8.0630868e-06
3738	8.0632019e-06
3739	8.0633152e-06
3740	8.0631337e-06
3741	8.0632506e-06
3742	8.0630723e-06
3743	8.0631884e-06
3744	8.0630735e-06
3745	8.0631578e-06
3746	8.0630302e-06
3747	8.0629108e-06
3748	8.0630407e-06
3749	8.0629155e-06
3750	8.0627639e-06
3751	8.0628709e-06
3752	8.0629805e-06
3753	8.0630916e-06
3754	8.0632052e-06
3755	8.0633164e-06
3756	8.0634179e-06
3757	8.0632882e-06
3758	8.0633811e-06
3759	8.0632654e-06
3760	8.06334e-06
3761	8.0632351e-06
3762	8.0633305e-06
3763	8.0634218e-06
3764	8.0635187e-06
3765	8.0636219e-06
3766	8.0637314e-06
3767	8.0635551e-06
3768	8.0633635e-06
3769	8.0631757e-06
3770	8.0629979e-06
3771	8.0628291e-06
3772	8.0626661e-06
3773	8.0627698e-06
3774	8.0628146e-06
3775	8.0629209e-06
3776	8.0630126e-06
3777	8.0631161e-06
3778	8.0632268e-06
3779	8.0633398e-06
3780	8.0631544e-06
3781	8.063272e-06
3782	8.063089e-06
3783	8.0632013e-06
3784	8.0630326e-06
3785	8.0631301e-06
3786	8.0632623e-06
3787	8.0631262e-06
3788	8.0632593e-06
3789	8.0631281e-06
3790	8.0629803e-06
3791	8.0628226e-06
3792	8.062935e-06
3793	8.0627621e-06
3794	8.0628855e-06
3795	8.0630005e-06
3796	8.0631081e-06
3797	8.0629506e-06
3798	8.063055e-06
3799	8.0629444e-06
3800	8.0630254e-06
3801	8.0629131e-06
3802	8.0630059e-06
3803	8.0630896e-06
3804	8.0631815e-06
3805	8.0632806e-06
3806	8.0633867e-06
3807	8.0634967e-06
3808	8.0633252e-06
3809	8.0631396e-06
3810	8.0629596e-06
3811	8.0627929e-06
3812	8.0626374e-06
3813	8.0624868e-06
3814	8.0623333e-06
3815	8.0624369e-06
3816	8.0625229e-06
3817	8.0626466e-06
3818	8.0627531e-06
3819	8.0628651e-06
3820	8.0626877e-06
3821	8.0628093e-06
3822	8.0626334e-06
3823	8.0627495e-06
3824	8.0625853e-06
3825	8.0624252e-06
3826	8.0622807e-06
3827	8.062275e-06
3828	8.062142e-06
3829	8.0620131e-06
3830	8.0621347e-06
3831	8.0622642e-06
3832	8.0621139e-06
3833	8.0622295e-06
3834	8.062067e-06
3835	8.0621912e-06
3836	8.0620257e-06
3837	8.0621462e-06
3838	8.0622535e-06
3839	8.062126e-06
3840	8.0620062e-06
3841	8.0620927e-06
3842	8.0621834e-06
3843	8.0622701e-06
3844	8.0622633e-06
3845	8.0623635e-06
3846	8.0624668e-06
3847	8.0625752e-06
3848	8.0624209e-06
3849	8.0622426e-06
3850	8.0620665e-06
3851	8.0619038e-06
3852	8.0617564e-06
3853	8.0618793e-06
3854	8.0620096e-06
3855	8.0621359e-06
3856	8.0622566e-06
3857	8.0621289e-06
3858	8.0622434e-06
3859	8.0623562e-06
3860	8.0621993e-06
3861	8.0623255e-06
3862	8.0621564e-06
3863	8.0622792e-06
3864	8.0621186e-06
3865	8.0619466e-06
3866	8.0617979e-06
3867	8.0619125e-06
3868	8.061779e-06
3869	8.0616476e-06
3870	8.0615172e-06
3871	8.0616421e-06
3872	8.0617767e-06
3873	8.0616359e-06
3874	8.061758e-06
3875	8.0616021e-06
3876	8.0617303e-06
3877	8.0615728e-06
3878	8.0616947e-06
3879	8.0618095e-06
3880	8.0616807e-06
3881	8.0617883e-06
3882	8.0618868e-06
3883	8.061985e-06
3884	8.0618687e-06
3885	8.0619765e-06
3886	8.0620768e-06
3887	8.0619398e-06
3888	8.0620623e-06
3889	8.0619106e-06
3890	8.06174e-06
3891	8.0615727e-06
3892	8.0614181e-06
3893	8.0615581e-06
3894	8.0617034e-06
3895	8.0615704e-06
3896	8.0614379e-06
3897	8.0612996e-06
3898	8.0614131e-06
3899	8.0615524e-06
3900	8.0614093e-06
3901	8.0615408e-06
3902	8.0613728e-06
3903	8.0615042e-06
3904	8.0613453e-06
3905	8.0614722e-06
3906	8.0613277e-06
3907	8.0614589e-06
3908	8.0613281e-06
3909	8.0612049e-06
3910	8.0610769e-06
3911	8.0609476e-06
3912	8.0610849e-06
3913	8.0612326e-06
3914	8.0611087e-06
3915	8.0609494e-06
3916	8.0610854e-06
3917	8.0609338e-06
3918	8.0610662e-06
3919	8.0609295e-06
3920	8.060806e-06
3921	8.0609358e-06
3922	8.0610521e-06
3923	8.0611684e-06
3924	8.0612814e-06
3925	8.0613881e-06
3926	8.0612843e-06
3927	8.0614013e-06
3928	8.0615167e-06
3929	8.0613757e-06
3930	8.0612103e-06
3931	8.0610378e-06
3932	8.0608739e-06
3933	8.0607248e-06
3934	8.0606467e-06
3935	8.0607872e-06
3936	8.0606525e-06
3937	8.060771e-06
3938	8.0609191e-06
3939	8.0610694e-06
3940	8.0612017e-06
3941	8.0610519e-06
3942	8.0611943e-06
3943	8.0610305e-06
3944	8.0611701e-06
3945	8.0610155e-06
3946	8.0611482e-06
3947	8.0612829e-06
3948	8.061151e-06
3949	8.061028e-06
3950	8.0609001e-06
3951	8.0610237e-06
3952	8.0611527e-06
3953	8.0610121e-06
3954	8.0611548e-06
3955	8.0612907e-06
3956	8.0614478e-06
3957	8.0612996e-06
3958	8.0614444e-06
3959	8.0612932e-06
3960	8.0614223e-06
3961	8.0612885e-06
3962	8.061407e-06
3963	8.0615333e-06
3964	8.0614279e-06
3965	8.0615393e-06
3966	8.0616557e-06
3967	8.0617696e-06
3968	8.0616916e-06
3969	8.0618238e-06
3970	8.0616844e-06
3971	8.0615221e-06
3972	8.0613548e-06
3973	8.0611961e-06
3974	8.0613515e-06
3975	8.061215e-06
3976	8.0613734e-06
3977	8.0612341e-06
3978	8.0613763e-06
3979	8.0612454e-06
3980	8.0611084e-06
3981	8.0612506e-06
3982	8.0614126e-06
3983	8.0615787e-06
3984	8.0614282e-06
3985	8.0615733e-06
3986	8.0614283e-06
3987	8.0612689e-06
3988	8.0611246e-06
3989	8.0612804e-06
3990	8.0614203e-06
3991	8.0615607e-06
3992	8.0617007e-06
3993	8.061839e-06
3994	8.0616978e-06
3995	8.061845e-06
3996	8.0617052e-06
3997	8.0615512e-06
3998	8.0617029e-06
3999	8.0618294e-06
4000	8.0619684e-06
4001	8.062109e-06
4002	8.0622425e-06
4003	8.062379e-06
4004	8.0622697e-06
4005	8.0623916e-06
4006	8.0622888e-06
4007	8.062403e-06
4008	8.0625211e-06
4009	8.0624063e-06
4010	8.0625402e-06
4011	8.0624033e-06
4012	8.0622511e-06
4013	8.0620972e-06
4014	8.0622706e-06
4015	8.0621378e-06
4016	8.0620098e-06
4017	8.0621696e-06
4018	8.0623077e-06
4019	8.0624433e-06
4020	8.0625742e-06
4021	8.0624494e-06
4022	8.0625896e-06
4023	8.0627242e-06
4024	8.0628828e-06
4025	8.0628384e-06
4026	8.0626864e-06
4027	8.0625249e-06
4028	8.0623665e-06
4029	8.0625219e-06
4030	8.0626641e-06
4031	8.0628071e-06
4032	8.062953e-06
4033	8.0631013e-06
4034	8.0632497e-06
4035	8.0633929e-06
4036	8.0635602e-06
4037	8.0637279e-06
4038	8.0638906e-06
4039	8.0640471e-06
4040	8.0642007e-06
4041	8.0643601e-06
4042	8.0642277e-06
4043	8.0643591e-06
4044	8.0644994e-06
4045	8.0643892e-06
4046	8.0642889e-06
4047	8.064412e-06
4048	8.0645438e-06
4049	8.0646722e-06
4050	8.0645593e-06
4051	8.0646944e-06
4052	8.0645645e-06
4053	8.0644092e-06
4054	8.064255e-06
4055	8.0644176e-06
4056	8.0642821e-06
4057	8.0641536e-06
4058	8.0640284e-06
4059	8.0641935e-06
4060	8.0643347e-06
4061	8.06447e-06
4062	8.0646349e-06
4063	8.0647949e-06
4064	8.0648827e-06
4065	8.0647314e-06
4066	8.0648778e-06
4067	8.0650177e-06
4068	8.0649027e-06
4069	8.0647588e-06
4070	8.0649196e-06
4071	8.0650637e-06
4072	8.0652085e-06
4073	8.0653528e-06
4074	8.065497e-06
4075	8.0656403e-06
4076	8.0655073e-06
4077	8.0654139e-06
4078	8.0652678e-06
4079	8.0651122e-06
4080	8.0649515e-06
4081	8.064792e-06
4082	8.0646492e-06
4083	8.0645297e-06
4084	8.0646591e-06
4085	8.0647962e-06
4086	8.0646935e-06
4087	8.0648186e-06
4088	8.0649471e-06
4089	8.0650741e-06
4090	8.0649675e-06
4091	8.065097e-06
4092	8.0651054e-06
4093	8.065262e-06
4094	8.0651646e-06
4095	8.0653327e-06
4096	8.0654924e-06
4097	8.0653655e-06
4098	8.0655285e-06
4099	8.0653962e-06
4100	8.0655573e-06
4101	8.0656892e-06
4102	8.0655706e-06
4103	8.0654421e-06
4104	8.0652997e-06
4105	8.0651482e-06
4106	8.0649977e-06
4107	8.064851e-06
4108	8.0647074e-06
4109	8.0645663e-06
4110	8.0644641e-06
4111	8.0643419e-06
4112	8.0642152e-06
4113	8.0643488e-06
4114	8.0644878e-06
4115	8.064627e-06
4116	8.064764e-06
4117	8.0646408e-06
4118	8.0645382e-06
4119	8.064699e-06
4120	8.0648613e-06
4121	8.0650267e-06
4122	8.0651904e-06
4123	8.0650795e-06
4124	8.0649629e-06
4125	8.0650881e-06
4126	8.0649946e-06
4127	8.065118e-06
4128	8.0650281e-06
4129	8.0651454e-06
4130	8.0652649e-06
4131	8.0651602e-06
4132	8.0652907e-06
4133	8.0654394e-06
4134	8.0655959e-06
4135	8.0654573e-06
4136	8.065611e-06
4137	8.0657716e-06
4138	8.0656504e-06
4139	8.0655349e-06
4140	8.0654232e-06
4141	8.0653126e-06
4142	8.0652013e-06
4143	8.0653555e-06
4144	8.0652439e-06
4145	8.0653968e-06
4146	8.065285e-06
4147	8.0651502e-06
4148	8.0650143e-06
4149	8.0648808e-06
4150	8.0650342e-06
4151	8.0649212e-06
4152	8.0648047e-06
4153	8.0646876e-06
4154	8.0645665e-06
4155	8.0646951e-06
4156	8.0648266e-06
4157	8.0647049e-06
4158	8.0648633e-06
4159	8.065018e-06
4160	8.065175e-06
4161	8.0653275e-06
4162	8.065476e-06
4163	8.0656261e-06
4164	8.0657689e-06
4165	8.0658925e-06
4166	8.066018e-06
4167	8.0661429e-06
4168	8.0662666e-06
4169	8.0663886e-06
4170	8.0665076e-06
4171	8.0664034e-06
4172	8.0663266e-06
4173	8.066467e-06
4174	8.0666165e-06
4175	8.0664779e-06
4176	8.0666349e-06
4177	8.0665048e-06
4178	8.0666552e-06
4179	8.0665405e-06
4180	8.0664289e-06
4181	8.0665852e-06
4182	8.0664681e-06
4183	8.0663613e-06
4184	8.0665007e-06
4185	8.0666552e-06
4186	8.0668106e-06
4187	8.0666876e-06
4188	8.0665563e-06
4189	8.0664263e-06
4190	8.0663e-06
4191	8.0664389e-06
4192	8.0665954e-06
4193	8.0664762e-06
4194	8.066361e-06
4195	8.0662433e-06
4196	8.0661227e-06
4197	8.0660047e-06
4198	8.0658934e-06
4199	8.0660336e-06
4200	8.0661817e-06
4201	8.0663286e-06
4202	8.0661918e-06
4203	8.0660633e-06
4204	8.0662163e-06
4205	8.0661115e-06
4206	8.0660004e-06
4207	8.0661163e-06
4208	8.0662376e-06
4209	8.0661535e-06
4210	8.0662621e-06
4211	8.0663731e-06
4212	8.0662737e-06
4213	8.0662376e-06
4214	8.0663693e-06
4215	8.0662352e-06
4216	8.066391e-06
4217	8.0662615e-06
4218	8.0664018e-06
4219	8.0665605e-06
4220	8.0664445e-06
4221	8.0665982e-06
4222	8.0664846e-06
4223	8.0663773e-06
4224	8.0665197e-06
4225	8.0666729e-06
4226	8.0668293e-06
4227	8.0666989e-06
4228	8.0665575e-06
4229	8.0664177e-06
4230	8.0662823e-06
4231	8.0661509e-06
4232	8.0662771e-06
4233	8.0661637e-06
4234	8.0660467e-06
4235	8.0659267e-06
4236	8.0660549e-06
4237	8.0661879e-06
4238	8.0663206e-06
4239	8.0662006e-06
4240	8.0660766e-06
4241	8.0662255e-06
4242	8.0663765e-06
4243	8.0665314e-06
4244	8.066683e-06
4245	8.0668356e-06
4246	8.0667147e-06
4247	8.066836e-06
4248	8.0669618e-06
4249	8.0668703e-06
4250	8.0669878e-06
4251	8.0671089e-06
4252	8.0672273e-06
4253	8.0671212e-06
4254	8.0670043e-06
4255	8.066877e-06
4256	8.0670262e-06
4257	8.0668801e-06
4258	8.0670211e-06
4259	8.0671727e-06
4260	8.0670523e-06
4261	8.0669345e-06
4262	8.0668188e-06
4263	8.0667058e-06
4264	8.0665917e-06
4265	8.0664844e-06
4266	8.0663715e-06
4267	8.0662379e-06
4268	8.0660938e-06
4269	8.0659463e-06
4270	8.0658021e-06
4271	8.06566e-06
4272	8.0655209e-06
4273	8.0656356e-06
4274	8.0655118e-06
4275	8.0653883e-06
4276	8.0652621e-06
4277	8.0653901e-06
4278	8.0655216e-06
4279	8.065393e-06
4280	8.0652795e-06
4281	8.0653998e-06
4282	8.0652597e-06
4283	8.0651168e-06
4284	8.064967e-06
4285	8.0648209e-06
4286	8.064693e-06
4287	8.0645766e-06
4288	8.064697e-06
4289	8.0646013e-06
4290	8.0645109e-06
4291	8.0646247e-06
4292	8.0647431e-06
4293	8.0646285e-06
4294	8.0645059e-06
4295	8.0643679e-06
4296	8.0642245e-06
4297	8.0640778e-06
4298	8.0639311e-06
4299	8.0640785e-06
4300	8.0642338e-06
4301	8.0641084e-06
4302	8.0639915e-06
4303	8.0641365e-06
4304	8.0640146e-06
4305	8.0639049e-06
4306	8.0637941e-06
4307	8.0636648e-06
4308	8.0635179e-06
4309	8.063364e-06
4310	8.063209e-06
4311	8.0630549e-06
4312	8.0629025e-06
4313	8.0627542e-06
4314	8.0626256e-06
4315	8.0625124e-06
4316	8.0623924e-06
4317	8.0622647e-06
4318	8.0621324e-06
4319	8.0620019e-06
4320	8.0618805e-06
4321	8.0620221e-06
4322	8.0618842e-06
4323	8.0617382e-06
4324	8.0615816e-06
4325	8.0614245e-06
4326	8.0612748e-06
4327	8.0611475e-06
4328	8.0610314e-06
4329	8.0609107e-06
4330	8.0610201e-06
4331	8.0609265e-06
4332	8.0610304e-06
4333	8.0609183e-06
4334	8.0608086e-06
4335	8.0606775e-06
4336	8.0605371e-06
4337	8.0603919e-06
4338	8.060245e-06
4339	8.0601019e-06
4340	8.0599663e-06
4341	8.060007e-06
4342	8.0601503e-06
4343	8.0600237e-06
4344	8.0601529e-06
4345	8.0600351e-06
4346	8.0601504e-06
4347	8.0602763e-06
4348	8.0601594e-06
4349	8.0600125e-06
4350	8.0598557e-06
4351	8.0597021e-06
4352	8.0595508e-06
4353	8.0594028e-06
4354	8.0592584e-06
4355	8.0593934e-06
4356	8.0592701e-06
4357	8.0591525e-06
4358	8.0590305e-06
4359	8.0589043e-06
4360	8.0587812e-06
4361	8.0589142e-06
4362	8.0587637e-06
4363	8.0586315e-06
4364	8.0584876e-06
4365	8.0583377e-06
4366	8.0581904e-06
4367	8.0580523e-06
4368	8.0579134e-06
4369	8.0580354e-06
4370	8.0579095e-06
4371	8.0577925e-06
4372	8.0576792e-06
4373	8.0575754e-06
4374	8.0574939e-06
4375	8.057385e-06
4376	8.0572635e-06
4377	8.0571312e-06
4378	8.0569931e-06
4379	8.0568512e-06
4380	8.0567123e-06
4381	8.0565812e-06
4382	8.0566934e-06
4383	8.0568273e-06
4384	8.0569624e-06
4385	8.0570914e-06
4386	8.057215e-06
4387	8.0573293e-06
4388	8.0574357e-06
4389	8.0573094e-06
4390	8.0571613e-06
4391	8.0570049e-06
4392	8.0568493e-06
4393	8.0566957e-06
4394	8.056546e-06
4395	8.0564017e-06
4396	8.0565328e-06
4397	8.0566656e-06
4398	8.0565424e-06
4399	8.0566726e-06
4400	8.056545e-06
4401	8.0566698e-06
4402	8.0567973e-06
4403	8.0568994e-06
4404	8.0570429e-06
4405	8.0569039e-06
4406	8.0567474e-06
4407	8.0565895e-06
4408	8.0564416e-06
4409	8.0565596e-06
4410	8.0564425e-06
4411	8.0565542e-06
4412	8.0564382e-06
4413	8.0565446e-06
4414	8.0564412e-06
4415	8.0563188e-06
4416	8.0564239e-06
4417	8.0562957e-06
4418	8.0561507e-06
4419	8.0559967e-06
4420	8.0558398e-06
4421	8.05569e-06
4422	8.0558276e-06
4423	8.0556862e-06
4424	8.0557517e-06
4425	8.0556149e-06
4426	8.0554809e-06
4427	8.0553493e-06
4428	8.0552142e-06
4429	8.0550683e-06
4430	8.0549104e-06
4431	8.054746e-06
4432	8.0545799e-06
4433	8.0544143e-06
4434	8.0542504e-06
4435	8.0540876e-06
4436	8.0539294e-06
4437	8.0537931e-06
4438	8.0538853e-06
4439	8.0540209e-06
4440	8.0538905e-06
4441	8.0540196e-06
4442	8.0541547e-06
4443	8.0540106e-06
4444	8.0538645e-06
4445	8.0537015e-06
4446	8.0535304e-06
4447	8.0533593e-06
4448	8.0531876e-06
4449	8.0530231e-06
4450	8.0528782e-06
4451	8.0527508e-06
4452	8.0526446e-06
4453	8.0525762e-06
4454	8.0526265e-06
4455	8.0527017e-06
4456	8.0527933e-06
4457	8.0528942e-06
4458	8.0527433e-06
4459	8.0525736e-06
4460	8.0523965e-06
4461	8.0522208e-06
4462	8.0520546e-06
4463	8.0518988e-06
4464	8.0517518e-06
4465	8.051887e-06
4466	8.0517517e-06
4467	8.0516025e-06
4468	8.0517116e-06
4469	8.051573e-06
4470	8.0516875e-06
4471	8.0515244e-06
4472	8.0516476e-06
4473	8.0514796e-06
4474	8.0513002e-06
4475	8.0511181e-06
4476	8.0509368e-06
4477	8.050764e-06
4478	8.05061e-06
4479	8.0504706e-06
4480	8.050513e-06
4481	8.0503875e-06
4482	8.0505135e-06
4483	8.0506451e-06
4484	8.0505686e-06
4485	8.0504108e-06
4486	8.0505352e-06
4487	8.0503597e-06
4488	8.050488e-06
4489	8.0503169e-06
4490	8.0504304e-06
4491	8.050538e-06
4492	8.0506629e-06
4493	8.0505507e-06
4494	8.0506515e-06
4495	8.0507351e-06
4496	8.0508291e-06
4497	8.0509333e-06
4498	8.051042e-06
4499	8.0511541e-06
4500	8.0509904e-06
4501	8.0508076e-06
4502	8.0506238e-06
4503	8.0504495e-06
4504	8.0502878e-06
4505	8.0501338e-06
4506	8.0499798e-06
4507	8.0500914e-06
4508	8.0502205e-06
4509	8.0503483e-06
4510	8.0502046e-06
4511	8.0503229e-06
4512	8.050438e-06
4513	8.05027e-06
4514	8.0503908e-06
4515	8.0502172e-06
4516	8.0500318e-06
4517	8.0501477e-06
4518	8.0499984e-06
4519	8.0498524e-06
4520	8.0497095e-06
4521	8.0497766e-06
4522	8.0496444e-06
4523	8.0495169e-06
4524	8.0493711e-06
4525	8.0492247e-06
4526	8.0490554e-06
4527	8.0491741e-06
4528	8.0490073e-06
4529	8.0491268e-06
4530	8.0489609e-06
4531	8.04906e-06
4532	8.0491035e-06
4533	8.0492189e-06
4534	8.0491041e-06
4535	8.0491962e-06
4536	8.0492709e-06
4537	8.0493587e-06
4538	8.0494539e-06
4539	8.0495544e-06
4540	8.04966e-06
4541	8.049502e-06
4542	8.0493243e-06
4543	8.0491475e-06
4544	8.0489806e-06
4545	8.0488264e-06
4546	8.048681e-06
4547	8.0485337e-06
4548	8.0486406e-06
4549	8.0487569e-06
4550	8.0488803e-06
4551	8.0489808e-06
4552	8.0490869e-06
4553	8.048927e-06
4554	8.0490448e-06
4555	8.0488808e-06
4556	8.0487111e-06
4557	8.0485384e-06
4558	8.0483654e-06
4559	8.0482106e-06
4560	8.0480724e-06
4561	8.0481771e-06
4562	8.0480512e-06
4563	8.0481808e-06
4564	8.0483173e-06
4565	8.0484444e-06
4566	8.0485589e-06
4567	8.0487018e-06
4568	8.0485374e-06
4569	8.0486533e-06
4570	8.0484926e-06
4571	8.0486018e-06
4572	8.0486988e-06
4573	8.0488177e-06
4574	8.0487084e-06
4575	8.0487942e-06
4576	8.0486977e-06
4577	8.0487871e-06
4578	8.0488759e-06
4579	8.048968e-06
4580	8.0490651e-06
4581	8.0489167e-06
4582	8.048751e-06
4583	8.0485789e-06
4584	8.0484163e-06
4585	8.0485499e-06
4586	8.0486214e-06
4587	8.0484983e-06
4588	8.0486314e-06
4589	8.0487531e-06
4590	8.0488587e-06
4591	8.0489836e-06
4592	8.0488374e-06
4593	8.0489477e-06
4594	8.0487901e-06
4595	8.048619e-06
4596	8.0484459e-06
4597	8.0482763e-06
4598	8.048108e-06
4599	8.0479433e-06
4600	8.0477973e-06
4601	8.0479263e-06
4602	8.048062e-06
4603	8.0479374e-06
4604	8.0480629e-06
4605	8.0481945e-06
4606	8.048075e-06
4607	8.0482134e-06
4608	8.0480553e-06
4609	8.0478851e-06
4610	8.0480001e-06
4611	8.0478424e-06
4612	8.0476851e-06
4613	8.0477844e-06
4614	8.0479086e-06
4615	8.0480051e-06
4616	8.0478984e-06
4617	8.0479858e-06
4618	8.0480633e-06
4619	8.0481487e-06
4620	8.0482418e-06
4621	8.0483415e-06
4622	8.0481937e-06
4623	8.0480267e-06
4624	8.0478545e-06
4625	8.0480002e-06
4626	8.0481252e-06
4627	8.0479921e-06
4628	8.0481236e-06
4629	8.0480054e-06
4630	8.0478677e-06
4631	8.0479751e-06
4632	8.0481022e-06
4633	8.0482407e-06
4634	8.0480938e-06
4635	8.04821e-06
4636	8.0480527e-06
4637	8.0478853e-06
4638	8.0477154e-06
4639	8.0475466e-06
4640	8.0473898e-06
4641	8.0475304e-06
4642	8.0476694e-06
4643	8.0475426e-06
4644	8.0476792e-06
4645	8.0475542e-06
4646	8.0474369e-06
4647	8.0475756e-06
4648	8.0477116e-06
4649	8.0478538e-06
4650	8.0477063e-06
4651	8.047825e-06
4652	8.0476767e-06
4653	8.0475276e-06
4654	8.0474013e-06
4655	8.0474505e-06
4656	8.047549e-06
4657	8.0476477e-06
4658	8.0477408e-06
4659	8.0478518e-06
4660	8.0479695e-06
4661	8.0478468e-06
4662	8.0479568e-06
4663	8.0481053e-06
4664	8.0482515e-06
4665	8.0483961e-06
4666	8.048529e-06
4667	8.0483938e-06
4668	8.0485243e-06
4669	8.0486654e-06
4670	8.0488072e-06
4671	8.0489409e-06
4672	8.0490706e-06
4673	8.0491753e-06
4674	8.0493166e-06
4675	8.0491738e-06
4676	8.0490112e-06
4677	8.048845e-06
4678	8.0486845e-06
4679	8.0485274e-06
4680	8.0483736e-06
4681	8.0485152e-06
4682	8.0486596e-06
4683	8.04881e-06
4684	8.0486846e-06
4685	8.0488275e-06
4686	8.0487067e-06
4687	8.0485766e-06
4688	8.0486977e-06
4689	8.0488201e-06
4690	8.0489534e-06
4691	8.0490957e-06
4692	8.0492394e-06
4693	8.0493743e-06
4694	8.0494138e-06
4695	8.0495427e-06
4696	8.0494319e-06
4697	8.0495574e-06
4698	8.0496583e-06
4699	8.0497541e-06
4700	8.0498773e-06
4701	8.0497791e-06
4702	8.0496512e-06
4703	8.0495157e-06
4704	8.049662e-06
4705	8.0497932e-06
4706	8.0499155e-06
4707	8.0497573e-06
4708	8.0498828e-06
4709	8.0497502e-06
4710	8.0496339e-06
4711	8.0497733e-06
4712	8.0499064e-06
4713	8.0500399e-06
4714	8.0499414e-06
4715	8.0500863e-06
4716	8.0502283e-06
4717	8.0503689e-06
4718	8.0505069e-06
4719	8.0506436e-06
4720	8.0507774e-06
4721	8.0506254e-06
4722	8.0507521e-06
4723	8.0508819e-06
4724	8.0510212e-06
4725	8.0509078e-06
4726	8.0510454e-06
4727	8.0511895e-06
4728	8.0513273e-06
4729	8.0514864e-06
4730	8.0516015e-06
4731	8.0517183e-06
4732	8.0518485e-06
4733	8.0519772e-06
4734	8.0519394e-06
4735	8.0520733e-06
4736	8.052208e-06
4737	8.0523129e-06
4738	8.0524113e-06
4739	8.0525045e-06
4740	8.0524073e-06
4741	8.0525015e-06
4742	8.0525999e-06
4743	8.0527282e-06
4744	8.0528475e-06
4745	8.0529218e-06
4746	8.0527828e-06
4747	8.0529178e-06
4748	8.0530527e-06
4749	8.0531795e-06
4750	8.0533174e-06
4751	8.0534593e-06
4752	8.0535987e-06
4753	8.0537371e-06
4754	8.0538742e-06
4755	8.0537572e-06
4756	8.0538976e-06
4757	8.0537492e-06
4758	8.053896e-06
4759	8.0537473e-06
4760	8.0538915e-06
4761	8.0537573e-06
4762	8.0538888e-06
4763	8.0540206e-06
4764	8.0541681e-06
4765	8.0540574e-06
4766	8.0539487e-06
4767	8.0538414e-06
4768	8.0539822e-06
4769	8.0541277e-06
4770	8.054001e-06
4771	8.0541359e-06
4772	8.0542607e-06
4773	8.0541345e-06
4774	8.0542801e-06
4775	8.0541496e-06
4776	8.0542808e-06
4777	8.0541705e-06
4778	8.0540637e-06
4779	8.0539588e-06
4780	8.0540596e-06
4781	8.0541628e-06
4782	8.0540675e-06
4783	8.0539737e-06
4784	8.054103e-06
4785	8.0539829e-06
4786	8.0541174e-06
4787	8.0542631e-06
4788	8.054143e-06
4789	8.0542398e-06
4790	8.0543831e-06
4791	8.0545432e-06
4792	8.0547032e-06
4793	8.0548601e-06
4794	8.0550155e-06
4795	8.0551679e-06
4796	8.0553068e-06
4797	8.055197e-06
4798	8.055352e-06
4799	8.0554887e-06
4800	8.0555253e-06
4801	8.0553673e-06
4802	8.0552309e-06
4803	8.0553731e-06
4804	8.055529e-06
4805	8.0554155e-06
4806	8.0553031e-06
4807	8.0551896e-06
4808	8.055076e-06
4809	8.0552328e-06
4810	8.055395e-06
4811	8.0552694e-06
4812	8.0554159e-06
4813	8.0553837e-06
4814	8.0555291e-06
4815	8.0554333e-06
4816	8.0555575e-06
4817	8.0554506e-06
4818	8.0553447e-06
4819	8.0552391e-06
4820	8.0551323e-06
4821	8.0552401e-06
4822	8.0551394e-06
4823	8.055263e-06
4824	8.0553947e-06
4825	8.0552736e-06
4826	8.0551361e-06
4827	8.0552891e-06
4828	8.0551809e-06
4829	8.0550115e-06
4830	8.0551424e-06
4831	8.0553132e-06
4832	8.0552012e-06
4833	8.0553637e-06
4834	8.0552592e-06
4835	8.0554171e-06
4836	8.0553191e-06
4837	8.0552194e-06
4838	8.0553645e-06
4839	8.055248e-06
4840	8.0554005e-06
4841	8.0552748e-06
4842	8.0554237e-06
4843	8.0552903e-06
4844	8.0551685e-06
4845	8.0553206e-06
4846	8.0552126e-06
4847	8.0550996e-06
4848	8.0549855e-06
4849	8.054873e-06
4850	8.0547662e-06
4851	8.0546384e-06
4852	8.0545551e-06
4853	8.0546554e-06
4854	8.0545336e-06
4855	8.0546693e-06
4856	8.0545401e-06
4857	8.0544198e-06
4858	8.0543174e-06
4859	8.0542126e-06
4860	8.0543314e-06
4861	8.0544538e-06
4862	8.0543757e-06
4863	8.0542808e-06
4864	8.0541927e-06
4865	8.0540832e-06
4866	8.0540287e-06
4867	8.0539762e-06
4868	8.0538141e-06
4869	8.0539452e-06
4870	8.0538168e-06
4871	8.0536907e-06
4872	8.0535636e-06
4873	8.0537227e-06
4874	8.053621e-06
4875	8.0537723e-06
4876	8.0536769e-06
4877	8.0535631e-06
4878	8.0536836e-06
4879	8.0535696e-06
4880	8.0537122e-06
4881	8.0536038e-06
4882	8.0537411e-06
4883	8.0536211e-06
4884	8.0534625e-06
4885	8.0533475e-06
4886	8.0534945e-06
4887	8.0533895e-06
4888	8.0532828e-06
4889	8.0531764e-06
4890	8.0530743e-06
4891	8.0532194e-06
4892	8.0530996e-06
4893	8.0530053e-06
4894	8.0528391e-06
4895	8.0529736e-06
4896	8.0528573e-06
4897	8.0527644e-06
4898	8.0526549e-06
4899	8.0525645e-06
4900	8.0524711e-06
4901	8.0523749e-06
4902	8.0522778e-06
4903	8.0521864e-06
4904	8.052102e-06
4905	8.0519939e-06
4906	8.0519079e-06
4907	8.0517782e-06
4908	8.0516184e-06
4909	8.0514419e-06
4910	8.0512756e-06
4911	8.0513685e-06
4912	8.0512522e-06
4913	8.051132e-06
4914	8.0510104e-06
4915	8.050895e-06
4916	8.0507813e-06
4917	8.0506719e-06
4918	8.0505739e-06
4919	8.0504277e-06
4920	8.050554e-06
4921	8.0506354e-06
4922	8.050754e-06
4923	8.0508786e-06
4924	8.0509763e-06
4925	8.0510895e-06
4926	8.0509769e-06
4927	8.0508556e-06
4928	8.0509984e-06
4929	8.0508993e-06
4930	8.0508028e-06
4931	8.0509405e-06
4932	8.050821e-06
4933	8.0507155e-06
4934	8.0507922e-06
4935	8.0509411e-06
4936	8.0508266e-06
4937	8.0506558e-06
4938	8.0505012e-06
4939	8.0503841e-06
4940	8.0502961e-06
4941	8.0502075e-06
4942	8.0501171e-06
4943	8.0500271e-06
4944	8.049943e-06
4945	8.0500526e-06
4946	8.0501656e-06
4947	8.0500554e-06
4948	8.0499049e-06
4949	8.0500246e-06
4950	8.0498985e-06
4951	8.0500539e-06
4952	8.0499318e-06
4953	8.0498205e-06
4954	8.0496998e-06
4955	8.0495753e-06
4956	8.049457e-06
4957	8.0493421e-06
4958	8.0492256e-06
4959	8.0493469e-06
4960	8.0492371e-06
4961	8.0490695e-06
4962	8.0492116e-06
4963	8.0492891e-06
4964	8.049339e-06
4965	8.0493163e-06
4966	8.0492869e-06
4967	8.0491958e-06
4968	8.0493336e-06
4969	8.0492351e-06
4970	8.0491346e-06
4971	8.0490335e-06
4972	8.0491694e-06
4973	8.0490464e-06
4974	8.0489561e-06
4975	8.0490754e-06
4976	8.0489947e-06
4977	8.049119e-06
4978	8.0490956e-06
4979	8.049078e-06
4980	8.048983e-06
4981	8.0488948e-06
4982	8.0487994e-06
4983	8.0487017e-06
4984	8.0486054e-06
4985	8.0487221e-06
4986	8.0488445e-06
4987	8.0487239e-06
4988	8.0488458e-06
4989	8.0487222e-06
4990	8.0488387e-06
4991	8.048931e-06
4992	8.0488893e-06
4993	8.0488618e-06
4994	8.0487828e-06
4995	8.0486534e-06
4996	8.0485511e-06
4997	8.0484728e-06
4998	8.0483718e-06
4999	8.0484116e-06
5000	8.0484255e-06
