1	2.2534413e-06
2	3.2978823e-05
3	1.5522309e-05
4	9.5056209e-06
5	6.4817086e-06
6	3.1800147e-06
7	2.6758412e-06
8	1.3481297e-06
9	8.9647727e-07
10	6.2085683e-07
11	3.6201293e-07
12	2.7609102e-07
13	1.8545377e-07
14	1.4406441e-07
15	9.3203844e-08
16	7.5741178e-08
17	6.4154693e-08
18	5.3423413e-08
19	5.141374e-08
20	4.4461346e-08
21	5.0971596e-08
22	3.5618683e-08
23	3.1376797e-08
24	2.8199552e-08
25	2.4552066e-08
26	2.568278e-08
27	2.7770376e-08
28	2.6581156e-08
29	2.2972716e-08
30	2.2531011e-08
31	2.0214021e-08
32	1.8426226e-08
33	2.0773464e-08
34	1.7804489e-08
35	1.70122e-08
36	1.6371458e-08
37	1.5198751e-08
38	1.4663523e-08
39	1.340889e-08
40	1.3229691e-08
41	1.2046912e-08
42	1.1419662e-08
43	1.0790295e-08
44	1.0632843e-08
45	1.0377395e-08
46	1.0220726e-08
47	1.0006587e-08
48	9.3107592e-09
49	8.7428872e-09
50	9.593258e-09
51	8.2157808e-09
52	8.2075643e-09
53	7.4219681e-09
54	7.8965996e-09
55	7.859056e-09
56	7.878842e-09
57	8.1591226e-09
58	7.8811269e-09
59	7.3722366e-09
60	7.4002163e-09
61	7.2218959e-09
62	7.6956609e-09
63	7.2377543e-09
64	7.697953e-09
65	7.0926414e-09
66	7.2963116e-09
67	6.9585731e-09
68	6.8474275e-09
69	7.276213e-09
70	6.8844743e-09
71	7.3057703e-09
72	7.7573628e-09
73	7.2763559e-09
74	6.886836e-09
75	7.5751955e-09
76	7.4088775e-09
77	7.1602309e-09
78	7.1333621e-09
79	7.1738403e-09
80	6.8115065e-09
81	7.2146123e-09
82	7.0013819e-09
83	6.767412e-09
84	7.0061176e-09
85	6.8992162e-09
86	6.7751609e-09
87	6.8994229e-09
88	6.77691e-09
89	6.9107714e-09
90	6.538312e-09
91	6.7454986e-09
92	6.7647557e-09
93	6.7024687e-09
94	6.5646732e-09
95	6.7950953e-09
96	6.4695676e-09
97	6.628502e-09
98	6.7502927e-09
99	6.1444156e-09
100	6.1535857e-09
101	6.4614219e-09
102	6.512514e-09
103	6.168551e-09
104	6.5437715e-09
105	6.1385317e-09
106	6.4082409e-09
107	6.3453281e-09
108	6.4258712e-09
109	6.2580675e-09
110	6.1617431e-09
111	6.0614238e-09
112	5.8916487e-09
113	5.8179993e-09
114	5.945016e-09
115	6.1378949e-09
116	6.1988532e-09
117	5.6920488e-09
118	5.9527959e-09
119	5.8221429e-09
120	5.6927983e-09
121	6.1135897e-09
122	6.0471905e-09
123	6.0573591e-09
124	5.8829333e-09
125	6.0121918e-09
126	5.7244981e-09
127	5.6929162e-09
128	5.8611626e-09
129	5.5575693e-09
130	5.7197451e-09
131	5.7365778e-09
132	5.3944059e-09
133	5.7816097e-09
134	5.3665653e-09
135	5.2940344e-09
136	5.5053963e-09
137	5.4672795e-09
138	5.5065938e-09
139	5.255732e-09
140	5.3441607e-09
141	5.3623159e-09
142	5.2075776e-09
143	5.3358248e-09
144	5.1514291e-09
145	5.2985358e-09
146	5.4714771e-09
147	5.1271433e-09
148	5.3491844e-09
149	5.1366977e-09
150	5.2812562e-09
151	5.1658601e-09
152	4.975072e-09
153	5.0473771e-09
154	5.2542644e-09
155	5.2881857e-09
156	5.1342509e-09
157	5.0460846e-09
158	5.140478e-09
159	5.0482994e-09
160	5.1822058e-09
161	5.1322695e-09
162	5.0657792e-09
163	5.1326899e-09
164	5.2751106e-09
165	5.2409061e-09
166	5.2534264e-09
167	5.2786381e-09
168	5.1742996e-09
169	5.1596546e-09
170	5.388922e-09
171	5.1945929e-09
172	5.1276055e-09
173	5.4894545e-09
174	5.3424178e-09
175	5.1990447e-09
176	5.1582409e-09
177	5.2533665e-09
178	5.1522899e-09
179	5.0536464e-09
180	5.5355873e-09
181	5.4853862e-09
182	5.1799939e-09
183	4.9976996e-09
184	5.191992e-09
185	5.271283e-09
186	5.3254406e-09
187	5.3002046e-09
188	5.1739885e-09
189	5.0378159e-09
190	5.0224243e-09
191	4.952845e-09
192	4.9165291e-09
193	5.4379403e-09
194	5.3344335e-09
195	5.4180424e-09
196	5.2929485e-09
197	5.0909546e-09
198	4.9894727e-09
199	4.9908708e-09
200	5.1014896e-09
201	5.0265624e-09
202	4.9659143e-09
203	4.9569922e-09
204	4.9369991e-09
205	4.8879005e-09
206	4.8685759e-09
207	4.7999222e-09
208	4.7682263e-09
209	4.7633484e-09
210	4.6775472e-09
211	5.6766084e-09
212	5.5505559e-09
213	5.7416522e-09
214	5.7158149e-09
215	5.6300094e-09
216	5.6615914e-09
217	5.6250613e-09
218	5.6384034e-09
219	5.6164381e-09
220	5.5838058e-09
221	5.525032e-09
222	5.5511745e-09
223	5.7355919e-09
224	5.696623e-09
225	5.6171661e-09
226	5.627608e-09
227	5.6491968e-09
228	5.6530786e-09
229	5.7836563e-09
230	5.853673e-09
231	5.8088982e-09
232	5.7505503e-09
233	5.7874461e-09
234	5.6638113e-09
235	5.5524556e-09
236	5.4934939e-09
237	5.3094454e-09
238	5.2622008e-09
239	5.2965606e-09
240	5.4274135e-09
241	5.5239933e-09
242	5.5475242e-09
243	5.3662027e-09
244	5.1914909e-09
245	5.0508001e-09
246	5.14892e-09
247	5.3873884e-09
248	5.6195892e-09
249	5.6890872e-09
250	5.6923056e-09
251	5.7465024e-09
252	5.8013049e-09
253	5.82627e-09
254	5.7747714e-09
255	5.6215917e-09
256	5.5787993e-09
257	5.5394773e-09
258	5.5311596e-09
259	5.4737392e-09
260	5.407486e-09
261	5.248824e-09
262	5.1413341e-09
263	5.0768352e-09
264	5.0837601e-09
265	5.1321274e-09
266	5.3074868e-09
267	5.5172881e-09
268	5.5839378e-09
269	5.6015397e-09
270	5.5838676e-09
271	5.5404366e-09
272	5.6433079e-09
273	5.6657307e-09
274	5.5500734e-09
275	5.4242266e-09
276	5.3418653e-09
277	5.3125497e-09
278	5.3150185e-09
279	5.3202419e-09
280	5.3569076e-09
281	5.396437e-09
282	5.4216011e-09
283	5.3694373e-09
284	5.4097795e-09
285	5.4121325e-09
286	5.4349022e-09
287	5.3945539e-09
288	5.3799487e-09
289	5.5530284e-09
290	5.6872433e-09
291	5.6972074e-09
292	5.6030797e-09
293	5.3768242e-09
294	5.317423e-09
295	5.244692e-09
296	5.8594347e-09
297	5.2167071e-09
298	5.3361376e-09
299	5.4085323e-09
300	5.4048779e-09
301	5.4301903e-09
302	5.3980521e-09
303	5.3689345e-09
304	5.2935108e-09
305	5.2879439e-09
306	5.4119403e-09
307	5.4578258e-09
308	5.5075621e-09
309	5.4770544e-09
310	5.9906329e-09
311	5.521488e-09
312	5.3613343e-09
313	5.9417716e-09
314	6.0329841e-09
315	6.0416745e-09
316	5.381464e-09
317	6.0683754e-09
318	6.0072983e-09
319	5.400472e-09
320	5.2682656e-09
321	6.0411313e-09
322	5.480253e-09
323	5.5358742e-09
324	5.590367e-09
325	5.5685865e-09
326	5.4647081e-09
327	6.1541198e-09
328	5.4013738e-09
329	5.4025257e-09
330	5.3649075e-09
331	5.2063832e-09
332	6.2253097e-09
333	5.113283e-09
334	5.0620855e-09
335	5.1104401e-09
336	5.1467567e-09
337	6.2586088e-09
338	5.3157218e-09
339	5.3881936e-09
340	5.4237478e-09
341	5.283569e-09
342	5.2049816e-09
343	5.2155635e-09
344	5.3093095e-09
345	5.3406709e-09
346	5.1897459e-09
347	5.0659727e-09
348	6.0994414e-09
349	5.1754887e-09
350	5.1510223e-09
351	4.9687663e-09
352	6.1556844e-09
353	5.1419675e-09
354	5.1225147e-09
355	5.100094e-09
356	4.9261205e-09
357	6.0607946e-09
358	5.0536763e-09
359	5.1215476e-09
360	5.1038625e-09
361	6.0586346e-09
362	6.0686836e-09
363	4.9957376e-09
364	5.9412524e-09
365	5.9563471e-09
366	5.8638248e-09
367	5.7428572e-09
368	5.8588081e-09
369	6.0068032e-09
370	4.869841e-09
371	5.8791618e-09
372	5.9898049e-09
373	4.8292921e-09
374	5.7789576e-09
375	4.9452342e-09
376	4.8521222e-09
377	5.6428042e-09
378	5.8430452e-09
379	4.8343174e-09
380	5.739882e-09
381	5.6996089e-09
382	5.659018e-09
383	5.5537663e-09
384	5.8044102e-09
385	4.7842755e-09
386	5.6586121e-09
387	4.5537692e-09
388	5.2162569e-09
389	5.0549918e-09
390	5.3800396e-09
391	4.4267154e-09
392	4.4966156e-09
393	4.3944408e-09
394	4.2360982e-09
395	5.429125e-09
396	5.0110117e-09
397	5.1943558e-09
398	5.2982987e-09
399	4.1516624e-09
400	4.2192494e-09
401	4.1683506e-09
402	4.1903325e-09
403	4.2271163e-09
404	4.2466192e-09
405	4.2484948e-09
406	3.8779432e-09
407	3.8413763e-09
408	3.9990435e-09
409	4.1890541e-09
410	4.3030204e-09
411	4.3459088e-09
412	4.3428974e-09
413	4.323372e-09
414	4.3202608e-09
415	4.3397649e-09
416	5.0210001e-09
417	4.5821522e-09
418	4.8700943e-09
419	4.4283084e-09
420	4.348855e-09
421	4.6504893e-09
422	4.5009621e-09
423	4.6325115e-09
424	4.3526651e-09
425	4.6466365e-09
426	4.3719358e-09
427	3.7633636e-09
428	3.6733578e-09
429	3.8655753e-09
430	4.0783712e-09
431	4.168951e-09
432	4.1354988e-09
433	4.0654102e-09
434	4.0241996e-09
435	4.0322667e-09
436	4.0654781e-09
437	3.9992917e-09
438	3.8745549e-09
439	3.8281978e-09
440	3.3366726e-09
441	4.5935918e-09
442	3.4174914e-09
443	3.6799941e-09
444	4.5563925e-09
445	4.0164712e-09
446	4.6422955e-09
447	3.8920882e-09
448	4.4146068e-09
449	3.6948294e-09
450	3.5607892e-09
451	4.4684764e-09
452	3.9435704e-09
453	4.3580647e-09
454	3.9486552e-09
455	4.2964603e-09
456	3.9217602e-09
457	4.4642111e-09
458	4.5166693e-09
459	3.4712901e-09
460	4.2857887e-09
461	3.8971008e-09
462	4.350928e-09
463	3.843151e-09
464	4.2561696e-09
465	4.2964381e-09
466	4.4625226e-09
467	3.3718746e-09
468	4.4144221e-09
469	3.6665075e-09
470	4.2000011e-09
471	4.1305122e-09
472	4.4073912e-09
473	3.5054764e-09
474	4.3067841e-09
475	3.8709787e-09
476	3.2209144e-09
477	3.7609099e-09
478	3.9980191e-09
479	3.2806253e-09
480	4.2505045e-09
481	3.1848395e-09
482	3.8187375e-09
483	4.032751e-09
484	3.3360003e-09
485	4.0572078e-09
486	4.2494563e-09
487	3.6302744e-09
488	3.8511388e-09
489	3.2838589e-09
490	3.9387931e-09
491	3.3548827e-09
492	3.9344924e-09
493	3.8343587e-09
494	4.0915526e-09
495	4.0564591e-09
496	3.2685414e-09
497	3.9842513e-09
498	4.1210913e-09
499	3.3470993e-09
500	3.9275554e-09
501	3.5337635e-09
502	3.1048562e-09
503	3.074168e-09
504	4.0137574e-09
505	3.3690069e-09
506	3.9685162e-09
507	3.040293e-09
508	3.9313645e-09
509	3.5453e-09
510	3.1885763e-09
511	4.018259e-09
512	3.0617406e-09
513	3.9167809e-09
514	3.4002423e-09
515	3.0095725e-09
516	2.9468996e-09
517	3.7877918e-09
518	3.4831627e-09
519	2.9770453e-09
520	3.7298784e-09
521	3.8644998e-09
522	3.136386e-09
523	2.9125031e-09
524	3.8206179e-09
525	2.8713455e-09
526	3.6446072e-09
527	3.3812976e-09
528	2.9811945e-09
529	3.6169471e-09
530	3.7238196e-09
531	3.0481647e-09
532	3.7665707e-09
533	3.6692758e-09
534	2.876267e-09
535	3.6599084e-09
536	3.2209354e-09
537	3.5691319e-09
538	3.5651259e-09
539	3.0028741e-09
540	3.5790166e-09
541	3.0902455e-09
542	3.144702e-09
543	2.9841063e-09
544	3.4315301e-09
545	3.3680457e-09
546	2.9709072e-09
547	3.2104017e-09
548	2.8338204e-09
549	3.521088e-09
550	3.4218203e-09
551	3.3807398e-09
552	2.8569652e-09
553	3.4388963e-09
554	2.7666079e-09
555	2.9556208e-09
556	2.8732967e-09
557	3.3202243e-09
558	3.0097724e-09
559	2.8583498e-09
560	3.0279024e-09
561	2.7096181e-09
562	3.1053091e-09
563	3.0221368e-09
564	3.2156758e-09
565	2.8038071e-09
566	3.3044569e-09
567	3.3471828e-09
568	3.3896816e-09
569	2.8505228e-09
570	3.0043863e-09
571	2.6730372e-09
572	3.2035025e-09
573	3.2682335e-09
574	2.7784606e-09
575	3.4039712e-09
576	3.3358196e-09
577	2.6066877e-09
578	2.7695762e-09
579	2.718228e-09
580	3.3755997e-09
581	2.628185e-09
582	2.7954652e-09
583	2.9808043e-09
584	2.6844901e-09
585	2.6442156e-09
586	3.367299e-09
587	2.7994418e-09
588	2.7950966e-09
589	2.7389885e-09
590	2.611208e-09
591	2.7291216e-09
592	3.2115692e-09
593	3.1914166e-09
594	2.9720539e-09
595	2.6704202e-09
596	2.9949751e-09
597	2.7358164e-09
598	3.3518336e-09
599	3.2425233e-09
600	2.6965129e-09
601	3.204967e-09
602	3.1275471e-09
603	3.0414091e-09
604	2.610611e-09
605	2.8166414e-09
606	3.2409407e-09
607	2.9236896e-09
608	2.8697148e-09
609	3.2212958e-09
610	3.0161629e-09
611	2.8440336e-09
612	2.8498784e-09
613	3.1748482e-09
614	2.8303631e-09
615	3.0766999e-09
616	2.6620292e-09
617	2.4807796e-09
618	2.7994828e-09
619	2.5670337e-09
620	2.6223481e-09
621	2.5702792e-09
622	2.9001583e-09
623	3.1620214e-09
624	2.98205e-09
625	3.1736118e-09
626	2.866062e-09
627	3.1734814e-09
628	2.9490461e-09
629	2.8253259e-09
630	2.5294689e-09
631	3.1143967e-09
632	2.8878892e-09
633	3.0885416e-09
634	3.1116403e-09
635	2.7518961e-09
636	3.0333217e-09
637	3.3845637e-09
638	2.6390024e-09
639	2.5104121e-09
640	2.9152993e-09
641	3.1122252e-09
642	2.6492946e-09
643	2.8731293e-09
644	3.3244863e-09
645	2.9521757e-09
646	3.1237144e-09
647	2.4562502e-09
648	2.6021733e-09
649	3.0507665e-09
650	3.203531e-09
651	2.9350646e-09
652	2.9423657e-09
653	2.7119696e-09
654	3.0702928e-09
655	3.4203679e-09
656	2.741414e-09
657	2.7552886e-09
658	3.1137903e-09
659	3.1252746e-09
660	3.0591265e-09
661	2.8605816e-09
662	3.4004135e-09
663	2.9160031e-09
664	3.3495464e-09
665	2.5307294e-09
666	3.3820924e-09
667	2.9891881e-09
668	3.1173309e-09
669	3.455789e-09
670	2.8188796e-09
671	3.4136295e-09
672	2.9440928e-09
673	3.518669e-09
674	2.7989441e-09
675	2.7108241e-09
676	3.0135635e-09
677	3.106708e-09
678	2.9787528e-09
679	2.7714611e-09
680	3.3433043e-09
681	2.903817e-09
682	3.6855245e-09
683	3.5765558e-09
684	2.6602487e-09
685	3.1178237e-09
686	3.24264e-09
687	2.8664919e-09
688	2.7214178e-09
689	3.3662076e-09
690	3.0723435e-09
691	2.8762862e-09
692	2.6690806e-09
693	3.432519e-09
694	3.1844283e-09
695	3.3501659e-09
696	2.9370729e-09
697	2.7978427e-09
698	3.3510343e-09
699	3.1587223e-09
700	3.3395658e-09
701	2.9570761e-09
702	3.5313419e-09
703	3.338947e-09
704	3.1774322e-09
705	3.5934897e-09
706	2.8803282e-09
707	3.4520702e-09
708	3.3118911e-09
709	3.4063488e-09
710	2.9202806e-09
711	3.4713176e-09
712	3.239414e-09
713	3.1814086e-09
714	2.9653168e-09
715	2.7514011e-09
716	3.2691299e-09
717	3.3660884e-09
718	3.4897277e-09
719	3.0956506e-09
720	3.5679714e-09
721	3.1743614e-09
722	3.3096151e-09
723	3.8300621e-09
724	2.920416e-09
725	3.3171709e-09
726	3.4259021e-09
727	3.4071919e-09
728	3.0119163e-09
729	3.5471099e-09
730	3.1053315e-09
731	3.3049795e-09
732	3.1166235e-09
733	2.7369784e-09
734	3.2029742e-09
735	3.4689966e-09
736	3.3714506e-09
737	3.0711719e-09
738	3.5445336e-09
739	3.0176966e-09
740	3.3499832e-09
741	3.1055621e-09
742	2.7802848e-09
743	3.2325417e-09
744	3.4022438e-09
745	3.252317e-09
746	3.0169498e-09
747	3.5975249e-09
748	3.0341571e-09
749	3.392255e-09
750	3.1125431e-09
751	2.6897045e-09
752	3.0907486e-09
753	3.5110363e-09
754	3.2114091e-09
755	3.0998755e-09
756	3.589542e-09
757	3.056192e-09
758	3.5419813e-09
759	3.1764367e-09
760	3.7267148e-09
761	3.2480648e-09
762	3.5072172e-09
763	3.5793254e-09
764	3.1828598e-09
765	3.5968913e-09
766	3.0844277e-09
767	3.5887805e-09
768	3.4875359e-09
769	2.7900533e-09
770	3.1535718e-09
771	3.2123621e-09
772	2.9577362e-09
773	3.3676887e-09
774	3.0396162e-09
775	3.2517791e-09
776	3.6121461e-09
777	3.5918627e-09
778	3.2407292e-09
779	3.3377447e-09
780	3.1755067e-09
781	3.4100323e-09
782	3.1408997e-09
783	3.3667771e-09
784	3.4256009e-09
785	3.5481134e-09
786	3.2279701e-09
787	3.4043402e-09
788	3.1937414e-09
789	3.2589479e-09
790	3.0989259e-09
791	3.3529913e-09
792	3.8417149e-09
793	3.5139248e-09
794	3.3373568e-09
795	3.5439096e-09
796	3.2563784e-09
797	3.2317161e-09
798	3.1310834e-09
799	3.4032417e-09
800	3.416502e-09
801	3.464576e-09
802	3.2724743e-09
803	3.2603639e-09
804	3.2746909e-09
805	3.2130985e-09
806	3.3286102e-09
807	3.6177364e-09
808	4.0748149e-09
809	3.5912688e-09
810	3.5549833e-09
811	3.879754e-09
812	3.6129977e-09
813	3.3913729e-09
814	3.5141778e-09
815	3.6094607e-09
816	3.5883391e-09
817	2.9947588e-09
818	3.8468724e-09
819	3.0550671e-09
820	3.5060099e-09
821	3.7136519e-09
822	3.2622365e-09
823	3.5987312e-09
824	3.2941657e-09
825	3.5419969e-09
826	3.4522215e-09
827	3.1260091e-09
828	3.5361097e-09
829	3.4001282e-09
830	3.1542266e-09
831	3.0669109e-09
832	3.3011365e-09
833	3.3938622e-09
834	3.4653406e-09
835	3.3872879e-09
836	2.8042252e-09
837	3.131686e-09
838	3.2903663e-09
839	3.3470754e-09
840	2.8452539e-09
841	3.2133849e-09
842	2.7887945e-09
843	3.1985668e-09
844	2.7483554e-09
845	3.0761042e-09
846	3.2179878e-09
847	3.2316649e-09
848	2.7354255e-09
849	3.0007998e-09
850	3.1384265e-09
851	2.6678679e-09
852	3.0662583e-09
853	2.6337773e-09
854	2.5826032e-09
855	2.9808874e-09
856	2.6761592e-09
857	2.5788735e-09
858	2.5574449e-09
859	3.0425677e-09
860	2.777364e-09
861	2.6702235e-09
862	2.6164476e-09
863	2.5015839e-09
864	2.9515799e-09
865	2.5433373e-09
866	2.8874144e-09
867	2.4884573e-09
868	2.456769e-09
869	2.841595e-09
870	2.5623141e-09
871	2.8621048e-09
872	2.5469246e-09
873	2.8565683e-09
874	2.57732e-09
875	2.4832619e-09
876	2.8787385e-09
877	2.8622889e-09
878	2.68824e-09
879	2.7767905e-09
880	2.3272758e-09
881	2.7248934e-09
882	2.7595212e-09
883	2.5334348e-09
884	2.4885492e-09
885	2.3869533e-09
886	2.3900379e-09
887	2.322968e-09
888	2.3918152e-09
889	2.4010253e-09
890	2.4633749e-09
891	2.4483157e-09
892	2.4929512e-09
893	2.4113858e-09
894	2.385163e-09
895	2.662854e-09
896	2.3972591e-09
897	2.2638026e-09
898	2.521232e-09
899	2.2548643e-09
900	2.24426e-09
901	2.2215243e-09
902	2.2929804e-09
903	2.2942354e-09
904	2.3358441e-09
905	2.310161e-09
906	2.3825265e-09
907	2.3772427e-09
908	2.416921e-09
909	2.3431186e-09
910	2.3878783e-09
911	2.3214324e-09
912	2.3305281e-09
913	2.2538524e-09
914	2.257774e-09
915	2.1854402e-09
916	2.2322669e-09
917	2.2341065e-09
918	2.2999998e-09
919	2.2848155e-09
920	2.3371308e-09
921	2.3030366e-09
922	2.3409773e-09
923	2.2849871e-09
924	2.3064374e-09
925	2.2686371e-09
926	2.1912289e-09
927	2.2644721e-09
928	2.287519e-09
929	2.3533127e-09
930	2.3327304e-09
931	2.3991201e-09
932	2.3455772e-09
933	2.3788011e-09
934	2.3057422e-09
935	2.2198101e-09
936	2.2734196e-09
937	2.2626913e-09
938	2.3217747e-09
939	2.2851819e-09
940	2.3043189e-09
941	2.194987e-09
942	2.1583928e-09
943	2.2153379e-09
944	2.1933519e-09
945	2.1819331e-09
946	2.0558677e-09
947	2.1744053e-09
948	1.9043862e-09
949	2.0580062e-09
950	2.1598759e-09
951	2.1474323e-09
952	2.1836467e-09
953	2.1238637e-09
954	2.0400066e-09
955	2.0848079e-09
956	2.0735729e-09
957	2.1247595e-09
958	2.0966698e-09
959	2.1621467e-09
960	2.1598012e-09
961	2.1170704e-09
962	1.8859549e-09
963	2.0716203e-09
964	2.1597756e-09
965	1.8886871e-09
966	2.0768385e-09
967	2.2107125e-09
968	2.2070969e-09
969	2.2513711e-09
970	2.1585341e-09
971	2.0572341e-09
972	2.0903539e-09
973	2.0724778e-09
974	2.1163352e-09
975	2.1079234e-09
976	2.0559193e-09
977	2.0855704e-09
978	2.0660288e-09
979	2.0399894e-09
980	2.1219489e-09
981	2.0760196e-09
982	2.11765e-09
983	2.0951941e-09
984	2.0990005e-09
985	1.8605453e-09
986	2.0152939e-09
987	2.0251247e-09
988	1.9491903e-09
989	1.9458359e-09
990	2.0053649e-09
991	1.9426146e-09
992	1.9648066e-09
993	1.7662598e-09
994	1.9503906e-09
995	1.9976967e-09
996	2.0166877e-09
997	2.0399981e-09
998	2.0996751e-09
999	2.125655e-09
1000	2.0889464e-09
1001	2.1335491e-09
1002	2.0863352e-09
1003	2.110649e-09
1004	2.055966e-09
1005	1.98997e-09
1006	2.0372364e-09
1007	2.01641e-09
1008	1.9513622e-09
1009	2.0042307e-09
1010	1.99568e-09
1011	1.9243323e-09
1012	1.953881e-09
1013	1.9523032e-09
1014	1.9313196e-09
1015	2.0080478e-09
1016	1.9923139e-09
1017	2.0641101e-09
1018	1.7410048e-09
1019	1.8598027e-09
1020	1.954374e-09
1021	1.9627212e-09
1022	1.9062781e-09
1023	1.9497555e-09
1024	1.9159691e-09
1025	1.8535884e-09
1026	1.9170856e-09
1027	1.9144e-09
1028	1.8636606e-09
1029	1.8897403e-09
1030	1.8577407e-09
1031	1.8050605e-09
1032	1.8256628e-09
1033	1.8076164e-09
1034	1.7994426e-09
1035	1.6326657e-09
1036	1.5790803e-09
1037	1.7691492e-09
1038	1.8997396e-09
1039	1.9101671e-09
1040	1.852951e-09
1041	1.8810304e-09
1042	1.8454738e-09
1043	1.7859848e-09
1044	1.8188038e-09
1045	1.7913701e-09
1046	1.749536e-09
1047	1.8009231e-09
1048	1.7891876e-09
1049	1.7339773e-09
1050	1.7872267e-09
1051	1.7781543e-09
1052	1.7111073e-09
1053	1.8063227e-09
1054	1.8314793e-09
1055	1.8113225e-09
1056	1.857197e-09
1057	1.8278574e-09
1058	1.7557546e-09
1059	1.7742559e-09
1060	1.7404098e-09
1061	1.6825529e-09
1062	1.72884e-09
1063	1.7192199e-09
1064	1.6748667e-09
1065	1.7207257e-09
1066	1.6885734e-09
1067	1.6264435e-09
1068	1.6671038e-09
1069	1.6752687e-09
1070	1.6338899e-09
1071	1.6569503e-09
1072	1.6747469e-09
1073	1.6650836e-09
1074	1.6984139e-09
1075	1.4179684e-09
1076	1.5467441e-09
1077	1.5990747e-09
1078	1.5860926e-09
1079	1.595924e-09
1080	1.6617016e-09
1081	1.6430645e-09
1082	1.5906537e-09
1083	1.8174931e-09
1084	1.8577816e-09
1085	1.8299807e-09
1086	1.6426509e-09
1087	1.5737353e-09
1088	1.5042811e-09
1089	1.5372709e-09
1090	1.5391201e-09
1091	1.4950361e-09
1092	1.5157717e-09
1093	1.5042885e-09
1094	1.8058383e-09
1095	1.6495295e-09
1096	1.6304451e-09
1097	1.5829698e-09
1098	1.600129e-09
1099	1.5837277e-09
1100	1.5275356e-09
1101	1.8177258e-09
1102	1.493484e-09
1103	1.4728206e-09
1104	1.5062e-09
1105	1.4936042e-09
1106	1.7732109e-09
1107	1.5410562e-09
1108	1.4856648e-09
1109	1.7506961e-09
1110	1.5219692e-09
1111	1.7546071e-09
1112	1.7643524e-09
1113	1.5037094e-09
1114	1.6842454e-09
1115	1.4808701e-09
1116	1.3627458e-09
1117	1.3422206e-09
1118	1.3347869e-09
1119	1.4027506e-09
1120	1.423822e-09
1121	1.732654e-09
1122	1.7975636e-09
1123	1.8406235e-09
1124	1.6957982e-09
1125	1.7606637e-09
1126	1.4889736e-09
1127	1.6701937e-09
1128	1.6656316e-09
1129	1.4377907e-09
1130	1.6806332e-09
1131	1.7068375e-09
1132	1.7013617e-09
1133	1.4470222e-09
1134	1.6869882e-09
1135	1.6955367e-09
1136	1.7516311e-09
1137	1.7560308e-09
1138	1.699057e-09
1139	1.6375446e-09
1140	1.6841628e-09
1141	1.7359077e-09
1142	1.7406323e-09
1143	1.4538172e-09
1144	1.6827024e-09
1145	1.7143078e-09
1146	1.7178772e-09
1147	1.4205722e-09
1148	1.6354284e-09
1149	1.6584082e-09
1150	1.7058337e-09
1151	1.6798335e-09
1152	1.6238576e-09
1153	1.5769288e-09
1154	1.5533989e-09
1155	1.5133724e-09
1156	1.4642755e-09
1157	1.4940888e-09
1158	1.4993609e-09
1159	1.5090197e-09
1160	1.5115394e-09
1161	1.6016589e-09
1162	1.6613508e-09
1163	1.6745343e-09
1164	1.6610113e-09
1165	1.6805373e-09
1166	1.6507328e-09
1167	1.5905609e-09
1168	1.5605601e-09
1169	1.5242764e-09
1170	1.5307484e-09
1171	1.5420728e-09
1172	1.5745233e-09
1173	1.5748241e-09
1174	1.5745004e-09
1175	1.5769391e-09
1176	1.6331342e-09
1177	1.6294631e-09
1178	1.5926552e-09
1179	1.5565925e-09
1180	1.5572407e-09
1181	1.6020826e-09
1182	1.6157912e-09
1183	1.6355597e-09
1184	1.6253701e-09
1185	1.6074029e-09
1186	1.5828948e-09
1187	1.5962039e-09
1188	1.5751718e-09
1189	1.5460248e-09
1190	1.5076793e-09
1191	1.5333999e-09
1192	1.5068784e-09
1193	1.495415e-09
1194	1.4322216e-09
1195	1.5415397e-09
1196	1.4918815e-09
1197	1.5344575e-09
1198	1.360628e-09
1199	1.3831596e-09
1200	1.4626143e-09
1201	1.470456e-09
1202	1.4708618e-09
1203	1.5363206e-09
1204	1.5476896e-09
1205	1.5356937e-09
1206	1.5148712e-09
1207	1.5154533e-09
1208	1.4422925e-09
1209	1.3712915e-09
1210	1.3491816e-09
1211	1.4144234e-09
1212	1.4368885e-09
1213	1.4504789e-09
1214	1.4493298e-09
1215	1.5149748e-09
1216	1.524878e-09
1217	1.528808e-09
1218	1.5197589e-09
1219	1.5598833e-09
1220	1.5513556e-09
1221	1.5341325e-09
1222	1.4978645e-09
1223	1.4829907e-09
1224	1.4671168e-09
1225	1.4631418e-09
1226	1.4446681e-09
1227	1.4634537e-09
1228	1.4421734e-09
1229	1.4115949e-09
1230	1.6529351e-09
1231	1.4920412e-09
1232	1.6975791e-09
1233	1.4352826e-09
1234	1.6702016e-09
1235	1.5041808e-09
1236	1.3499905e-09
1237	1.4056829e-09
1238	1.3465136e-09
1239	1.3521359e-09
1240	1.3811799e-09
1241	1.3773363e-09
1242	1.3577952e-09
1243	1.3993941e-09
1244	1.7134317e-09
1245	1.4516528e-09
1246	1.6575791e-09
1247	1.4594953e-09
1248	1.3382909e-09
1249	1.5305969e-09
1250	1.2986257e-09
1251	1.3045802e-09
1252	1.2781866e-09
1253	1.5470818e-09
1254	1.3523218e-09
1255	1.3731281e-09
1256	1.624296e-09
1257	1.4278083e-09
1258	1.6746648e-09
1259	1.5081931e-09
1260	1.4556253e-09
1261	1.4398266e-09
1262	1.4183461e-09
1263	1.4291201e-09
1264	1.3764351e-09
1265	1.3345304e-09
1266	1.2582204e-09
1267	1.2860059e-09
1268	1.5486995e-09
1269	1.34154e-09
1270	1.6320237e-09
1271	1.483602e-09
1272	1.5689823e-09
1273	1.6718381e-09
1274	1.6534026e-09
1275	1.4725465e-09
1276	1.3150851e-09
1277	1.2383172e-09
1278	1.4070404e-09
1279	1.2990718e-09
1280	1.2414043e-09
1281	1.4533836e-09
1282	1.4945188e-09
1283	1.5887466e-09
1284	1.58967e-09
1285	1.5880544e-09
1286	1.5940979e-09
1287	1.4129809e-09
1288	1.5048493e-09
1289	1.5015693e-09
1290	1.4351522e-09
1291	1.2690818e-09
1292	1.2699953e-09
1293	1.2538506e-09
1294	1.2613e-09
1295	1.5056926e-09
1296	1.3767237e-09
1297	1.5129836e-09
1298	1.5947356e-09
1299	1.6254535e-09
1300	1.413002e-09
1301	1.5469474e-09
1302	1.5863638e-09
1303	1.5272334e-09
1304	1.3267891e-09
1305	1.311685e-09
1306	1.379107e-09
1307	1.4172993e-09
1308	1.3984901e-09
1309	1.4131554e-09
1310	1.6186434e-09
1311	1.4545146e-09
1312	1.4004174e-09
1313	1.3965673e-09
1314	1.4071967e-09
1315	1.4574229e-09
1316	1.2967209e-09
1317	1.2374737e-09
1318	1.1697229e-09
1319	1.2972763e-09
1320	1.305455e-09
1321	1.3728977e-09
1322	1.4061469e-09
1323	1.3457531e-09
1324	1.5234018e-09
1325	1.4608034e-09
1326	1.4197935e-09
1327	1.4007074e-09
1328	1.3835206e-09
1329	1.395621e-09
1330	1.2389745e-09
1331	1.4027964e-09
1332	1.3654356e-09
1333	1.3469219e-09
1334	1.4343972e-09
1335	1.2587112e-09
1336	1.5800633e-09
1337	1.6267467e-09
1338	1.4036322e-09
1339	1.5629571e-09
1340	1.4996631e-09
1341	1.4868554e-09
1342	1.3485967e-09
1343	1.5940004e-09
1344	1.5599893e-09
1345	1.2413584e-09
1346	1.2385159e-09
1347	1.4429303e-09
1348	1.4176451e-09
1349	1.3851764e-09
1350	1.4679162e-09
1351	1.4942279e-09
1352	1.5134139e-09
1353	1.5293446e-09
1354	1.4854929e-09
1355	1.259787e-09
1356	1.2678034e-09
1357	1.2592196e-09
1358	1.2276757e-09
1359	1.1873634e-09
1360	1.1495388e-09
1361	1.3032372e-09
1362	1.3161777e-09
1363	1.3352241e-09
1364	1.5575084e-09
1365	1.4156695e-09
1366	1.6459272e-09
1367	1.4562221e-09
1368	1.4187606e-09
1369	1.4207876e-09
1370	1.2619208e-09
1371	1.2008732e-09
1372	1.33484e-09
1373	1.3348556e-09
1374	1.2915421e-09
1375	1.384161e-09
1376	1.4055111e-09
1377	1.4089766e-09
1378	1.417659e-09
1379	1.3662274e-09
1380	1.448958e-09
1381	1.4407938e-09
1382	1.4211727e-09
1383	1.409203e-09
1384	1.3706008e-09
1385	1.2347637e-09
1386	1.2438687e-09
1387	1.2230686e-09
1388	1.3934714e-09
1389	1.3934575e-09
1390	1.4370333e-09
1391	1.4494911e-09
1392	1.4551795e-09
1393	1.468458e-09
1394	1.4634387e-09
1395	1.2558578e-09
1396	1.2605996e-09
1397	1.2610513e-09
1398	1.2377311e-09
1399	1.2134681e-09
1400	1.1842346e-09
1401	1.1427981e-09
1402	1.3191174e-09
1403	1.3810549e-09
1404	1.4321896e-09
1405	1.4633961e-09
1406	1.4665164e-09
1407	1.4625926e-09
1408	1.4490355e-09
1409	1.2357916e-09
1410	1.2099232e-09
1411	1.189549e-09
1412	1.1430566e-09
1413	1.3148273e-09
1414	1.3330984e-09
1415	1.3506405e-09
1416	1.3328966e-09
1417	1.3173103e-09
1418	1.320813e-09
1419	1.303633e-09
1420	1.4008547e-09
1421	1.4444387e-09
1422	1.4466653e-09
1423	1.4385329e-09
1424	1.419128e-09
1425	1.247007e-09
1426	1.2563117e-09
1427	1.2583601e-09
1428	1.2180641e-09
1429	1.3793233e-09
1430	1.4358362e-09
1431	1.4877495e-09
1432	1.5170965e-09
1433	1.5276148e-09
1434	1.5263576e-09
1435	1.2681733e-09
1436	1.2396238e-09
1437	1.259258e-09
1438	1.0677437e-09
1439	1.1814585e-09
1440	1.1721328e-09
1441	1.1435382e-09
1442	1.1129624e-09
1443	1.3182668e-09
1444	1.3748491e-09
1445	1.4133328e-09
1446	1.422361e-09
1447	1.420235e-09
1448	1.424079e-09
1449	1.2300905e-09
1450	1.1975346e-09
1451	1.1891862e-09
1452	1.1643513e-09
1453	1.11248e-09
1454	1.3148024e-09
1455	1.1450846e-09
1456	1.3259317e-09
1457	1.3532519e-09
1458	1.3917641e-09
1459	1.4134169e-09
1460	1.4290586e-09
1461	1.4752211e-09
1462	1.5048149e-09
1463	1.5012915e-09
1464	1.4948218e-09
1465	1.2721158e-09
1466	1.2762678e-09
1467	1.2786099e-09
1468	1.2660984e-09
1469	1.2078553e-09
1470	1.3816015e-09
1471	1.4323547e-09
1472	1.4740687e-09
1473	1.4897411e-09
1474	1.5011868e-09
1475	1.2799634e-09
1476	1.2047418e-09
1477	1.227144e-09
1478	1.0696459e-09
1479	1.0165171e-09
1480	1.1584546e-09
1481	9.8971692e-10
1482	1.0903213e-09
1483	1.0880982e-09
1484	1.3295838e-09
1485	1.1971858e-09
1486	1.3860032e-09
1487	1.4005613e-09
1488	1.4272321e-09
1489	1.2169534e-09
1490	1.1816326e-09
1491	1.1940761e-09
1492	1.2135476e-09
1493	1.1837403e-09
1494	1.1316006e-09
1495	1.0893715e-09
1496	1.2904675e-09
1497	1.3223986e-09
1498	1.2980247e-09
1499	1.2702122e-09
1500	1.3355119e-09
1501	1.3800834e-09
1502	1.4436746e-09
1503	1.4839535e-09
1504	1.2779219e-09
1505	1.2260098e-09
1506	1.2315933e-09
1507	1.2470471e-09
1508	1.2802533e-09
1509	1.2615188e-09
1510	1.2010135e-09
1511	1.3922271e-09
1512	1.4461441e-09
1513	1.4642978e-09
1514	1.4943536e-09
1515	1.2728995e-09
1516	1.2156287e-09
1517	1.2116106e-09
1518	1.0593378e-09
1519	1.0055398e-09
1520	9.930635e-10
1521	9.7115182e-10
1522	9.5574785e-10
1523	1.0892969e-09
1524	1.1119158e-09
1525	1.1185e-09
1526	1.3613538e-09
1527	1.4005753e-09
1528	1.4209568e-09
1529	1.241997e-09
1530	1.1809289e-09
1531	1.1620791e-09
1532	1.1798332e-09
1533	1.2151346e-09
1534	1.1879979e-09
1535	1.1511968e-09
1536	1.1121e-09
1537	1.2687008e-09
1538	1.2608075e-09
1539	1.2658114e-09
1540	1.3264043e-09
1541	1.3795367e-09
1542	1.4142795e-09
1543	1.4482522e-09
1544	1.4652229e-09
1545	1.2581192e-09
1546	1.2655314e-09
1547	1.2745375e-09
1548	1.0941485e-09
1549	1.2216332e-09
1550	1.2104468e-09
1551	1.3891498e-09
1552	1.4415139e-09
1553	1.249411e-09
1554	1.4191148e-09
1555	1.2372587e-09
1556	1.2082213e-09
1557	1.1846375e-09
1558	1.2309923e-09
1559	1.052157e-09
1560	1.0218334e-09
1561	9.9272288e-10
1562	9.7915529e-10
1563	9.4801311e-10
1564	1.0799599e-09
1565	1.0990556e-09
1566	1.3327199e-09
1567	1.4141823e-09
1568	1.4080511e-09
1569	1.4298144e-09
1570	1.2319877e-09
1571	1.1728216e-09
1572	1.1688539e-09
1573	1.1825841e-09
1574	1.2012643e-09
1575	1.1641605e-09
1576	1.1293177e-09
1577	1.0930094e-09
1578	1.2418134e-09
1579	1.2639634e-09
1580	1.2827999e-09
1581	1.3548203e-09
1582	1.4038716e-09
1583	1.2284555e-09
1584	1.4294004e-09
1585	1.2814149e-09
1586	1.2954035e-09
1587	1.3126715e-09
1588	1.1645521e-09
1589	1.1226455e-09
1590	1.3011475e-09
1591	1.3245529e-09
1592	1.3003185e-09
1593	1.2947003e-09
1594	1.2779784e-09
1595	1.3055176e-09
1596	1.3143876e-09
1597	1.3403178e-09
1598	1.1747885e-09
1599	1.1521347e-09
1600	1.1176211e-09
1601	9.5107048e-10
1602	1.0718642e-09
1603	9.4262857e-10
1604	1.0396777e-09
1605	1.0296466e-09
1606	1.187447e-09
1607	1.2346527e-09
1608	1.2330668e-09
1609	1.4546535e-09
1610	1.3239472e-09
1611	1.3067581e-09
1612	1.1203905e-09
1613	1.0819909e-09
1614	1.0682467e-09
1615	1.0393298e-09
1616	1.2064301e-09
1617	1.2161755e-09
1618	1.1892162e-09
1619	1.1560504e-09
1620	1.347017e-09
1621	1.3979176e-09
1622	1.2171022e-09
1623	1.3956267e-09
1624	1.2247664e-09
1625	1.2433177e-09
1626	1.2650849e-09
1627	1.3116287e-09
1628	1.1338353e-09
1629	1.0726033e-09
1630	1.2754373e-09
1631	1.3148731e-09
1632	1.2886048e-09
1633	1.2434175e-09
1634	1.2160293e-09
1635	1.2199788e-09
1636	1.2343422e-09
1637	1.2939434e-09
1638	1.1118799e-09
1639	1.1309403e-09
1640	9.834319e-10
1641	9.4944442e-10
1642	9.3217445e-10
1643	9.2870121e-10
1644	9.2237704e-10
1645	1.0879586e-09
1646	1.1128563e-09
1647	1.1257924e-09
1648	1.312731e-09
1649	1.3450105e-09
1650	1.356171e-09
1651	1.1826851e-09
1652	1.1370177e-09
1653	1.1857254e-09
1654	1.2248243e-09
1655	1.0856205e-09
1656	1.1596865e-09
1657	1.1117237e-09
1658	1.0769538e-09
1659	1.2258228e-09
1660	1.2664812e-09
1661	1.3056117e-09
1662	1.3197347e-09
1663	1.3222626e-09
1664	1.3032221e-09
1665	1.3194336e-09
1666	1.3469043e-09
1667	1.2215938e-09
1668	1.2032537e-09
1669	1.2316818e-09
1670	1.0619805e-09
1671	1.1817353e-09
1672	1.1822411e-09
1673	1.317837e-09
1674	1.3734358e-09
1675	1.367505e-09
1676	1.338466e-09
1677	1.3616681e-09
1678	1.1737868e-09
1679	1.1321483e-09
1680	1.0049183e-09
1681	9.6430342e-10
1682	9.3737562e-10
1683	9.1795596e-10
1684	9.0230707e-10
1685	8.975239e-10
1686	1.0215264e-09
1687	1.2152515e-09
1688	1.26072e-09
1689	1.2396814e-09
1690	1.4099546e-09
1691	1.239503e-09
1692	1.2233727e-09
1693	1.0833822e-09
1694	1.0989527e-09
1695	1.1348695e-09
1696	1.1266165e-09
1697	1.0576925e-09
1698	1.172442e-09
1699	1.1610147e-09
1700	1.1623855e-09
1701	1.1810585e-09
1702	1.1618665e-09
1703	1.1923956e-09
1704	1.213047e-09
1705	1.2431463e-09
1706	1.287197e-09
1707	1.3486722e-09
1708	1.2420008e-09
1709	1.2529683e-09
1710	1.0804269e-09
1711	1.1924619e-09
1712	1.2363662e-09
1713	1.2870423e-09
1714	1.2130713e-09
1715	1.193725e-09
1716	1.4101104e-09
1717	1.2954244e-09
1718	1.2591203e-09
1719	1.2558492e-09
1720	1.1234556e-09
1721	1.1052204e-09
1722	1.0451966e-09
1723	9.0875901e-10
1724	9.6384098e-10
1725	9.921872e-10
1726	1.0374221e-09
1727	1.0040196e-09
1728	1.1303714e-09
1729	1.1649253e-09
1730	1.3886312e-09
1731	1.4263692e-09
1732	1.2528919e-09
1733	1.2203964e-09
1734	1.0865806e-09
1735	1.0952416e-09
1736	1.1131153e-09
1737	1.0943521e-09
1738	1.0125348e-09
1739	1.1073492e-09
1740	1.1104768e-09
1741	1.105813e-09
1742	1.2832224e-09
1743	1.3499126e-09
1744	1.1931552e-09
1745	1.214093e-09
1746	1.2086482e-09
1747	1.2780105e-09
1748	1.2138354e-09
1749	1.2129133e-09
1750	1.2105044e-09
1751	1.1714669e-09
1752	1.244712e-09
1753	1.2190121e-09
1754	1.3195827e-09
1755	1.3017003e-09
1756	1.2765396e-09
1757	1.2480041e-09
1758	1.2381425e-09
1759	1.2635524e-09
1760	1.109966e-09
1761	1.1477859e-09
1762	1.0536705e-09
1763	9.8582836e-10
1764	9.7816302e-10
1765	8.6662006e-10
1766	9.5061005e-10
1767	9.3569533e-10
1768	1.0829053e-09
1769	1.1001253e-09
1770	1.2921192e-09
1771	1.2788432e-09
1772	1.2763629e-09
1773	1.2694744e-09
1774	1.0941503e-09
1775	1.0700688e-09
1776	1.0723278e-09
1777	1.0680016e-09
1778	1.0467137e-09
1779	1.1784931e-09
1780	1.1950813e-09
1781	1.210533e-09
1782	1.1965566e-09
1783	1.3584223e-09
1784	1.3786004e-09
1785	1.1916584e-09
1786	1.3769855e-09
1787	1.2425946e-09
1788	1.316853e-09
1789	1.2249529e-09
1790	1.2229467e-09
1791	1.1811824e-09
1792	1.072629e-09
1793	1.1961615e-09
1794	1.2102796e-09
1795	1.3677287e-09
1796	1.2881608e-09
1797	1.2018519e-09
1798	1.3624295e-09
1799	1.2188643e-09
1800	1.2302429e-09
1801	1.0830569e-09
1802	1.0899723e-09
1803	9.5134519e-10
1804	9.2537544e-10
1805	9.2237555e-10
1806	9.4527233e-10
1807	9.6109202e-10
1808	1.0971264e-09
1809	1.1509122e-09
1810	1.1555492e-09
1811	1.2952622e-09
1812	1.3201343e-09
1813	1.3444647e-09
1814	1.1826413e-09
1815	1.1676724e-09
1816	1.185635e-09
1817	1.2128633e-09
1818	1.1999995e-09
1819	1.1124748e-09
1820	1.0395052e-09
1821	1.188074e-09
1822	1.2268135e-09
1823	1.2344755e-09
1824	1.1790029e-09
1825	1.214138e-09
1826	1.2317049e-09
1827	1.2632782e-09
1828	1.3481409e-09
1829	1.2439462e-09
1830	1.2446147e-09
1831	1.1685467e-09
1832	1.1426661e-09
1833	1.1381839e-09
1834	1.1347804e-09
1835	1.2652874e-09
1836	1.2587559e-09
1837	1.2846059e-09
1838	1.2908211e-09
1839	1.2595895e-09
1840	1.2349558e-09
1841	1.1044014e-09
1842	1.0309347e-09
1843	1.0223672e-09
1844	9.8408752e-10
1845	9.5715833e-10
1846	9.3243434e-10
1847	8.8530187e-10
1848	1.0331642e-09
1849	1.0365771e-09
1850	1.1398757e-09
1851	1.2708523e-09
1852	1.3982683e-09
1853	1.3817669e-09
1854	1.2440597e-09
1855	1.2581081e-09
1856	1.1212733e-09
1857	1.1535859e-09
1858	1.2161624e-09
1859	1.0859416e-09
1860	1.1761781e-09
1861	1.1111602e-09
1862	1.1194486e-09
1863	1.1192286e-09
1864	1.2913351e-09
1865	1.3005509e-09
1866	1.3126103e-09
1867	1.3148187e-09
1868	1.3043571e-09
1869	1.369325e-09
1870	1.2403428e-09
1871	1.1785399e-09
1872	1.1565661e-09
1873	1.131457e-09
1874	1.1907902e-09
1875	1.2323799e-09
1876	1.208363e-09
1877	1.3046893e-09
1878	1.279195e-09
1879	1.2484272e-09
1880	1.2265102e-09
1881	1.2201662e-09
1882	1.2216761e-09
1883	1.0543754e-09
1884	9.929421e-10
1885	9.5427957e-10
1886	9.1790223e-10
1887	8.9712584e-10
1888	8.8959317e-10
1889	9.7142258e-10
1890	1.139984e-09
1891	1.1941225e-09
1892	1.3336811e-09
1893	1.2958571e-09
1894	1.274082e-09
1895	1.2919967e-09
1896	1.1627747e-09
1897	1.1613348e-09
1898	1.1759882e-09
1899	1.1903303e-09
1900	1.1690066e-09
1901	1.0557476e-09
1902	1.1919044e-09
1903	1.1190126e-09
1904	1.2360456e-09
1905	1.3900232e-09
1906	1.221054e-09
1907	1.2466523e-09
1908	1.3867783e-09
1909	1.3345454e-09
1910	1.3450811e-09
1911	1.267755e-09
1912	1.2470937e-09
1913	1.147576e-09
1914	1.138748e-09
1915	1.2051621e-09
1916	1.3002662e-09
1917	1.2925276e-09
1918	1.3664036e-09
1919	1.2593347e-09
1920	1.2483528e-09
1921	1.3041105e-09
1922	1.3063752e-09
1923	1.1290065e-09
1924	1.1041982e-09
1925	1.0227584e-09
1926	9.0874138e-10
1927	9.3488447e-10
1928	8.9940883e-10
1929	1.0055807e-09
1930	1.0645572e-09
1931	1.1614966e-09
1932	1.2864718e-09
1933	1.3864391e-09
1934	1.4520645e-09
1935	1.2843756e-09
1936	1.1641602e-09
1937	1.1563652e-09
1938	1.2105133e-09
1939	1.2311836e-09
1940	1.2063848e-09
1941	1.0867279e-09
1942	1.1039142e-09
1943	1.1323562e-09
1944	1.1355112e-09
1945	1.2824303e-09
1946	1.2916695e-09
1947	1.2866591e-09
1948	1.2898382e-09
1949	1.2973728e-09
1950	1.3058547e-09
1951	1.2475936e-09
1952	1.2194372e-09
1953	1.1874347e-09
1954	1.1602928e-09
1955	1.1402966e-09
1956	1.2413139e-09
1957	1.2148095e-09
1958	1.2712112e-09
1959	1.3739524e-09
1960	1.3566495e-09
1961	1.3249837e-09
1962	1.3557999e-09
1963	1.2259555e-09
1964	1.1042371e-09
1965	1.0309348e-09
1966	9.6951931e-10
1967	9.4678009e-10
1968	8.7716647e-10
1969	9.3655604e-10
1970	9.8151287e-10
1971	1.0934331e-09
1972	1.1971721e-09
1973	1.1981527e-09
1974	1.3021018e-09
1975	1.2817057e-09
1976	1.3255551e-09
1977	1.1708044e-09
1978	1.198982e-09
1979	1.2180644e-09
1980	1.191374e-09
1981	1.165006e-09
1982	1.0828204e-09
1983	1.1484189e-09
1984	1.1450697e-09
1985	1.2929354e-09
1986	1.2293666e-09
1987	1.2302518e-09
1988	1.3558877e-09
1989	1.2814636e-09
1990	1.3734502e-09
1991	1.2263228e-09
1992	1.2282069e-09
1993	1.1886794e-09
1994	1.1793402e-09
1995	1.1603235e-09
1996	1.1366997e-09
1997	1.215927e-09
1998	1.3457512e-09
1999	1.3669919e-09
2000	1.2936923e-09
2001	1.2722879e-09
2002	1.2136348e-09
2003	1.2087153e-09
2004	1.227631e-09
2005	1.1205327e-09
2006	1.030546e-09
2007	9.5384e-10
2008	9.0867304e-10
2009	8.5176386e-10
2010	9.148948e-10
2011	1.0385654e-09
2012	1.0963151e-09
2013	1.2109684e-09
2014	1.3411525e-09
2015	1.442295e-09
2016	1.4055937e-09
2017	1.3195295e-09
2018	1.2714753e-09
2019	1.236153e-09
2020	1.2406163e-09
2021	1.2193403e-09
2022	1.1838928e-09
2023	1.0753776e-09
2024	1.128889e-09
2025	1.237799e-09
2026	1.1831559e-09
2027	1.3357206e-09
2028	1.3174715e-09
2029	1.3143555e-09
2030	1.2908212e-09
2031	1.2924778e-09
2032	1.2827913e-09
2033	1.1796709e-09
2034	1.1625864e-09
2035	1.1820523e-09
2036	1.1568743e-09
2037	1.2317567e-09
2038	1.2822165e-09
2039	1.3533896e-09
2040	1.2353509e-09
2041	1.3124928e-09
2042	1.3803384e-09
2043	1.3316471e-09
2044	1.1774292e-09
2045	1.2091742e-09
2046	1.0668757e-09
2047	9.9177576e-10
2048	9.2561495e-10
2049	9.0831039e-10
2050	9.0036228e-10
2051	9.8201759e-10
2052	1.0380692e-09
2053	1.1563329e-09
2054	1.2043883e-09
2055	1.2278272e-09
2056	1.462963e-09
2057	1.3689944e-09
2058	1.21008e-09
2059	1.2660913e-09
2060	1.2584234e-09
2061	1.2002114e-09
2062	1.1946233e-09
2063	1.1132118e-09
2064	1.1460319e-09
2065	1.112682e-09
2066	1.2297197e-09
2067	1.3545235e-09
2068	1.3453891e-09
2069	1.3175822e-09
2070	1.3456862e-09
2071	1.3425202e-09
2072	1.3079022e-09
2073	1.2705422e-09
2074	1.1694237e-09
2075	1.1692689e-09
2076	1.1501919e-09
2077	1.1836247e-09
2078	1.1802768e-09
2079	1.2825031e-09
2080	1.2365224e-09
2081	1.3713236e-09
2082	1.3560177e-09
2083	1.3567207e-09
2084	1.3294139e-09
2085	1.1351135e-09
2086	1.1423118e-09
2087	1.0524564e-09
2088	9.4980449e-10
2089	9.3748519e-10
2090	8.9368855e-10
2091	9.3048694e-10
2092	9.8116454e-10
2093	1.0585632e-09
2094	1.148647e-09
2095	1.2781686e-09
2096	1.3279543e-09
2097	1.4211927e-09
2098	1.2716292e-09
2099	1.2726806e-09
2100	1.1668304e-09
2101	1.1696581e-09
2102	1.2319084e-09
2103	1.1394694e-09
2104	1.1099813e-09
2105	1.1285118e-09
2106	1.2192565e-09
2107	1.2795636e-09
2108	1.3790051e-09
2109	1.4036e-09
2110	1.3048906e-09
2111	1.3264679e-09
2112	1.3035124e-09
2113	1.3004663e-09
2114	1.1488141e-09
2115	1.1986866e-09
2116	1.1765394e-09
2117	1.107133e-09
2118	1.1827822e-09
2119	1.2853781e-09
2120	1.2828164e-09
2121	1.2884099e-09
2122	1.2863298e-09
2123	1.2414727e-09
2124	1.3365301e-09
2125	1.2376932e-09
2126	1.2305375e-09
2127	1.1394177e-09
2128	9.9823814e-10
2129	9.284715e-10
2130	9.0577701e-10
2131	8.6127826e-10
2132	9.1434238e-10
2133	9.9777296e-10
2134	1.1258426e-09
2135	1.2094783e-09
2136	1.2115918e-09
2137	1.3376132e-09
2138	1.3382827e-09
2139	1.2460397e-09
2140	1.2709981e-09
2141	1.2459807e-09
2142	1.2336798e-09
2143	1.2284021e-09
2144	1.1426324e-09
2145	1.1277179e-09
2146	1.0670727e-09
2147	1.1987823e-09
2148	1.3194829e-09
2149	1.3854999e-09
2150	1.2860799e-09
2151	1.3605771e-09
2152	1.3801691e-09
2153	1.3809657e-09
2154	1.1808142e-09
2155	1.1914919e-09
2156	1.1715963e-09
2157	1.1598789e-09
2158	1.1683744e-09
2159	1.1831781e-09
2160	1.2313493e-09
2161	1.2436955e-09
2162	1.3030019e-09
2163	1.328038e-09
2164	1.3419424e-09
2165	1.3512677e-09
2166	1.2222884e-09
2167	1.1382361e-09
2168	1.0943387e-09
2169	1.0225593e-09
2170	9.250052e-10
2171	8.7811701e-10
2172	8.8207697e-10
2173	9.6161988e-10
2174	9.1093165e-10
2175	1.0519854e-09
2176	1.142721e-09
2177	1.3708791e-09
2178	1.2995931e-09
2179	1.3238391e-09
2180	1.2682386e-09
2181	1.3160442e-09
2182	1.2672664e-09
2183	1.2439009e-09
2184	1.2026034e-09
2185	1.0999992e-09
2186	1.1419045e-09
2187	1.1720355e-09
2188	1.2127504e-09
2189	1.30336e-09
2190	1.4061852e-09
2191	1.3985237e-09
2192	1.3349837e-09
2193	1.3805966e-09
2194	1.2864676e-09
2195	1.2391856e-09
2196	1.2110911e-09
2197	1.203197e-09
2198	1.1556923e-09
2199	1.1315375e-09
2200	1.2091871e-09
2201	1.2790575e-09
2202	1.2780781e-09
2203	1.3846165e-09
2204	1.3453175e-09
2205	1.3753577e-09
2206	1.2623809e-09
2207	1.2703596e-09
2208	1.1438465e-09
2209	1.027693e-09
2210	9.9820951e-10
2211	9.0811439e-10
2212	8.8881311e-10
2213	8.9342846e-10
2214	9.4575679e-10
2215	1.0543053e-09
2216	1.088715e-09
2217	1.2258134e-09
2218	1.3832753e-09
2219	1.3997173e-09
2220	1.392232e-09
2221	1.1852871e-09
2222	1.1124678e-09
2223	1.2341963e-09
2224	1.2529678e-09
2225	1.2283322e-09
2226	1.1222423e-09
2227	1.041883e-09
2228	1.1732883e-09
2229	1.281961e-09
2230	1.3107664e-09
2231	1.4038186e-09
2232	1.2495354e-09
2233	1.3542675e-09
2234	1.3863941e-09
2235	1.2224096e-09
2236	1.1878101e-09
2237	1.1927575e-09
2238	1.1350543e-09
2239	1.101342e-09
2240	1.152e-09
2241	1.2539252e-09
2242	1.2622577e-09
2243	1.248155e-09
2244	1.3983582e-09
2245	1.3130988e-09
2246	1.2829871e-09
2247	1.2288009e-09
2248	1.1595668e-09
2249	1.1052222e-09
2250	9.6600718e-10
2251	8.8162763e-10
2252	8.5874957e-10
2253	9.1085362e-10
2254	9.3934898e-10
2255	1.0260104e-09
2256	1.0178178e-09
2257	1.1751907e-09
2258	1.3072672e-09
2259	1.3399051e-09
2260	1.34393e-09
2261	1.3583224e-09
2262	1.3382694e-09
2263	1.1926593e-09
2264	1.2797353e-09
2265	1.2691776e-09
2266	1.1732642e-09
2267	1.1505054e-09
2268	1.1097201e-09
2269	1.1754788e-09
2270	1.2285548e-09
2271	1.2347154e-09
2272	1.2162982e-09
2273	1.3617237e-09
2274	1.3076302e-09
2275	1.2443475e-09
2276	1.3120781e-09
2277	1.1919626e-09
2278	1.1806333e-09
2279	1.1472082e-09
2280	1.0248057e-09
2281	1.087224e-09
2282	1.2189236e-09
2283	1.209488e-09
2284	1.3875192e-09
2285	1.2929671e-09
2286	1.3278137e-09
2287	1.3265006e-09
2288	1.3057358e-09
2289	1.2261991e-09
2290	1.1186463e-09
2291	1.0470852e-09
2292	9.2643599e-10
2293	9.4835373e-10
2294	8.8910521e-10
2295	9.9608121e-10
2296	1.0355962e-09
2297	1.0848118e-09
2298	1.1991348e-09
2299	1.2618108e-09
2300	1.2710959e-09
2301	1.4324499e-09
2302	1.4146883e-09
2303	1.2282478e-09
2304	1.3035176e-09
2305	1.2164678e-09
2306	1.260293e-09
2307	1.1814184e-09
2308	1.2229821e-09
2309	1.1751016e-09
2310	1.2337801e-09
2311	1.2707046e-09
2312	1.4512562e-09
2313	1.440237e-09
2314	1.2513064e-09
2315	1.3659215e-09
2316	1.3309884e-09
2317	1.253988e-09
2318	1.2227696e-09
2319	1.1598101e-09
2320	1.0738646e-09
2321	1.1101013e-09
2322	1.1798686e-09
2323	1.2571344e-09
2324	1.3713724e-09
2325	1.2922013e-09
2326	1.3042336e-09
2327	1.3004847e-09
2328	1.2866622e-09
2329	1.2644986e-09
2330	1.1799043e-09
2331	1.06737e-09
2332	1.0499425e-09
2333	1.0133028e-09
2334	8.7555014e-10
2335	9.2885508e-10
2336	1.0514291e-09
2337	1.0634487e-09
2338	1.1586395e-09
2339	1.2306275e-09
2340	1.4369263e-09
2341	1.4736022e-09
2342	1.4434826e-09
2343	1.4410209e-09
2344	1.3817108e-09
2345	1.3872429e-09
2346	1.2782057e-09
2347	1.2802226e-09
2348	1.2468245e-09
2349	1.2108392e-09
2350	1.2093953e-09
2351	1.2103487e-09
2352	1.3791395e-09
2353	1.41691e-09
2354	1.4678012e-09
2355	1.4107084e-09
2356	1.3797206e-09
2357	1.3492194e-09
2358	1.2891817e-09
2359	1.1557319e-09
2360	1.2679781e-09
2361	1.1686724e-09
2362	1.2071848e-09
2363	1.2880176e-09
2364	1.2571406e-09
2365	1.2894193e-09
2366	1.3851584e-09
2367	1.4332329e-09
2368	1.4429712e-09
2369	1.423987e-09
2370	1.2054543e-09
2371	1.1921038e-09
2372	1.0673682e-09
2373	1.0542744e-09
2374	9.6223144e-10
2375	8.8451403e-10
2376	9.1397848e-10
2377	9.7903236e-10
2378	1.1021405e-09
2379	1.2615998e-09
2380	1.3358868e-09
2381	1.334698e-09
2382	1.4460167e-09
2383	1.4532865e-09
2384	1.3471909e-09
2385	1.2239003e-09
2386	1.3250108e-09
2387	1.3366786e-09
2388	1.3212448e-09
2389	1.2636612e-09
2390	1.2565946e-09
2391	1.3067449e-09
2392	1.338844e-09
2393	1.4257826e-09
2394	1.4649322e-09
2395	1.4566171e-09
2396	1.4882736e-09
2397	1.383704e-09
2398	1.3415093e-09
2399	1.258197e-09
2400	1.1579163e-09
2401	1.2349815e-09
2402	1.1582679e-09
2403	1.1776408e-09
2404	1.3185417e-09
2405	1.276834e-09
2406	1.4451234e-09
2407	1.2951792e-09
2408	1.2741816e-09
2409	1.4624292e-09
2410	1.3996713e-09
2411	1.3038673e-09
2412	1.1198661e-09
2413	1.134768e-09
2414	1.0192508e-09
2415	1.0113372e-09
2416	9.8674482e-10
2417	9.7025551e-10
2418	1.02946e-09
2419	1.1531934e-09
2420	1.2375665e-09
2421	1.2596016e-09
2422	1.4287292e-09
2423	1.4287197e-09
2424	1.4340448e-09
2425	1.3214622e-09
2426	1.3261961e-09
2427	1.2612387e-09
2428	1.2302331e-09
2429	1.238557e-09
2430	1.2306833e-09
2431	1.243225e-09
2432	1.2889519e-09
2433	1.3415412e-09
2434	1.4245006e-09
2435	1.488829e-09
2436	1.4130164e-09
2437	1.3655926e-09
2438	1.4173649e-09
2439	1.2788974e-09
2440	1.3158139e-09
2441	1.2693252e-09
2442	1.2132207e-09
2443	1.1650458e-09
2444	1.1174999e-09
2445	1.2720328e-09
2446	1.3905304e-09
2447	1.4438425e-09
2448	1.3843266e-09
2449	1.362071e-09
2450	1.3700185e-09
2451	1.3642298e-09
2452	1.2453882e-09
2453	1.2205333e-09
2454	1.0847587e-09
2455	1.0034114e-09
2456	9.7744483e-10
2457	9.2407132e-10
2458	1.0047348e-09
2459	1.0456714e-09
2460	1.133458e-09
2461	1.1922681e-09
2462	1.4221006e-09
2463	1.4669164e-09
2464	1.5157159e-09
2465	1.4342718e-09
2466	1.3879053e-09
2467	1.3668482e-09
2468	1.2493627e-09
2469	1.1794597e-09
2470	1.1853772e-09
2471	1.2223646e-09
2472	1.2728639e-09
2473	1.3336066e-09
2474	1.360795e-09
2475	1.4166312e-09
2476	1.4288351e-09
2477	1.4099794e-09
2478	1.3855957e-09
2479	1.3742977e-09
2480	1.3772928e-09
2481	1.2853669e-09
2482	1.2988364e-09
2483	1.2730146e-09
2484	1.2527679e-09
2485	1.1228712e-09
2486	1.3512641e-09
2487	1.3363859e-09
2488	1.4240409e-09
2489	1.4920443e-09
2490	1.495322e-09
2491	1.4072202e-09
2492	1.3495524e-09
2493	1.1955276e-09
2494	1.1539184e-09
2495	1.0835463e-09
2496	1.0093316e-09
2497	9.1094223e-10
2498	1.0144548e-09
2499	9.6626194e-10
2500	1.1075264e-09
2501	1.1685901e-09
2502	1.1789514e-09
2503	1.4748509e-09
2504	1.5045797e-09
2505	1.4675533e-09
2506	1.3389627e-09
2507	1.2861783e-09
2508	1.3677602e-09
2509	1.3105517e-09
2510	1.3223415e-09
2511	1.1413131e-09
2512	1.2531832e-09
2513	1.2102004e-09
2514	1.341047e-09
2515	1.4266467e-09
2516	1.4025147e-09
2517	1.3349179e-09
2518	1.295681e-09
2519	1.5052803e-09
2520	1.2825253e-09
2521	1.2939734e-09
2522	1.2255497e-09
2523	1.1773898e-09
2524	1.2729171e-09
2525	1.266059e-09
2526	9.3063563e-10
2527	1.29576e-09
2528	1.3191904e-09
2529	1.3800241e-09
2530	1.42232e-09
2531	1.4148995e-09
2532	1.4319472e-09
2533	1.1904225e-09
2534	1.2232735e-09
2535	1.15933e-09
2536	1.0246897e-09
2537	9.3439009e-10
2538	9.5315818e-10
2539	9.2988076e-10
2540	1.0047613e-09
2541	9.9258623e-10
2542	1.2480693e-09
2543	1.3804367e-09
2544	1.4478935e-09
2545	1.4097563e-09
2546	1.3004258e-09
2547	1.3973238e-09
2548	1.0622305e-09
2549	1.2968466e-09
2550	1.3275799e-09
2551	1.3148495e-09
2552	1.2437752e-09
2553	1.1218408e-09
2554	1.2502256e-09
2555	1.3418704e-09
2556	1.3518209e-09
2557	1.27055e-09
2558	1.476876e-09
2559	1.3612693e-09
2560	1.4097827e-09
2561	1.3354684e-09
2562	1.2266576e-09
2563	9.1210216e-10
2564	1.185946e-09
2565	1.1312567e-09
2566	1.0666505e-09
2567	1.0141638e-09
2568	1.1964382e-09
2569	1.4418515e-09
2570	1.3694989e-09
2571	1.4608148e-09
2572	1.3721416e-09
2573	1.3621281e-09
2574	1.2680565e-09
2575	1.1874158e-09
2576	1.0503527e-09
2577	1.0238459e-09
2578	8.8643275e-10
2579	8.9167444e-10
2580	1.0608178e-09
2581	1.0728372e-09
2582	1.1318214e-09
2583	1.1510573e-09
2584	1.2875486e-09
2585	1.3567697e-09
2586	1.5790406e-09
2587	1.3969103e-09
2588	1.224963e-09
2589	1.0804964e-09
2590	1.1502105e-09
2591	1.3220162e-09
2592	1.2839721e-09
2593	1.1835522e-09
2594	1.2607971e-09
2595	1.1864629e-09
2596	1.2577315e-09
2597	1.2749101e-09
2598	1.4966726e-09
2599	1.4242469e-09
2600	1.3635382e-09
2601	1.4914015e-09
2602	1.3763988e-09
2603	1.1601358e-09
2604	1.2643794e-09
2605	1.2734304e-09
2606	9.7430901e-10
2607	1.2835494e-09
2608	1.1864943e-09
2609	1.2879067e-09
2610	1.3048478e-09
2611	1.4186832e-09
2612	1.4437939e-09
2613	1.4588696e-09
2614	1.3251352e-09
2615	1.2049991e-09
2616	1.0961351e-09
2617	1.0171911e-09
2618	9.8702072e-10
2619	8.7424402e-10
2620	8.571721e-10
2621	1.0512447e-09
2622	1.0574369e-09
2623	1.1166286e-09
2624	1.3059419e-09
2625	1.3949222e-09
2626	1.3793079e-09
2627	1.5342403e-09
2628	1.3092188e-09
2629	1.3823601e-09
2630	1.2765221e-09
2631	1.1997564e-09
2632	1.2909855e-09
2633	1.1702785e-09
2634	1.0979082e-09
2635	1.198827e-09
2636	1.3247487e-09
2637	1.3353713e-09
2638	1.285627e-09
2639	1.4653316e-09
2640	1.3541899e-09
2641	1.4279315e-09
2642	1.3980984e-09
2643	1.2994331e-09
2644	1.0076564e-09
2645	1.2788246e-09
2646	1.1214115e-09
2647	1.2178652e-09
2648	1.1543179e-09
2649	1.2031959e-09
2650	1.2147953e-09
2651	1.4064574e-09
2652	1.2900749e-09
2653	1.3418202e-09
2654	1.3522131e-09
2655	1.3373165e-09
2656	1.2321851e-09
2657	1.0588002e-09
2658	1.0816685e-09
2659	9.1019185e-10
2660	9.0048337e-10
2661	8.7515584e-10
2662	1.0759482e-09
2663	1.056537e-09
2664	1.0728969e-09
2665	1.2520816e-09
2666	1.3401773e-09
2667	1.5566632e-09
2668	1.4161628e-09
2669	1.2486683e-09
2670	1.1169866e-09
2671	1.2782006e-09
2672	1.2182419e-09
2673	1.2911899e-09
2674	1.2624193e-09
2675	1.1480183e-09
2676	1.233739e-09
2677	1.277963e-09
2678	1.2868718e-09
2679	1.5015802e-09
2680	1.4377866e-09
2681	1.3751311e-09
2682	1.3392055e-09
2683	1.2977714e-09
2684	1.2220279e-09
2685	1.0056449e-09
2686	1.1932215e-09
2687	1.128912e-09
2688	8.7785161e-10
2689	1.2286657e-09
2690	1.1339306e-09
2691	1.2632163e-09
2692	1.4266761e-09
2693	1.2986088e-09
2694	1.3445636e-09
2695	1.3441869e-09
2696	1.3090571e-09
2697	1.1910179e-09
2698	1.119339e-09
2699	1.0650465e-09
2700	8.6710997e-10
2701	9.3165069e-10
2702	9.9479017e-10
2703	9.2211263e-10
2704	1.1122274e-09
2705	1.0982045e-09
2706	1.2342819e-09
2707	1.45342e-09
2708	1.3857943e-09
2709	1.5271952e-09
2710	1.3177174e-09
2711	1.0977404e-09
2712	1.260192e-09
2713	1.2071021e-09
2714	1.2179558e-09
2715	1.1721059e-09
2716	1.2008448e-09
2717	1.285782e-09
2718	1.3634142e-09
2719	1.3930823e-09
2720	1.3739442e-09
2721	1.3684501e-09
2722	1.3362796e-09
2723	1.3397887e-09
2724	1.3018957e-09
2725	1.1028141e-09
2726	1.0403676e-09
2727	8.9238228e-10
2728	1.0743407e-09
2729	1.1272355e-09
2730	1.3491331e-09
2731	1.3442513e-09
2732	1.3003829e-09
2733	1.3984574e-09
2734	1.4394042e-09
2735	1.4471958e-09
2736	1.4251526e-09
2737	1.3087113e-09
2738	1.1211051e-09
2739	9.4381291e-10
2740	8.7578964e-10
2741	9.1376237e-10
2742	7.8571556e-10
2743	1.0367905e-09
2744	1.1199804e-09
2745	1.0457422e-09
2746	1.2339979e-09
2747	1.3764262e-09
2748	1.3834448e-09
2749	1.4748514e-09
2750	1.288466e-09
2751	1.1446827e-09
2752	1.0931667e-09
2753	1.1033486e-09
2754	1.1712935e-09
2755	1.2032624e-09
2756	1.1766124e-09
2757	1.2190688e-09
2758	1.305891e-09
2759	1.3761561e-09
2760	1.3982491e-09
2761	1.3650496e-09
2762	1.3206836e-09
2763	1.2877293e-09
2764	1.2689149e-09
2765	1.2138571e-09
2766	1.0098322e-09
2767	1.2496231e-09
2768	1.1196505e-09
2769	1.1693978e-09
2770	1.1141817e-09
2771	1.3019101e-09
2772	1.1357355e-09
2773	1.2838612e-09
2774	1.3736136e-09
2775	1.4119751e-09
2776	1.4018791e-09
2777	1.342175e-09
2778	1.1606137e-09
2779	1.0218822e-09
2780	8.8603194e-10
2781	8.6996706e-10
2782	8.6913669e-10
2783	7.8145674e-10
2784	1.0401076e-09
2785	9.0631263e-10
2786	1.1693978e-09
2787	1.2526804e-09
2788	1.3081116e-09
2789	1.3006007e-09
2790	1.2608005e-09
2791	1.1983085e-09
2792	1.1234196e-09
2793	1.0090657e-09
2794	1.0135997e-09
2795	1.0817879e-09
2796	1.1027616e-09
2797	1.10721e-09
2798	1.1748371e-09
2799	1.2636679e-09
2800	1.3232934e-09
2801	1.3324435e-09
2802	1.2879464e-09
2803	1.2549092e-09
2804	1.2330106e-09
2805	1.4678195e-09
2806	1.2656298e-09
2807	1.2527852e-09
2808	1.1048827e-09
2809	1.1295934e-09
2810	1.1361659e-09
2811	1.072116e-09
2812	1.2210116e-09
2813	1.2320096e-09
2814	1.200544e-09
2815	1.3201149e-09
2816	1.3733481e-09
2817	1.3720831e-09
2818	1.2656735e-09
2819	1.2727409e-09
2820	9.3125688e-10
2821	9.8419256e-10
2822	1.0323202e-09
2823	1.0007329e-09
2824	7.8859302e-10
2825	9.6453552e-10
2826	1.0255196e-09
2827	1.1149053e-09
2828	1.1755021e-09
2829	1.2203034e-09
2830	1.2326515e-09
2831	1.17417e-09
2832	1.4299207e-09
2833	1.213877e-09
2834	1.3214391e-09
2835	1.1102754e-09
2836	1.2945199e-09
2837	1.0719261e-09
2838	9.9151662e-10
2839	1.0965266e-09
2840	1.2455723e-09
2841	1.3386006e-09
2842	1.3301094e-09
2843	1.2511384e-09
2844	1.2058787e-09
2845	1.417407e-09
2846	1.2396062e-09
2847	1.2141248e-09
2848	1.0804951e-09
2849	1.1221467e-09
2850	1.1669439e-09
2851	1.183486e-09
2852	1.1253844e-09
2853	1.3518499e-09
2854	1.0699206e-09
2855	1.1342529e-09
2856	1.2311463e-09
2857	1.2647096e-09
2858	1.245823e-09
2859	1.0517525e-09
2860	1.2328708e-09
2861	1.1013952e-09
2862	1.1000543e-09
2863	8.5764748e-10
2864	8.1264529e-10
2865	9.740343e-10
2866	8.8028346e-10
2867	9.2386153e-10
2868	1.0692433e-09
2869	1.1102512e-09
2870	1.1369661e-09
2871	1.5114284e-09
2872	1.2246609e-09
2873	1.1832517e-09
2874	1.322519e-09
2875	1.360049e-09
2876	1.31416e-09
2877	1.0605041e-09
2878	9.433352e-10
2879	1.1756138e-09
2880	1.3023945e-09
2881	1.1814967e-09
2882	1.2221768e-09
2883	1.4720253e-09
2884	1.2614256e-09
2885	1.4486564e-09
2886	1.2021371e-09
2887	1.2317428e-09
2888	1.1097617e-09
2889	1.1515733e-09
2890	1.2156813e-09
2891	9.2624347e-10
2892	1.1595907e-09
2893	1.1372235e-09
2894	1.3473309e-09
2895	1.1398615e-09
2896	1.1171514e-09
2897	1.4443121e-09
2898	1.3324422e-09
2899	1.1573085e-09
2900	1.2381336e-09
2901	1.1234069e-09
2902	1.1009338e-09
2903	9.7479994e-10
2904	8.0600339e-10
2905	7.7924969e-10
2906	9.6523447e-10
2907	9.1045588e-10
2908	1.0403463e-09
2909	1.2010377e-09
2910	1.3772588e-09
2911	1.4712382e-09
2912	1.2492199e-09
2913	1.4315816e-09
2914	1.3197472e-09
2915	1.185163e-09
2916	1.1416594e-09
2917	1.138098e-09
2918	1.0663434e-09
2919	9.7007141e-10
2920	1.0835179e-09
2921	9.7246241e-10
2922	1.1534353e-09
2923	1.2263926e-09
2924	1.1905437e-09
2925	1.4461469e-09
2926	1.2421117e-09
2927	1.3823379e-09
2928	1.0994805e-09
2929	1.118558e-09
2930	1.1606907e-09
2931	1.2113531e-09
2932	9.0694683e-10
2933	1.1425742e-09
2934	1.1387896e-09
2935	1.3938761e-09
2936	1.2034251e-09
2937	1.1129209e-09
2938	1.4435707e-09
2939	1.1156351e-09
2940	1.2978633e-09
2941	1.2035356e-09
2942	1.0752072e-09
2943	9.0601004e-10
2944	8.7725698e-10
2945	8.4252918e-10
2946	8.0265254e-10
2947	1.0083075e-09
2948	9.9389141e-10
2949	1.1312963e-09
2950	1.1724673e-09
2951	1.3022617e-09
2952	1.360086e-09
2953	1.3664109e-09
2954	1.2161269e-09
2955	1.3131879e-09
2956	1.340877e-09
2957	1.224229e-09
2958	1.1985293e-09
2959	1.1332394e-09
2960	1.0324031e-09
2961	1.2331861e-09
2962	1.2707394e-09
2963	1.2645868e-09
2964	1.2527344e-09
2965	1.4498195e-09
2966	1.3192096e-09
2967	1.1788436e-09
2968	1.3736104e-09
2969	1.2222377e-09
2970	1.0962618e-09
2971	1.2018854e-09
2972	9.4477233e-10
2973	9.024474e-10
2974	1.1706402e-09
2975	1.1980515e-09
2976	1.0994426e-09
2977	1.3936265e-09
2978	1.41979e-09
2979	1.4019444e-09
2980	1.3681399e-09
2981	1.3392845e-09
2982	1.0476223e-09
2983	9.0504411e-10
2984	9.0052539e-10
2985	8.961062e-10
2986	8.8333003e-10
2987	8.5455156e-10
2988	8.1384269e-10
2989	1.0277049e-09
2990	1.2381905e-09
2991	1.2197166e-09
2992	1.3450194e-09
2993	1.4434229e-09
2994	1.4704148e-09
2995	1.3909778e-09
2996	1.261035e-09
2997	1.3832713e-09
2998	1.1602666e-09
2999	1.2594706e-09
3000	9.2914855e-10
3001	1.0800203e-09
3002	1.0313964e-09
3003	1.1504402e-09
3004	1.2849723e-09
3005	1.4773683e-09
3006	1.3746628e-09
3007	1.3386223e-09
3008	1.3959632e-09
3009	1.0830182e-09
3010	1.2273306e-09
3011	9.9378698e-10
3012	1.2670207e-09
3013	9.2472015e-10
3014	9.5768319e-10
3015	1.2879938e-09
3016	1.3239564e-09
3017	1.1841088e-09
3018	1.1914401e-09
3019	1.4128417e-09
3020	1.3471995e-09
3021	1.4102589e-09
3022	1.2931816e-09
3023	1.1853764e-09
3024	9.5627728e-10
3025	9.9654491e-10
3026	1.0066124e-09
3027	9.7434302e-10
3028	8.6593241e-10
3029	8.9759613e-10
3030	8.8648603e-10
3031	1.1647223e-09
3032	1.2117322e-09
3033	1.411692e-09
3034	1.5095818e-09
3035	1.3624495e-09
3036	1.3232472e-09
3037	1.2127844e-09
3038	1.3653921e-09
3039	1.0675563e-09
3040	1.2752688e-09
3041	1.1631345e-09
3042	1.2151287e-09
3043	1.2289402e-09
3044	1.2024667e-09
3045	1.29285e-09
3046	1.3154807e-09
3047	1.2247802e-09
3048	1.2294841e-09
3049	1.2549591e-09
3050	1.3773427e-09
3051	1.275119e-09
3052	1.2808264e-09
3053	9.9543712e-10
3054	1.0162642e-09
3055	1.0373578e-09
3056	1.2969402e-09
3057	1.2235491e-09
3058	1.2524549e-09
3059	1.2919364e-09
3060	1.2735395e-09
3061	1.4439127e-09
3062	1.3334106e-09
3063	1.2555701e-09
3064	1.0426812e-09
3065	1.0155774e-09
3066	1.0108885e-09
3067	1.0063515e-09
3068	9.6367811e-10
3069	8.6516881e-10
3070	9.1932911e-10
3071	1.1646224e-09
3072	1.257086e-09
3073	1.1151839e-09
3074	1.5136378e-09
3075	1.1528166e-09
3076	1.1925323e-09
3077	1.3965656e-09
3078	1.3318121e-09
3079	1.1114448e-09
3080	1.3364025e-09
3081	1.2083069e-09
3082	1.2000169e-09
3083	1.235304e-09
3084	1.1395042e-09
3085	1.2412324e-09
3086	1.2168833e-09
3087	1.2962332e-09
3088	1.1702417e-09
3089	1.2485256e-09
3090	1.1717438e-09
3091	1.2556098e-09
3092	1.0870316e-09
3093	1.0713289e-09
3094	1.0611656e-09
3095	1.064492e-09
3096	1.0747667e-09
3097	1.3030423e-09
3098	1.2478882e-09
3099	1.334722e-09
3100	1.3678331e-09
3101	1.3477475e-09
3102	1.4632955e-09
3103	1.0890644e-09
3104	1.2407613e-09
3105	1.1447922e-09
3106	1.0791035e-09
3107	9.8295446e-10
3108	9.9361698e-10
3109	9.8365959e-10
3110	9.1202241e-10
3111	9.3992228e-10
3112	1.1440854e-09
3113	1.0731985e-09
3114	9.9639538e-10
3115	1.393293e-09
3116	1.1720122e-09
3117	1.2252444e-09
3118	1.2505197e-09
3119	1.3136011e-09
3120	1.2542579e-09
3121	1.2205445e-09
3122	1.2250418e-09
3123	1.1660265e-09
3124	1.2788371e-09
3125	1.1503728e-09
3126	1.2532806e-09
3127	1.4397394e-09
3128	1.2213169e-09
3129	1.3172421e-09
3130	1.1002391e-09
3131	1.2459516e-09
3132	1.2465156e-09
3133	1.3134906e-09
3134	1.0905747e-09
3135	1.1169967e-09
3136	1.1193215e-09
3137	1.1165097e-09
3138	1.3054537e-09
3139	1.4043792e-09
3140	1.1210785e-09
3141	1.2193233e-09
3142	1.2326868e-09
3143	1.2750778e-09
3144	1.326335e-09
3145	1.1085729e-09
3146	1.1454957e-09
3147	1.0423512e-09
3148	9.7153335e-10
3149	9.4303053e-10
3150	9.328386e-10
3151	9.8074362e-10
3152	1.0259499e-09
3153	1.2326896e-09
3154	1.2776566e-09
3155	1.3913788e-09
3156	1.5035026e-09
3157	1.2970851e-09
3158	1.307826e-09
3159	1.3577282e-09
3160	1.3516204e-09
3161	1.3108769e-09
3162	1.2751588e-09
3163	1.0566325e-09
3164	1.0636776e-09
3165	1.2545675e-09
3166	1.3085997e-09
3167	1.2836805e-09
3168	1.3705954e-09
3169	1.0454331e-09
3170	9.7001908e-10
3171	1.4085056e-09
3172	1.3337413e-09
3173	1.2970469e-09
3174	1.1063908e-09
3175	1.1311074e-09
3176	1.1261709e-09
3177	1.1259249e-09
3178	1.1182026e-09
3179	1.2745386e-09
3180	1.4095535e-09
3181	1.3615013e-09
3182	1.3223276e-09
3183	1.3281847e-09
3184	1.3364512e-09
3185	1.3347852e-09
3186	1.1297606e-09
3187	1.1374899e-09
3188	1.0075134e-09
3189	9.3364211e-10
3190	9.0289634e-10
3191	9.9527213e-10
3192	1.0273922e-09
3193	1.0279351e-09
3194	1.1707092e-09
3195	1.3221012e-09
3196	1.2373514e-09
3197	1.1800438e-09
3198	1.2634106e-09
3199	1.4032908e-09
3200	1.2162318e-09
3201	1.2342654e-09
3202	1.2380117e-09
3203	1.2262177e-09
3204	1.2219508e-09
3205	1.1382726e-09
3206	1.233014e-09
3207	1.3706174e-09
3208	1.4841369e-09
3209	1.2579137e-09
3210	1.246895e-09
3211	1.4761571e-09
3212	1.4664948e-09
3213	1.4439385e-09
3214	1.2615591e-09
3215	1.265963e-09
3216	1.2733112e-09
3217	1.0855287e-09
3218	1.2816366e-09
3219	1.229002e-09
3220	1.326485e-09
3221	1.3767592e-09
3222	1.4339175e-09
3223	1.5260914e-09
3224	1.2432885e-09
3225	1.4222922e-09
3226	1.3214672e-09
3227	1.1415463e-09
3228	1.1399525e-09
3229	9.7508465e-10
3230	8.9351712e-10
3231	1.0103218e-09
3232	1.0334955e-09
3233	1.006279e-09
3234	1.094604e-09
3235	1.2190463e-09
3236	1.1438002e-09
3237	1.135087e-09
3238	1.5451431e-09
3239	1.2519824e-09
3240	1.3783985e-09
3241	1.3960006e-09
3242	1.2613139e-09
3243	1.1816539e-09
3244	1.1348279e-09
3245	1.1159136e-09
3246	1.246911e-09
3247	1.1176806e-09
3248	1.1555257e-09
3249	1.2670708e-09
3250	1.2578436e-09
3251	9.6082081e-10
3252	1.3402605e-09
3253	1.4427433e-09
3254	1.2987509e-09
3255	1.1902018e-09
3256	1.2233569e-09
3257	1.2425516e-09
3258	1.2428661e-09
3259	1.2239544e-09
3260	1.1506265e-09
3261	1.3807465e-09
3262	1.2493059e-09
3263	1.0845911e-09
3264	9.9261593e-10
3265	9.8769831e-10
3266	1.1665843e-09
3267	1.2820177e-09
3268	1.1548849e-09
3269	1.045989e-09
3270	8.8405583e-10
3271	1.01959e-09
3272	8.4332055e-10
3273	1.0180283e-09
3274	9.336206e-10
3275	1.1423148e-09
3276	1.1069064e-09
3277	1.0471356e-09
3278	1.4071209e-09
3279	1.4343434e-09
3280	1.1520616e-09
3281	1.3363112e-09
3282	1.3894206e-09
3283	1.2075198e-09
3284	1.1134168e-09
3285	1.0753363e-09
3286	1.0330417e-09
3287	1.2951881e-09
3288	1.14671e-09
3289	1.1098585e-09
3290	1.1966442e-09
3291	1.4893037e-09
3292	1.4473108e-09
3293	1.2505663e-09
3294	1.0491329e-09
3295	1.3953681e-09
3296	1.1624642e-09
3297	1.1669673e-09
3298	1.186891e-09
3299	1.1926512e-09
3300	1.1743386e-09
3301	1.0945533e-09
3302	1.3115196e-09
3303	1.2958247e-09
3304	1.1723531e-09
3305	1.100946e-09
3306	1.0846413e-09
3307	1.2527817e-09
3308	1.0167658e-09
3309	1.116265e-09
3310	1.0615762e-09
3311	8.6443799e-10
3312	8.0558931e-10
3313	9.8171048e-10
3314	1.0855292e-09
3315	9.6300389e-10
3316	1.1660042e-09
3317	1.1423417e-09
3318	1.1262407e-09
3319	1.4977558e-09
3320	1.1601622e-09
3321	1.2059621e-09
3322	1.4122438e-09
3323	1.1674755e-09
3324	1.1593144e-09
3325	1.1252315e-09
3326	1.1289127e-09
3327	1.0815351e-09
3328	1.2542055e-09
3329	1.3823801e-09
3330	1.4541372e-09
3331	1.4136196e-09
3332	1.2618327e-09
3333	1.4298042e-09
3334	1.3252399e-09
3335	1.39654e-09
3336	1.1118128e-09
3337	1.1513563e-09
3338	1.1836604e-09
3339	1.2105886e-09
3340	1.224437e-09
3341	1.1628133e-09
3342	1.368148e-09
3343	1.4149036e-09
3344	1.169946e-09
3345	1.348675e-09
3346	1.3916483e-09
3347	1.3269264e-09
3348	1.3567497e-09
3349	1.1263244e-09
3350	1.1217746e-09
3351	1.0430118e-09
3352	8.5635709e-10
3353	1.0272632e-09
3354	1.0306694e-09
3355	1.0734351e-09
3356	1.1539057e-09
3357	1.2644638e-09
3358	1.3799981e-09
3359	1.5019548e-09
3360	1.4764298e-09
3361	1.3841139e-09
3362	1.274015e-09
3363	1.3469704e-09
3364	1.1910574e-09
3365	1.4122759e-09
3366	1.1642464e-09
3367	1.0596518e-09
3368	1.2036416e-09
3369	1.328787e-09
3370	1.3613411e-09
3371	1.372056e-09
3372	1.2469024e-09
3373	1.21162e-09
3374	1.4568823e-09
3375	1.2486268e-09
3376	1.2280046e-09
3377	1.3371703e-09
3378	1.2196618e-09
3379	1.2070253e-09
3380	1.2110534e-09
3381	1.2095427e-09
3382	1.1305764e-09
3383	1.404185e-09
3384	1.3658617e-09
3385	1.4716639e-09
3386	1.3934859e-09
3387	1.233913e-09
3388	1.2413559e-09
3389	1.2919248e-09
3390	1.1591958e-09
3391	1.1545583e-09
3392	1.0418672e-09
3393	1.0892944e-09
3394	8.8138222e-10
3395	1.0272285e-09
3396	1.1177851e-09
3397	1.1134918e-09
3398	1.2010147e-09
3399	1.2285137e-09
3400	1.5119671e-09
3401	1.3600314e-09
3402	1.4666581e-09
3403	1.4433437e-09
3404	1.1611056e-09
3405	1.4064122e-09
3406	1.2051157e-09
3407	1.2963008e-09
3408	1.1511581e-09
3409	1.2229751e-09
3410	1.2071236e-09
3411	1.2979761e-09
3412	1.3460233e-09
3413	1.3226582e-09
3414	1.2758662e-09
3415	1.2582957e-09
3416	1.2348497e-09
3417	1.3543962e-09
3418	1.2086645e-09
3419	1.191556e-09
3420	1.2167086e-09
3421	1.2532614e-09
3422	1.2305274e-09
3423	1.3780088e-09
3424	1.3785626e-09
3425	1.4108838e-09
3426	1.3509865e-09
3427	1.4087681e-09
3428	1.3993807e-09
3429	1.3289756e-09
3430	1.3573465e-09
3431	1.2204012e-09
3432	1.0626095e-09
3433	9.2710392e-10
3434	1.0413284e-09
3435	8.9478563e-10
3436	9.7610375e-10
3437	1.1590287e-09
3438	1.1412031e-09
3439	1.1954349e-09
3440	1.3078654e-09
3441	1.3143619e-09
3442	1.3693405e-09
3443	1.5364894e-09
3444	1.4174686e-09
3445	1.2559786e-09
3446	1.3153664e-09
3447	1.1843849e-09
3448	1.2243066e-09
3449	1.1543908e-09
3450	1.1702687e-09
3451	1.3632788e-09
3452	1.4521146e-09
3453	1.488608e-09
3454	1.4482402e-09
3455	1.4022894e-09
3456	1.3876925e-09
3457	1.3643152e-09
3458	1.2215278e-09
3459	1.3242013e-09
3460	1.315089e-09
3461	1.2858914e-09
3462	1.2723161e-09
3463	1.208768e-09
3464	1.2811279e-09
3465	1.4584207e-09
3466	1.4150718e-09
3467	1.5072709e-09
3468	1.5431696e-09
3469	1.5417644e-09
3470	1.3500769e-09
3471	1.322241e-09
3472	1.1442758e-09
3473	1.1251988e-09
3474	9.4830267e-10
3475	9.7975883e-10
3476	1.025951e-09
3477	1.0908136e-09
3478	1.1574903e-09
3479	1.1131897e-09
3480	1.2584296e-09
3481	1.4596343e-09
3482	1.5393502e-09
3483	1.4785936e-09
3484	1.3317128e-09
3485	1.3206758e-09
3486	1.4745864e-09
3487	1.3017953e-09
3488	1.2505049e-09
3489	1.2671747e-09
3490	1.2881976e-09
3491	1.3792623e-09
3492	1.2908262e-09
3493	1.3631121e-09
3494	1.5307196e-09
3495	1.5663764e-09
3496	1.5468759e-09
3497	1.5109671e-09
3498	1.5008676e-09
3499	1.3402985e-09
3500	1.2158866e-09
3501	1.3199905e-09
3502	1.3033195e-09
3503	1.2752315e-09
3504	1.3572879e-09
3505	1.4490291e-09
3506	1.3106973e-09
3507	1.523965e-09
3508	1.446586e-09
3509	1.4985697e-09
3510	1.4471034e-09
3511	1.399277e-09
3512	1.32793e-09
3513	1.1161097e-09
3514	1.0858405e-09
3515	1.1037722e-09
3516	9.388271e-10
3517	1.0779512e-09
3518	1.0000285e-09
3519	1.1107278e-09
3520	1.2021748e-09
3521	1.2501605e-09
3522	1.4481991e-09
3523	1.6068714e-09
3524	1.5675352e-09
3525	1.4414983e-09
3526	1.345589e-09
3527	1.3416849e-09
3528	1.3986675e-09
3529	1.3918929e-09
3530	1.1823736e-09
3531	1.1821389e-09
3532	1.3830918e-09
3533	1.3388866e-09
3534	1.512644e-09
3535	1.4233356e-09
3536	1.463236e-09
3537	1.5530357e-09
3538	1.3959139e-09
3539	1.4177112e-09
3540	1.4090499e-09
3541	1.3496537e-09
3542	1.2393672e-09
3543	1.1576245e-09
3544	1.1502384e-09
3545	1.2429715e-09
3546	1.4200901e-09
3547	1.5108829e-09
3548	1.4182803e-09
3549	1.3308835e-09
3550	1.3281571e-09
3551	1.3452244e-09
3552	1.2766841e-09
3553	1.325536e-09
3554	1.1643655e-09
3555	1.0066229e-09
3556	1.0217388e-09
3557	9.8432856e-10
3558	9.2562238e-10
3559	1.1260488e-09
3560	1.2148996e-09
3561	1.2699729e-09
3562	1.2893237e-09
3563	1.5330614e-09
3564	1.6511767e-09
3565	1.5925356e-09
3566	1.5001114e-09
3567	1.4431546e-09
3568	1.4106384e-09
3569	1.2072519e-09
3570	1.3072104e-09
3571	1.1547938e-09
3572	1.1003666e-09
3573	1.1810697e-09
3574	1.2729952e-09
3575	1.5772652e-09
3576	1.4543418e-09
3577	1.5469703e-09
3578	1.3857344e-09
3579	1.4864032e-09
3580	1.3656932e-09
3581	1.3028385e-09
3582	1.3116757e-09
3583	1.1867221e-09
3584	1.1191961e-09
3585	1.3188546e-09
3586	1.4262609e-09
3587	1.2358854e-09
3588	1.4914951e-09
3589	1.4246471e-09
3590	1.3970308e-09
3591	1.397176e-09
3592	1.3816848e-09
3593	1.273783e-09
3594	1.2645988e-09
3595	1.2253288e-09
3596	1.1426518e-09
3597	1.0294947e-09
3598	1.0684862e-09
3599	1.1112563e-09
3600	1.1501239e-09
3601	1.1796519e-09
3602	1.3435371e-09
3603	1.318384e-09
3604	1.5997976e-09
3605	1.4241421e-09
3606	1.5021292e-09
3607	1.2616856e-09
3608	1.2986755e-09
3609	1.4640825e-09
3610	1.2718891e-09
3611	1.3608588e-09
3612	1.2329748e-09
3613	1.15082e-09
3614	1.2289444e-09
3615	1.3149298e-09
3616	1.3685657e-09
3617	1.3596287e-09
3618	1.3337635e-09
3619	1.5651948e-09
3620	1.4351156e-09
3621	1.2610209e-09
3622	1.2157559e-09
3623	1.3731709e-09
3624	1.1058732e-09
3625	1.0973794e-09
3626	1.2489468e-09
3627	1.2146507e-09
3628	1.4613926e-09
3629	1.281741e-09
3630	1.3441333e-09
3631	1.3917095e-09
3632	1.4125271e-09
3633	1.3784645e-09
3634	1.1959062e-09
3635	1.0388507e-09
3636	1.2068936e-09
3637	1.1379966e-09
3638	1.0956704e-09
3639	9.2994755e-10
3640	1.1378738e-09
3641	1.1811302e-09
3642	1.2564951e-09
3643	1.3101462e-09
3644	1.345116e-09
3645	1.3520857e-09
3646	1.5767881e-09
3647	1.336053e-09
3648	1.4123524e-09
3649	1.2008009e-09
3650	1.3813709e-09
3651	1.207292e-09
3652	1.31605e-09
3653	1.3092164e-09
3654	1.2585554e-09
3655	1.2693071e-09
3656	1.3062182e-09
3657	1.3512297e-09
3658	1.3386269e-09
3659	1.5730401e-09
3660	1.4436664e-09
3661	1.5524397e-09
3662	1.2853226e-09
3663	1.3267783e-09
3664	1.3501681e-09
3665	1.1955621e-09
3666	1.1791432e-09
3667	1.3449186e-09
3668	1.4202633e-09
3669	1.2261805e-09
3670	1.5374557e-09
3671	1.4324502e-09
3672	1.369622e-09
3673	1.327576e-09
3674	1.2689913e-09
3675	1.369529e-09
3676	1.2931772e-09
3677	1.0320327e-09
3678	1.0055451e-09
3679	9.9188856e-10
3680	8.5300024e-10
3681	1.0994009e-09
3682	1.1747397e-09
3683	1.2335205e-09
3684	1.2717389e-09
3685	1.3026194e-09
3686	1.5976841e-09
3687	1.3809133e-09
3688	1.4613669e-09
3689	1.227939e-09
3690	1.4766169e-09
3691	1.2080948e-09
3692	1.4318379e-09
3693	1.3465873e-09
3694	1.1702929e-09
3695	1.175926e-09
3696	1.2601064e-09
3697	1.3381172e-09
3698	1.3766633e-09
3699	1.3591266e-09
3700	1.3403862e-09
3701	1.3307054e-09
3702	1.3041412e-09
3703	1.4548433e-09
3704	1.3242556e-09
3705	1.2992094e-09
3706	1.2696272e-09
3707	1.3496234e-09
3708	1.3768606e-09
3709	1.2140295e-09
3710	1.4755385e-09
3711	1.2721662e-09
3712	1.336729e-09
3713	1.3593194e-09
3714	1.3504921e-09
3715	1.2569984e-09
3716	1.1938582e-09
3717	1.2341497e-09
3718	1.0061247e-09
3719	9.96097e-10
3720	1.0099291e-09
3721	1.1530467e-09
3722	1.091504e-09
3723	1.2098609e-09
3724	1.2699687e-09
3725	1.3149689e-09
3726	1.3343935e-09
3727	1.6004754e-09
3728	1.3733211e-09
3729	1.4266095e-09
3730	1.4821586e-09
3731	1.4923208e-09
3732	1.2243805e-09
3733	1.2749495e-09
3734	1.0885793e-09
3735	1.0574624e-09
3736	1.1815823e-09
3737	1.2929001e-09
3738	1.3584073e-09
3739	1.3664718e-09
3740	1.6035012e-09
3741	1.4463128e-09
3742	1.5685392e-09
3743	1.3901345e-09
3744	1.256866e-09
3745	1.2233525e-09
3746	1.2661129e-09
3747	1.1868238e-09
3748	1.2787698e-09
3749	1.2528933e-09
3750	1.405515e-09
3751	1.2532767e-09
3752	1.2920344e-09
3753	1.3167006e-09
3754	1.3443735e-09
3755	1.3321423e-09
3756	1.2327871e-09
3757	1.3214075e-09
3758	1.1117148e-09
3759	1.1460496e-09
3760	9.5396173e-10
3761	1.0474948e-09
3762	1.1379939e-09
3763	1.0975006e-09
3764	1.1574899e-09
3765	1.2282231e-09
3766	1.2918491e-09
3767	1.5768724e-09
3768	1.6884765e-09
3769	1.657036e-09
3770	1.5622923e-09
3771	1.497981e-09
3772	1.4678171e-09
3773	1.219545e-09
3774	1.2254004e-09
3775	1.3170389e-09
3776	1.0961579e-09
3777	1.2132725e-09
3778	1.2912267e-09
3779	1.3370969e-09
3780	1.6130141e-09
3781	1.4384652e-09
3782	1.5817635e-09
3783	1.3944709e-09
3784	1.4995111e-09
3785	1.1717451e-09
3786	1.343502e-09
3787	1.3256143e-09
3788	1.3303195e-09
3789	1.274208e-09
3790	1.3586221e-09
3791	1.4477982e-09
3792	1.2931321e-09
3793	1.577675e-09
3794	1.4345976e-09
3795	1.3456015e-09
3796	1.2754124e-09
3797	1.3765917e-09
3798	1.2210721e-09
3799	1.0594507e-09
3800	9.8416373e-10
3801	1.0928197e-09
3802	1.0991389e-09
3803	1.008289e-09
3804	1.0792458e-09
3805	1.1563818e-09
3806	1.2266833e-09
3807	1.2693784e-09
3808	1.5397086e-09
3809	1.654323e-09
3810	1.6029252e-09
3811	1.5047763e-09
3812	1.4199301e-09
3813	1.3949498e-09
3814	1.44126e-09
3815	1.162579e-09
3816	1.1749883e-09
3817	1.4040287e-09
3818	1.1890187e-09
3819	1.2692247e-09
3820	1.6061856e-09
3821	1.4469951e-09
3822	1.571287e-09
3823	1.3917804e-09
3824	1.4703166e-09
3825	1.4679731e-09
3826	1.3502159e-09
3827	1.2927109e-09
3828	1.2723559e-09
3829	1.2286849e-09
3830	1.251862e-09
3831	1.3761234e-09
3832	1.4777434e-09
3833	1.2952185e-09
3834	1.5452778e-09
3835	1.3952858e-09
3836	1.5433881e-09
3837	1.3602917e-09
3838	1.2890065e-09
3839	1.1723647e-09
3840	1.1427759e-09
3841	9.9654372e-10
3842	9.7832324e-10
3843	9.3644459e-10
3844	1.1699672e-09
3845	1.094402e-09
3846	1.1323846e-09
3847	1.1788196e-09
3848	1.463054e-09
3849	1.6466431e-09
3850	1.6299726e-09
3851	1.5188622e-09
3852	1.3912779e-09
3853	1.4181966e-09
3854	1.3991562e-09
3855	1.3561034e-09
3856	1.2790097e-09
3857	1.3001632e-09
3858	1.2079779e-09
3859	1.1915299e-09
3860	1.5167907e-09
3861	1.4118838e-09
3862	1.5680575e-09
3863	1.3889339e-09
3864	1.4891499e-09
3865	1.5797771e-09
3866	1.4200769e-09
3867	1.294466e-09
3868	1.3170864e-09
3869	1.2649016e-09
3870	1.2364298e-09
3871	1.2895366e-09
3872	1.4116552e-09
3873	1.3986176e-09
3874	1.3102511e-09
3875	1.5506966e-09
3876	1.3880341e-09
3877	1.5319455e-09
3878	1.3168703e-09
3879	1.2245519e-09
3880	1.2267819e-09
3881	1.1078585e-09
3882	1.0342538e-09
3883	1.0342552e-09
3884	1.1375434e-09
3885	1.1305227e-09
3886	1.0441634e-09
3887	1.3558047e-09
3888	1.2804328e-09
3889	1.4722273e-09
3890	1.6310304e-09
3891	1.604306e-09
3892	1.4895051e-09
3893	1.4990118e-09
3894	1.4884341e-09
3895	1.3061681e-09
3896	1.3149108e-09
3897	1.3777169e-09
3898	1.1433546e-09
3899	1.395813e-09
3900	1.4267932e-09
3901	1.3760738e-09
3902	1.6013848e-09
3903	1.4072574e-09
3904	1.5142928e-09
3905	1.367518e-09
3906	1.3952638e-09
3907	1.372511e-09
3908	1.3157094e-09
3909	1.2340798e-09
3910	1.2797612e-09
3911	1.2878092e-09
3912	1.3650825e-09
3913	1.4595346e-09
3914	1.3388497e-09
3915	1.5921282e-09
3916	1.385202e-09
3917	1.4921434e-09
3918	1.3602477e-09
3919	1.3268237e-09
3920	1.2532715e-09
3921	1.2858356e-09
3922	1.1430891e-09
3923	1.1405369e-09
3924	1.1107266e-09
3925	1.0323976e-09
3926	1.0922958e-09
3927	1.1752134e-09
3928	1.1489074e-09
3929	1.4003593e-09
3930	1.6258251e-09
3931	1.6883415e-09
3932	1.6132416e-09
3933	1.4633746e-09
3934	1.1285609e-09
3935	1.3590678e-09
3936	1.3798449e-09
3937	1.2140349e-09
3938	1.3722829e-09
3939	1.3645673e-09
3940	1.273663e-09
3941	1.4957424e-09
3942	1.4146332e-09
3943	1.5821029e-09
3944	1.3998113e-09
3945	1.4843219e-09
3946	1.3456672e-09
3947	1.3551385e-09
3948	1.3673101e-09
3949	1.2791104e-09
3950	1.3262428e-09
3951	1.1534792e-09
3952	1.2152289e-09
3953	1.4684622e-09
3954	1.3080684e-09
3955	1.337645e-09
3956	1.5396551e-09
3957	1.4762302e-09
3958	1.4123689e-09
3959	1.4849796e-09
3960	1.2423767e-09
3961	1.3677104e-09
3962	1.0861526e-09
3963	1.1695929e-09
3964	1.0785829e-09
3965	1.0280351e-09
3966	1.0628516e-09
3967	1.0221387e-09
3968	1.2158198e-09
3969	1.2469209e-09
3970	1.4016879e-09
3971	1.6295318e-09
3972	1.6834542e-09
3973	1.6026751e-09
3974	1.4978016e-09
3975	1.4319727e-09
3976	1.4729446e-09
3977	1.4383509e-09
3978	1.2879841e-09
3979	1.3845228e-09
3980	1.4077995e-09
3981	1.3084637e-09
3982	1.521999e-09
3983	1.6180045e-09
3984	1.473563e-09
3985	1.3940732e-09
3986	1.4309033e-09
3987	1.5730734e-09
3988	1.4640166e-09
3989	1.4399605e-09
3990	1.2607161e-09
3991	1.2770243e-09
3992	1.2829105e-09
3993	1.2602136e-09
3994	1.4837627e-09
3995	1.3334954e-09
3996	1.5747654e-09
3997	1.6037164e-09
3998	1.395365e-09
3999	1.3826563e-09
4000	1.3182518e-09
4001	1.3442272e-09
4002	1.2132587e-09
4003	1.2318301e-09
4004	1.1366568e-09
4005	1.1158016e-09
4006	1.0627251e-09
4007	1.0241723e-09
4008	1.0489002e-09
4009	1.232942e-09
4010	1.2036064e-09
4011	1.5383982e-09
4012	1.5664423e-09
4013	1.5886606e-09
4014	1.6141155e-09
4015	1.4329197e-09
4016	1.366075e-09
4017	1.4810773e-09
4018	1.2258336e-09
4019	1.1909864e-09
4020	1.1432596e-09
4021	1.3471528e-09
4022	1.2557747e-09
4023	1.3918931e-09
4024	1.533903e-09
4025	1.4294276e-09
4026	1.5192087e-09
4027	1.61599e-09
4028	1.5795416e-09
4029	1.3940653e-09
4030	1.2532399e-09
4031	1.2637745e-09
4032	1.2986853e-09
4033	1.3201584e-09
4034	1.2955512e-09
4035	1.2425312e-09
4036	1.4777352e-09
4037	1.4931939e-09
4038	1.4781408e-09
4039	1.4429288e-09
4040	1.4250606e-09
4041	1.4878164e-09
4042	1.3877109e-09
4043	1.1689819e-09
4044	1.2445894e-09
4045	1.1585016e-09
4046	1.0443251e-09
4047	1.0918114e-09
4048	1.1563758e-09
4049	1.107721e-09
4050	1.2348727e-09
4051	1.2345134e-09
4052	1.5132681e-09
4053	1.5533871e-09
4054	1.5484838e-09
4055	1.532382e-09
4056	1.4472941e-09
4057	1.3804429e-09
4058	1.3367086e-09
4059	1.4586942e-09
4060	1.2124155e-09
4061	1.1517124e-09
4062	1.4259407e-09
4063	1.3810575e-09
4064	1.3653616e-09
4065	1.4768399e-09
4066	1.3975572e-09
4067	1.4294923e-09
4068	1.396666e-09
4069	1.3951347e-09
4070	1.4328598e-09
4071	1.26077e-09
4072	1.2667938e-09
4073	1.27389e-09
4074	1.2750737e-09
4075	1.250605e-09
4076	1.4556334e-09
4077	1.3086846e-09
4078	1.47184e-09
4079	1.5642218e-09
4080	1.5976442e-09
4081	1.583165e-09
4082	1.403292e-09
4083	1.2762435e-09
4084	1.1377625e-09
4085	1.2134285e-09
4086	1.0955056e-09
4087	1.1143465e-09
4088	1.1379827e-09
4089	1.103147e-09
4090	1.20441e-09
4091	1.184783e-09
4092	1.3108081e-09
4093	1.5237563e-09
4094	1.3727564e-09
4095	1.6486389e-09
4096	1.412704e-09
4097	1.399465e-09
4098	1.511992e-09
4099	1.4472843e-09
4100	1.4715188e-09
4101	1.1636443e-09
4102	1.3510541e-09
4103	1.3474585e-09
4104	1.5092394e-09
4105	1.5776481e-09
4106	1.5573363e-09
4107	1.5027253e-09
4108	1.4611896e-09
4109	1.4227583e-09
4110	1.3828597e-09
4111	1.3534195e-09
4112	1.4132758e-09
4113	1.2072479e-09
4114	1.2610145e-09
4115	1.2633392e-09
4116	1.2273699e-09
4117	1.3906249e-09
4118	1.3821845e-09
4119	1.5291122e-09
4120	1.4852518e-09
4121	1.5173794e-09
4122	1.5148645e-09
4123	1.2228534e-09
4124	1.276852e-09
4125	1.1330607e-09
4126	1.0449908e-09
4127	1.1293797e-09
4128	1.0059793e-09
4129	1.0541917e-09
4130	1.0586626e-09
4131	1.2164649e-09
4132	1.3070001e-09
4133	1.3640339e-09
4134	1.4411951e-09
4135	1.63966e-09
4136	1.4871015e-09
4137	1.4693772e-09
4138	1.3860568e-09
4139	1.308181e-09
4140	1.2695681e-09
4141	1.2718708e-09
4142	1.2894942e-09
4143	1.3738036e-09
4144	1.3205912e-09
4145	1.4846953e-09
4146	1.4665598e-09
4147	1.4257268e-09
4148	1.4440869e-09
4149	1.412305e-09
4150	1.6013804e-09
4151	1.3009946e-09
4152	1.3387781e-09
4153	1.357082e-09
4154	1.3992047e-09
4155	1.1866715e-09
4156	1.2051187e-09
4157	1.4219065e-09
4158	1.4424772e-09
4159	1.41521e-09
4160	1.459407e-09
4161	1.4350548e-09
4162	1.4137336e-09
4163	1.4454493e-09
4164	1.3715398e-09
4165	1.1577417e-09
4166	1.1522765e-09
4167	1.1437773e-09
4168	1.1391927e-09
4169	1.1191713e-09
4170	1.0771105e-09
4171	1.2331976e-09
4172	1.2531886e-09
4173	1.3440277e-09
4174	1.3903461e-09
4175	1.6525254e-09
4176	1.5414405e-09
4177	1.5763976e-09
4178	1.3803608e-09
4179	1.3464819e-09
4180	1.2949881e-09
4181	1.457497e-09
4182	1.3803925e-09
4183	1.2654853e-09
4184	1.2466488e-09
4185	1.4007843e-09
4186	1.4258087e-09
4187	1.5244672e-09
4188	1.4118722e-09
4189	1.3947605e-09
4190	1.3379853e-09
4191	1.4565545e-09
4192	1.4978777e-09
4193	1.4124965e-09
4194	1.3519358e-09
4195	1.3663966e-09
4196	1.3894249e-09
4197	1.3713049e-09
4198	1.3108391e-09
4199	1.3037644e-09
4200	1.3855917e-09
4201	1.4001686e-09
4202	1.5934019e-09
4203	1.3996491e-09
4204	1.5067304e-09
4205	1.2073207e-09
4206	1.2869805e-09
4207	1.0894613e-09
4208	1.1379683e-09
4209	9.797657e-10
4210	1.0271119e-09
4211	1.0238445e-09
4212	1.1720886e-09
4213	1.1935479e-09
4214	1.2636206e-09
4215	1.5367993e-09
4216	1.5438652e-09
4217	1.5057566e-09
4218	1.5596482e-09
4219	1.4785612e-09
4220	1.3542941e-09
4221	1.4661683e-09
4222	1.3272082e-09
4223	1.2391772e-09
4224	1.3219517e-09
4225	1.4014338e-09
4226	1.4385068e-09
4227	1.5854429e-09
4228	1.4814014e-09
4229	1.463685e-09
4230	1.40422e-09
4231	1.3534336e-09
4232	1.3948327e-09
4233	1.2914327e-09
4234	1.3388012e-09
4235	1.3701309e-09
4236	1.2031853e-09
4237	1.2438722e-09
4238	1.228835e-09
4239	1.3802935e-09
4240	1.4695969e-09
4241	1.497558e-09
4242	1.4541949e-09
4243	1.4949843e-09
4244	1.4716648e-09
4245	1.4801128e-09
4246	1.3109307e-09
4247	1.1357976e-09
4248	1.1713957e-09
4249	1.0032422e-09
4250	1.1109794e-09
4251	1.1302062e-09
4252	1.0932309e-09
4253	1.1782774e-09
4254	1.1588387e-09
4255	1.280901e-09
4256	1.5553849e-09
4257	1.6228799e-09
4258	1.4901455e-09
4259	1.4412944e-09
4260	1.3309955e-09
4261	1.2968051e-09
4262	1.2748903e-09
4263	1.2537945e-09
4264	1.2651414e-09
4265	1.2053493e-09
4266	1.4028064e-09
4267	1.3207829e-09
4268	1.4311343e-09
4269	1.4539478e-09
4270	1.4135636e-09
4271	1.3780676e-09
4272	1.3477343e-09
4273	1.3280859e-09
4274	1.330516e-09
4275	1.3455815e-09
4276	1.3675057e-09
4277	1.2356912e-09
4278	1.262419e-09
4279	1.4082416e-09
4280	1.2447354e-09
4281	1.3416588e-09
4282	1.5314759e-09
4283	1.390422e-09
4284	1.4614125e-09
4285	1.4247576e-09
4286	1.1972011e-09
4287	1.2288736e-09
4288	1.1732584e-09
4289	1.0151542e-09
4290	9.4542053e-10
4291	1.1158284e-09
4292	1.1463191e-09
4293	1.2308127e-09
4294	1.1726817e-09
4295	1.3555724e-09
4296	1.3918137e-09
4297	1.4038053e-09
4298	1.4076899e-09
4299	1.6151918e-09
4300	1.5177191e-09
4301	1.3436879e-09
4302	1.2372188e-09
4303	1.4262831e-09
4304	1.3005891e-09
4305	1.178706e-09
4306	1.3176023e-09
4307	1.2931503e-09
4308	1.4470589e-09
4309	1.5150009e-09
4310	1.5099354e-09
4311	1.4793078e-09
4312	1.4476856e-09
4313	1.4073025e-09
4314	1.2246711e-09
4315	1.1821013e-09
4316	1.2656853e-09
4317	1.3281607e-09
4318	1.361056e-09
4319	1.3430487e-09
4320	1.269964e-09
4321	1.3971828e-09
4322	1.4826891e-09
4323	1.4263497e-09
4324	1.5150858e-09
4325	1.5183681e-09
4326	1.4464895e-09
4327	1.1932482e-09
4328	1.1775778e-09
4329	1.2385788e-09
4330	1.1155445e-09
4331	9.4055214e-10
4332	1.0580893e-09
4333	1.1621987e-09
4334	1.0674977e-09
4335	1.2933848e-09
4336	1.3759394e-09
4337	1.4093258e-09
4338	1.4200435e-09
4339	1.3850969e-09
4340	1.3003779e-09
4341	1.0643317e-09
4342	1.4554493e-09
4343	1.2732196e-09
4344	1.3161181e-09
4345	1.1842143e-09
4346	1.1756427e-09
4347	1.2705425e-09
4348	1.3538875e-09
4349	1.4564965e-09
4350	1.5299571e-09
4351	1.4861654e-09
4352	1.439969e-09
4353	1.4063495e-09
4354	1.3751554e-09
4355	1.4512674e-09
4356	1.2336419e-09
4357	1.1785743e-09
4358	1.2122196e-09
4359	1.2430934e-09
4360	1.2127423e-09
4361	1.3714985e-09
4362	1.5040592e-09
4363	1.3361618e-09
4364	1.4233352e-09
4365	1.4598721e-09
4366	1.443907e-09
4367	1.3628359e-09
4368	1.4178662e-09
4369	1.3146996e-09
4370	1.2282188e-09
4371	1.1167898e-09
4372	1.0733855e-09
4373	9.8907329e-10
4374	9.567765e-10
4375	1.1391818e-09
4376	1.2549867e-09
4377	1.3331523e-09
4378	1.367681e-09
4379	1.3924128e-09
4380	1.3570747e-09
4381	1.2738631e-09
4382	1.3276592e-09
4383	1.4104549e-09
4384	1.4329024e-09
4385	1.359743e-09
4386	1.3051284e-09
4387	1.1973495e-09
4388	1.2208085e-09
4389	1.2531756e-09
4390	1.4370875e-09
4391	1.485317e-09
4392	1.4528114e-09
4393	1.4120494e-09
4394	1.3779714e-09
4395	1.3410414e-09
4396	1.4150997e-09
4397	1.384611e-09
4398	1.1972348e-09
4399	1.3713582e-09
4400	1.2145924e-09
4401	1.3027119e-09
4402	1.3133045e-09
4403	1.3380338e-09
4404	1.5205936e-09
4405	1.3093153e-09
4406	1.446488e-09
4407	1.4590434e-09
4408	1.3716081e-09
4409	1.3612674e-09
4410	1.1156563e-09
4411	1.1706177e-09
4412	1.1013567e-09
4413	1.1191981e-09
4414	9.8991624e-10
4415	1.18678e-09
4416	1.1213439e-09
4417	1.2351151e-09
4418	1.3752536e-09
4419	1.4320937e-09
4420	1.4471024e-09
4421	1.3816823e-09
4422	1.5717983e-09
4423	1.4171861e-09
4424	1.191925e-09
4425	1.3524665e-09
4426	1.2831105e-09
4427	1.2806136e-09
4428	1.3158695e-09
4429	1.3974957e-09
4430	1.4763819e-09
4431	1.5077514e-09
4432	1.5037646e-09
4433	1.4760833e-09
4434	1.4489666e-09
4435	1.4348751e-09
4436	1.4225188e-09
4437	1.2582167e-09
4438	1.2327863e-09
4439	1.3761807e-09
4440	1.2655741e-09
4441	1.3125365e-09
4442	1.3562589e-09
4443	1.4659656e-09
4444	1.3487181e-09
4445	1.4846538e-09
4446	1.5319583e-09
4447	1.5264207e-09
4448	1.5343496e-09
4449	1.4597827e-09
4450	1.2857018e-09
4451	1.1985152e-09
4452	1.1199328e-09
4453	1.1076319e-09
4454	8.4185696e-10
4455	1.1297942e-09
4456	1.0030244e-09
4457	1.0873202e-09
4458	1.3532554e-09
4459	1.5084784e-09
4460	1.5600014e-09
4461	1.5485053e-09
4462	1.465341e-09
4463	1.3773172e-09
4464	1.3242004e-09
4465	1.5087876e-09
4466	1.3390999e-09
4467	1.3776571e-09
4468	1.1518216e-09
4469	1.2999398e-09
4470	1.2389936e-09
4471	1.4860501e-09
4472	1.3729753e-09
4473	1.4871272e-09
4474	1.5537158e-09
4475	1.5637902e-09
4476	1.55574e-09
4477	1.5366618e-09
4478	1.4070755e-09
4479	1.3220935e-09
4480	1.296226e-09
4481	1.2220912e-09
4482	1.2070683e-09
4483	1.2760803e-09
4484	1.1982142e-09
4485	1.4589429e-09
4486	1.3782851e-09
4487	1.5703132e-09
4488	1.4230373e-09
4489	1.5326038e-09
4490	1.2701157e-09
4491	1.3466145e-09
4492	1.2160546e-09
4493	1.0721091e-09
4494	1.0904109e-09
4495	9.4458782e-10
4496	1.0218665e-09
4497	1.1144044e-09
4498	1.1712965e-09
4499	1.2226622e-09
4500	1.494168e-09
4501	1.6305393e-09
4502	1.6379042e-09
4503	1.5501214e-09
4504	1.464696e-09
4505	1.4278597e-09
4506	1.4421392e-09
4507	1.205802e-09
4508	1.4096239e-09
4509	1.3735272e-09
4510	1.39997e-09
4511	1.2993486e-09
4512	1.2758459e-09
4513	1.5477021e-09
4514	1.4027648e-09
4515	1.5408656e-09
4516	1.6153246e-09
4517	1.3904606e-09
4518	1.3740324e-09
4519	1.396403e-09
4520	1.3976548e-09
4521	1.3572742e-09
4522	1.2978779e-09
4523	1.3765262e-09
4524	1.4075785e-09
4525	1.4055354e-09
4526	1.5743837e-09
4527	1.3603964e-09
4528	1.5483132e-09
4529	1.3793671e-09
4530	1.5355048e-09
4531	1.1830458e-09
4532	1.2645037e-09
4533	1.2074093e-09
4534	1.1490534e-09
4535	1.0497258e-09
4536	8.8707252e-10
4537	9.8075361e-10
4538	1.0580154e-09
4539	1.1253399e-09
4540	1.1827702e-09
4541	1.4916409e-09
4542	1.641069e-09
4543	1.6273373e-09
4544	1.5314786e-09
4545	1.4488322e-09
4546	1.3977037e-09
4547	1.4324628e-09
4548	1.1666744e-09
4549	1.3045355e-09
4550	1.3448509e-09
4551	1.0981914e-09
4552	1.1758595e-09
4553	1.5299936e-09
4554	1.3568411e-09
4555	1.5039417e-09
4556	1.5420043e-09
4557	1.5614129e-09
4558	1.5694279e-09
4559	1.4754817e-09
4560	1.3665057e-09
4561	1.2699651e-09
4562	1.2802526e-09
4563	1.3150338e-09
4564	1.3790538e-09
4565	1.2504341e-09
4566	1.2724021e-09
4567	1.5975336e-09
4568	1.5515153e-09
4569	1.325755e-09
4570	1.5160239e-09
4571	1.2536555e-09
4572	1.2155073e-09
4573	1.1979445e-09
4574	1.1277972e-09
4575	9.424464e-10
4576	9.9528446e-10
4577	9.7997323e-10
4578	9.6578507e-10
4579	1.0146929e-09
4580	1.0797911e-09
4581	1.4283739e-09
4582	1.5617666e-09
4583	1.6033641e-09
4584	1.5227761e-09
4585	1.5518427e-09
4586	1.0948634e-09
4587	1.3342402e-09
4588	1.4765889e-09
4589	1.3554989e-09
4590	1.2005836e-09
4591	1.3581725e-09
4592	1.4452939e-09
4593	1.2203683e-09
4594	1.5134654e-09
4595	1.591595e-09
4596	1.5847741e-09
4597	1.5485951e-09
4598	1.534021e-09
4599	1.5251688e-09
4600	1.4085517e-09
4601	1.3886212e-09
4602	1.3148308e-09
4603	1.3019503e-09
4604	1.1881261e-09
4605	1.2499157e-09
4606	1.3466889e-09
4607	1.4988152e-09
4608	1.5185774e-09
4609	1.6100085e-09
4610	1.2850045e-09
4611	1.5042147e-09
4612	1.5022843e-09
4613	1.0832164e-09
4614	1.172491e-09
4615	9.3548638e-10
4616	1.1460949e-09
4617	9.436921e-10
4618	8.400296e-10
4619	9.1703793e-10
4620	1.0025176e-09
4621	1.0709517e-09
4622	1.4327094e-09
4623	1.5740801e-09
4624	1.6105505e-09
4625	1.6319732e-09
4626	1.3505478e-09
4627	1.4091677e-09
4628	1.3979275e-09
4629	1.3444985e-09
4630	1.4059248e-09
4631	1.0800113e-09
4632	1.3207202e-09
4633	1.4428154e-09
4634	1.4767001e-09
4635	1.2457828e-09
4636	1.4996868e-09
4637	1.5614187e-09
4638	1.5757207e-09
4639	1.5652853e-09
4640	1.4840506e-09
4641	1.403301e-09
4642	1.3203392e-09
4643	1.3263902e-09
4644	1.3038879e-09
4645	1.3133493e-09
4646	1.3323285e-09
4647	1.3494388e-09
4648	1.3474648e-09
4649	1.4914724e-09
4650	1.4706019e-09
4651	1.2438579e-09
4652	1.4565438e-09
4653	1.4346261e-09
4654	1.2806925e-09
4655	1.1926754e-09
4656	9.3296499e-10
4657	9.3392802e-10
4658	8.8310393e-10
4659	1.0356133e-09
4660	1.1584487e-09
4661	1.2503548e-09
4662	1.1089371e-09
4663	1.4913539e-09
4664	1.5016795e-09
4665	1.51295e-09
4666	1.4075528e-09
4667	1.5221201e-09
4668	1.3549377e-09
4669	1.2942581e-09
4670	1.3170974e-09
4671	1.237734e-09
4672	1.1739547e-09
4673	1.1429909e-09
4674	1.4191022e-09
4675	1.4295576e-09
4676	1.5743622e-09
4677	1.575508e-09
4678	1.5227968e-09
4679	1.4930546e-09
4680	1.4614094e-09
4681	1.4687804e-09
4682	1.3255591e-09
4683	1.3918529e-09
4684	1.3422908e-09
4685	1.3333868e-09
4686	1.3044847e-09
4687	1.4602508e-09
4688	1.1760566e-09
4689	1.2459822e-09
4690	1.3743229e-09
4691	1.4566226e-09
4692	1.4811284e-09
4693	1.4107653e-09
4694	1.3620168e-09
4695	1.201417e-09
4696	1.193627e-09
4697	1.1483233e-09
4698	9.2296325e-10
4699	8.7640223e-10
4700	1.1271124e-09
4701	1.1755713e-09
4702	1.3239131e-09
4703	1.3950184e-09
4704	1.5199187e-09
4705	1.3715208e-09
4706	1.293269e-09
4707	1.5854777e-09
4708	1.2712388e-09
4709	1.4880202e-09
4710	1.3477731e-09
4711	1.3633862e-09
4712	1.2048035e-09
4713	1.1888681e-09
4714	1.2615676e-09
4715	1.4286408e-09
4716	1.3999716e-09
4717	1.4291099e-09
4718	1.4040763e-09
4719	1.3769253e-09
4720	1.3523807e-09
4721	1.5314118e-09
4722	1.2288325e-09
4723	1.2091728e-09
4724	1.2906989e-09
4725	1.2773127e-09
4726	1.2942619e-09
4727	1.3384512e-09
4728	1.2670406e-09
4729	1.5260443e-09
4730	1.4479574e-09
4731	1.2441735e-09
4732	1.3108114e-09
4733	1.3075405e-09
4734	1.0471048e-09
4735	1.3972876e-09
4736	1.2984715e-09
4737	9.6728617e-10
4738	9.1381273e-10
4739	8.7972577e-10
4740	1.0761968e-09
4741	9.2402315e-10
4742	9.627451e-10
4743	1.3104332e-09
4744	1.3295723e-09
4745	1.412749e-09
4746	1.593238e-09
4747	1.4218511e-09
4748	1.3933595e-09
4749	1.2133932e-09
4750	1.2931756e-09
4751	1.3233114e-09
4752	1.290945e-09
4753	1.2772357e-09
4754	1.2490483e-09
4755	1.4205493e-09
4756	1.3792924e-09
4757	1.5008559e-09
4758	1.5150716e-09
4759	1.4443764e-09
4760	1.469958e-09
4761	1.3710745e-09
4762	1.3340103e-09
4763	1.2382278e-09
4764	1.3567567e-09
4765	1.2744085e-09
4766	1.2249141e-09
4767	1.2084332e-09
4768	1.3237404e-09
4769	1.3380987e-09
4770	1.4876026e-09
4771	1.3722892e-09
4772	1.5363514e-09
4773	1.3874416e-09
4774	1.5063661e-09
4775	1.4233675e-09
4776	1.2701037e-09
4777	1.2194504e-09
4778	1.180832e-09
4779	1.1502831e-09
4780	9.409079e-10
4781	9.4720761e-10
4782	1.0739169e-09
4783	1.1069327e-09
4784	1.2552262e-09
4785	1.3247849e-09
4786	1.3615302e-09
4787	1.6257213e-09
4788	1.3390977e-09
4789	1.3857083e-09
4790	1.3078336e-09
4791	1.4347191e-09
4792	1.4357363e-09
4793	1.4020072e-09
4794	1.3814146e-09
4795	1.3365925e-09
4796	1.2388622e-09
4797	1.2833993e-09
4798	1.5509182e-09
4799	1.3545505e-09
4800	1.2106041e-09
4801	1.5509351e-09
4802	1.3003211e-09
4803	1.4190721e-09
4804	1.3699599e-09
4805	1.2417103e-09
4806	1.2064663e-09
4807	1.2182958e-09
4808	1.2235462e-09
4809	1.3847129e-09
4810	1.4004683e-09
4811	1.4396966e-09
4812	1.4690303e-09
4813	1.2006989e-09
4814	1.4729439e-09
4815	1.2077371e-09
4816	1.2636749e-09
4817	1.1242238e-09
4818	1.1282472e-09
4819	1.1327095e-09
4820	1.1289914e-09
4821	9.6170248e-10
4822	1.0875954e-09
4823	1.1151544e-09
4824	1.1874704e-09
4825	1.3057212e-09
4826	1.2866799e-09
4827	1.586242e-09
4828	1.2466811e-09
4829	1.5176743e-09
4830	1.5487467e-09
4831	1.4686412e-09
4832	1.248999e-09
4833	1.4142481e-09
4834	1.1782486e-09
4835	1.3612599e-09
4836	1.1221987e-09
4837	1.2005395e-09
4838	1.4354813e-09
4839	1.2784624e-09
4840	1.5261831e-09
4841	1.2823806e-09
4842	1.4846394e-09
4843	1.3087783e-09
4844	1.2674912e-09
4845	1.3649397e-09
4846	1.2374079e-09
4847	1.2598598e-09
4848	1.2647904e-09
4849	1.2489735e-09
4850	1.179288e-09
4851	1.4567929e-09
4852	1.1139605e-09
4853	1.1469761e-09
4854	1.3203606e-09
4855	1.4628201e-09
4856	1.4150485e-09
4857	1.270169e-09
4858	1.1080346e-09
4859	1.1658051e-09
4860	1.0693847e-09
4861	1.0982728e-09
4862	8.6716621e-10
4863	1.038108e-09
4864	9.5483396e-10
4865	1.2090526e-09
4866	1.0959669e-09
4867	1.0752851e-09
4868	1.5533451e-09
4869	1.4189434e-09
4870	1.3764219e-09
4871	1.3853481e-09
4872	1.4718772e-09
4873	1.4377527e-09
4874	1.1855117e-09
4875	1.3700383e-09
4876	1.1276579e-09
4877	1.3348323e-09
4878	1.2317869e-09
4879	1.2841816e-09
4880	1.5009744e-09
4881	1.2114705e-09
4882	1.4292499e-09
4883	1.2347937e-09
4884	1.4911366e-09
4885	1.2490342e-09
4886	1.3563108e-09
4887	1.211906e-09
4888	1.2059395e-09
4889	1.1938231e-09
4890	1.1691837e-09
4891	1.358775e-09
4892	1.4476307e-09
4893	1.1527581e-09
4894	1.5373358e-09
4895	1.4897691e-09
4896	1.3013359e-09
4897	1.0770117e-09
4898	1.1829497e-09
4899	1.0107367e-09
4900	1.0598232e-09
4901	1.0728682e-09
4902	1.0613198e-09
4903	1.0058066e-09
4904	9.2996056e-10
4905	1.1905326e-09
4906	1.0208243e-09
4907	1.3554186e-09
4908	1.4626048e-09
4909	1.6260509e-09
4910	1.5542968e-09
4911	1.5263094e-09
4912	1.3317941e-09
4913	1.388496e-09
4914	1.3924113e-09
4915	1.3428095e-09
4916	1.3423538e-09
4917	1.296404e-09
4918	1.1455699e-09
4919	1.3521649e-09
4920	1.3456864e-09
4921	1.4724305e-09
4922	1.5005249e-09
4923	1.5310613e-09
4924	1.4513789e-09
4925	1.5000137e-09
4926	1.2780431e-09
4927	1.3745532e-09
4928	1.3106446e-09
4929	1.1298589e-09
4930	1.0783662e-09
4931	1.285583e-09
4932	1.4151741e-09
4933	1.221121e-09
4934	1.4725603e-09
4935	1.5685642e-09
4936	1.2363295e-09
4937	1.5156677e-09
4938	1.4317757e-09
4939	1.2406698e-09
4940	9.879729e-10
4941	1.0047043e-09
4942	1.0067438e-09
4943	9.8732644e-10
4944	9.2449014e-10
4945	1.0673037e-09
4946	1.0920655e-09
4947	1.1763321e-09
4948	1.4075379e-09
4949	1.3221913e-09
4950	1.5824049e-09
4951	1.6049923e-09
4952	1.2634096e-09
4953	1.2557895e-09
4954	1.3557389e-09
4955	1.3933409e-09
4956	1.3436078e-09
4957	1.335704e-09
4958	1.2870336e-09
4959	1.3076377e-09
4960	1.2185369e-09
4961	1.5352448e-09
4962	1.5040495e-09
4963	1.4300926e-09
4964	1.4096877e-09
4965	1.230759e-09
4966	1.5184339e-09
4967	1.2475022e-09
4968	1.2802195e-09
4969	1.1011718e-09
4970	1.0901527e-09
4971	1.0716414e-09
4972	1.265084e-09
4973	1.40665e-09
4974	1.45914e-09
4975	1.2704016e-09
4976	1.5513629e-09
4977	1.3803288e-09
4978	1.5348383e-09
4979	1.3597348e-09
4980	1.2782686e-09
4981	1.0021203e-09
4982	1.0108058e-09
4983	1.0079635e-09
4984	9.7445576e-10
4985	1.0973356e-09
4986	1.1277901e-09
4987	1.1880737e-09
4988	1.2353259e-09
4989	1.4110915e-09
4990	1.3246479e-09
4991	1.5117947e-09
4992	1.4041562e-09
4993	1.4062323e-09
4994	1.243948e-09
4995	1.3893812e-09
4996	1.2508238e-09
4997	1.142334e-09
4998	1.2452865e-09
4999	1.0733103e-09
5000	1.3995238e-09
