1	3.4852791e-07
2	7.4581192e-06
3	3.2270318e-06
4	-1.5028431e-06
5	-1.1946539e-06
6	-5.2116957e-07
7	4.3838894e-07
8	1.9255032e-07
9	-1.0522119e-07
10	-9.0206774e-08
11	-6.0782871e-08
12	-4.0915476e-08
13	2.5846845e-08
14	-1.4909879e-08
15	1.1845671e-08
16	-8.5375594e-09
17	2.0905782e-09
18	3.0960347e-11
19	-3.0287974e-10
20	-1.2818535e-09
21	-1.2731717e-09
22	-1.2714813e-09
23	3.6244798e-10
24	-2.4820847e-10
25	-1.3748893e-11
26	-3.1431075e-10
27	-2.7522076e-10
28	-7.8636493e-10
29	-4.4691356e-10
30	-1.8694534e-10
31	-2.2011956e-10
32	-1.0048207e-10
33	-1.7051855e-10
34	-5.3717573e-10
35	-3.7445431e-10
36	-2.0852892e-10
37	-3.1388257e-10
38	-3.1865968e-10
39	-1.7719048e-10
40	-1.1835925e-11
41	7.6260733e-11
42	7.4943251e-11
43	4.7872202e-11
44	1.8209615e-11
45	8.0209517e-13
46	3.4830612e-12
47	1.4976331e-11
48	2.0403444e-11
49	2.6977506e-11
50	2.2015599e-11
51	8.7339174e-12
52	1.5725872e-11
53	1.090237e-11
54	2.1597914e-11
55	1.5798175e-11
56	1.3924426e-11
57	1.6897613e-11
58	1.2576942e-11
59	1.1983194e-11
60	2.289399e-11
61	3.3108117e-11
62	4.8343287e-11
63	6.0538135e-11
64	7.1625225e-11
65	7.2281322e-11
66	8.5086448e-11
67	8.1487978e-11
68	9.497815e-11
69	1.078104e-10
70	9.9066776e-11
71	1.1301179e-10
72	1.1879257e-10
73	1.1149403e-10
74	9.4555326e-11
75	1.0767073e-10
76	1.0390282e-10
77	9.9873411e-11
78	1.0310047e-10
79	1.0294076e-10
80	9.6566391e-11
81	1.0585781e-10
82	1.1134294e-10
83	1.0801541e-10
84	1.1194143e-10
85	1.0597086e-10
86	1.1376474e-10
87	1.2283958e-10
88	1.2038554e-10
89	1.1815393e-10
90	1.0596809e-10
91	1.0640497e-10
92	8.8867922e-11
93	9.2764182e-11
94	6.7982292e-11
95	-6.9242043e-11
96	-1.0384835e-10
97	-4.3107977e-13
98	9.8236352e-11
99	1.0393681e-10
100	9.7803481e-11
101	1.0166369e-10
102	9.8748338e-11
103	9.0776069e-11
104	9.8084915e-11
105	8.9164032e-11
106	8.7483066e-11
107	9.0717705e-11
108	9.6406269e-11
109	9.3675484e-11
110	8.6214287e-11
111	7.9361809e-11
112	7.4976652e-11
113	7.497812e-11
114	7.7913896e-11
115	8.1081295e-11
116	8.135453e-11
117	6.9614444e-11
118	7.2445447e-11
119	5.8628797e-11
120	5.2604552e-11
121	5.9128355e-11
122	5.1012667e-11
123	5.1466988e-11
124	5.5410046e-11
125	6.3015898e-11
126	6.5364879e-11
127	6.5183907e-11
128	5.1808545e-11
129	3.9479923e-11
130	4.6444953e-11
131	5.8052799e-11
132	6.030902e-11
133	7.151394e-11
134	6.7972914e-11
135	6.6421405e-11
136	6.8798631e-11
137	7.0536104e-11
138	8.0550874e-11
139	7.7265767e-11
140	6.9264496e-11
141	6.4960448e-11
142	5.3991404e-11
143	5.5265453e-11
144	5.6648559e-11
145	7.6181854e-11
146	-1.2711225e-10
147	-6.8558673e-11
148	-5.6942622e-11
149	-4.1120506e-11
150	-9.0681952e-12
151	4.103607e-12
152	1.9636049e-11
153	-2.6594393e-12
154	-5.7279823e-12
155	-1.5344262e-12
156	1.3464394e-11
157	-4.5488717e-12
158	-8.3045439e-12
159	5.2080564e-12
160	-7.170461e-12
161	-5.9630169e-12
162	7.8337253e-12
163	-8.3176773e-12
164	-6.3078468e-12
165	1.2139276e-11
166	-5.7852415e-12
167	-9.5282695e-12
168	8.6822946e-12
169	-3.4386506e-12
170	1.1034236e-11
171	-3.7004967e-12
172	-7.0843426e-12
173	1.5369581e-11
174	-2.9094575e-12
175	-7.1070756e-12
176	6.9201854e-12
177	-1.1725344e-11
178	1.761098e-11
179	5.26427e-14
180	-6.6606552e-12
181	8.0425653e-12
182	-9.0068167e-12
183	6.852687e-12
184	-1.0641096e-11
185	-1.5890778e-11
186	-5.4831288e-13
187	-1.2760422e-11
188	-1.2245268e-11
189	6.7059047e-13
190	-1.8597228e-11
191	4.5838795e-12
192	-1.0824098e-11
193	-1.7271158e-11
194	-9.3899154e-12
195	-2.5687907e-11
196	-2.4707981e-11
197	-1.1564331e-11
198	-2.4089997e-11
199	-1.6566627e-11
200	-2.9053123e-11
201	-2.6300257e-11
202	-1.5628153e-11
203	-2.8303156e-11
204	-3.2645175e-11
205	-2.5629892e-11
206	-1.8448904e-11
207	-2.2157326e-11
208	-1.8464125e-11
209	-2.8390197e-11
210	-3.1462041e-11
211	-3.1634427e-11
212	-3.7018772e-11
213	-3.6393225e-11
214	-3.3807794e-11
215	-4.2248937e-11
216	-4.1491336e-11
217	-3.6712876e-11
218	-4.0592752e-11
219	-2.7249618e-11
220	-2.7696883e-11
221	-3.2483848e-11
222	-3.4847361e-11
223	-3.3153086e-11
224	-3.04654e-11
225	-3.2080587e-11
226	-3.143656e-11
227	-3.1646768e-11
228	-2.9784174e-11
229	-2.8628181e-11
230	-2.7703002e-11
231	-1.4923521e-11
232	-2.0107063e-11
233	-1.8485398e-11
234	-2.0911281e-11
235	-2.0435093e-11
236	-1.8309848e-11
237	-1.9152777e-11
238	-1.7515454e-11
239	-1.51495e-11
240	-1.3034645e-11
241	-1.2604178e-11
242	-1.3310842e-11
243	-4.0224127e-12
244	-7.9770719e-12
245	-8.8909076e-12
246	-8.0448727e-12
247	-5.8898352e-12
248	-4.0027634e-12
249	-4.4606631e-12
250	-6.5237053e-12
251	-4.854203e-12
252	-3.2896969e-12
253	-1.230667e-12
254	1.5572107e-12
255	1.230954e-11
256	7.6708923e-12
257	3.7182325e-12
258	-1.4244025e-14
259	-8.4531668e-13
260	2.1210485e-12
261	6.1231629e-12
262	1.1296099e-11
263	1.4284129e-11
264	1.8490061e-11
265	2.3308798e-11
266	3.5156428e-11
267	3.2614387e-11
268	2.860142e-11
269	2.6551269e-11
270	2.4111389e-11
271	2.2772439e-11
272	2.2880001e-11
273	2.385465e-11
274	2.4187747e-11
275	2.3879029e-11
276	3.2276086e-11
277	3.1766741e-11
278	3.4341094e-11
279	4.132404e-11
280	4.856334e-11
281	4.9984243e-11
282	4.740164e-11
283	4.6495848e-11
284	4.5475554e-11
285	4.895385e-11
286	4.9590237e-11
287	4.6679767e-11
288	4.4850844e-11
289	4.6840585e-11
290	4.7144148e-11
291	4.8209106e-11
292	4.9608733e-11
293	5.5996943e-11
294	5.3287321e-11
295	5.339117e-11
296	-8.5647978e-11
297	6.0028426e-11
298	6.6076334e-11
299	7.0832515e-11
300	8.1382953e-11
301	8.6604454e-11
302	9.4486399e-11
303	9.9677084e-11
304	1.0179241e-10
305	1.0001796e-10
306	9.6169033e-11
307	1.025127e-10
308	9.705753e-11
309	8.7138412e-11
310	-8.5884491e-11
311	5.3143619e-11
312	4.4678606e-11
313	-5.2435271e-11
314	-9.5179589e-11
315	-6.6777954e-11
316	7.7493277e-11
317	-8.5554951e-11
318	-9.4060266e-11
319	9.2026168e-11
320	9.9484435e-11
321	-8.7827988e-11
322	7.5726905e-11
323	5.7548132e-11
324	5.1502455e-11
325	4.8874123e-11
326	7.1729328e-11
327	-3.0800402e-11
328	5.36849e-11
329	4.361152e-11
330	4.3328142e-11
331	6.8130974e-11
332	-7.8659611e-11
333	5.2882641e-11
334	4.3431911e-11
335	4.34731e-11
336	6.9189362e-11
337	-5.9304292e-11
338	6.4371477e-11
339	5.5450797e-11
340	5.1928349e-11
341	7.2899935e-11
342	7.7871705e-11
343	7.9957384e-11
344	7.7948436e-11
345	7.2965849e-11
346	9.4169285e-11
347	9.2828227e-11
348	-1.0900817e-10
349	5.6500944e-11
350	4.6433507e-11
351	6.8945741e-11
352	1.1914133e-10
353	7.0313808e-11
354	7.2680081e-11
355	7.4089661e-11
356	9.8754339e-11
357	1.6033846e-10
358	8.2600749e-11
359	8.3651331e-11
360	8.1598003e-11
361	1.6687582e-10
362	1.4497355e-10
363	8.6812077e-11
364	-8.4037748e-11
365	1.1592767e-10
366	1.2992316e-10
367	1.2308104e-10
368	1.3087884e-10
369	1.3636667e-10
370	8.3775116e-11
371	2.2552372e-10
372	2.3006405e-10
373	1.2402926e-10
374	-1.4555266e-10
375	1.1370012e-10
376	1.0813171e-10
377	1.8944539e-10
378	1.9947504e-10
379	1.2930065e-10
380	-1.3714245e-10
381	-1.2877543e-10
382	2.7500099e-10
383	2.301679e-10
384	2.315301e-10
385	1.3523554e-10
386	-1.4638567e-10
387	1.3136596e-10
388	1.9692908e-10
389	1.5267852e-10
390	1.7122863e-10
391	1.0116164e-10
392	1.2770501e-10
393	1.3731231e-10
394	1.3818273e-10
395	2.654617e-10
396	1.6557809e-10
397	2.0402081e-10
398	2.0976254e-10
399	1.1133904e-10
400	1.4895211e-10
401	1.5956433e-10
402	1.7557284e-10
403	1.9079165e-10
404	2.0072828e-10
405	2.0754159e-10
406	1.705092e-10
407	1.811967e-10
408	2.1920479e-10
409	2.494502e-10
410	2.6466966e-10
411	2.7322884e-10
412	2.8164684e-10
413	2.8652001e-10
414	2.9087526e-10
415	3.0051697e-10
416	-2.6591305e-10
417	3.391356e-10
418	-2.1126042e-10
419	3.6653177e-10
420	3.2066663e-10
421	-2.0350324e-10
422	3.9076853e-10
423	-2.1347844e-10
424	4.085147e-10
425	-2.4727454e-10
426	4.1882145e-10
427	2.8966043e-10
428	2.8903309e-10
429	3.2939595e-10
430	3.5715157e-10
431	3.6622881e-10
432	3.6778324e-10
433	3.7581169e-10
434	3.9550588e-10
435	4.2619088e-10
436	4.6010198e-10
437	4.2281298e-10
438	3.3502383e-10
439	3.0830279e-10
440	2.108855e-10
441	4.2082306e-10
442	2.2614815e-10
443	3.0450941e-10
444	-3.5563412e-10
445	4.0703928e-10
446	-4.4297618e-10
447	4.2081214e-10
448	-3.5380083e-10
449	4.2155429e-10
450	4.3863726e-10
451	-5.0381889e-10
452	5.5901851e-10
453	-4.7153773e-10
454	5.4968201e-10
455	-4.6426051e-10
456	5.623895e-10
457	5.5684154e-10
458	4.9553288e-10
459	3.0454492e-10
460	-3.5115196e-10
461	4.572267e-10
462	-4.2765132e-10
463	4.5058666e-10
464	4.1051177e-10
465	3.8299121e-10
466	3.8096137e-10
467	1.9602105e-10
468	-3.091248e-10
469	2.4430399e-10
470	2.908999e-10
471	2.754135e-10
472	3.5314458e-10
473	2.4300505e-10
474	-2.969388e-10
475	3.4024658e-10
476	1.9154925e-10
477	1.7202958e-10
478	1.8814313e-10
479	1.2736058e-10
480	-2.1138572e-10
481	1.4623601e-10
482	1.8461543e-10
483	2.1008114e-10
484	1.4379642e-10
485	-1.6505944e-10
486	2.8197821e-10
487	1.2782833e-10
488	1.6056599e-10
489	1.1864176e-10
490	-1.4658617e-10
491	2.1570215e-10
492	2.5453657e-10
493	1.9105227e-10
494	1.7609416e-10
495	-1.2195852e-10
496	1.7518495e-10
497	2.7009801e-10
498	2.720214e-10
499	1.6219919e-10
500	-1.9463405e-10
501	3.0829882e-10
502	2.0490042e-10
503	2.0502815e-10
504	-2.8856692e-10
505	2.8051363e-10
506	2.8082254e-10
507	1.4751434e-10
508	-2.2567354e-10
509	2.6373875e-10
510	2.1038163e-10
511	3.4320697e-10
512	2.05174e-10
513	-2.898709e-10
514	3.3742637e-10
515	2.2393539e-10
516	2.0233747e-10
517	-2.6902813e-10
518	3.3124377e-10
519	2.0960317e-10
520	3.0858889e-10
521	3.0723913e-10
522	1.7856145e-10
523	1.7309543e-10
524	3.3893527e-10
525	1.774344e-10
526	-2.1545465e-10
527	2.9730383e-10
528	2.2110597e-10
529	2.8164306e-10
530	2.7381128e-10
531	1.506949e-10
532	2.457087e-10
533	2.3130778e-10
534	1.4091589e-10
535	-2.0210952e-10
536	3.0434485e-10
537	2.6611346e-10
538	2.267967e-10
539	1.3675622e-10
540	-1.8541031e-10
541	2.4834868e-10
542	1.740137e-10
543	1.2716809e-10
544	1.5667224e-10
545	1.6649543e-10
546	1.036886e-10
547	1.4429168e-10
548	1.0902832e-10
549	2.2785011e-10
550	2.1700776e-10
551	2.0384862e-10
552	1.3704151e-10
553	-1.9173373e-10
554	2.0136861e-10
555	1.5641354e-10
556	1.2135535e-10
557	1.4498534e-10
558	1.1947003e-10
559	1.057187e-10
560	1.2154126e-10
561	8.4030889e-11
562	1.4399025e-10
563	1.3166875e-10
564	1.7642254e-10
565	1.2790257e-10
566	2.0496267e-10
567	2.4181251e-10
568	2.4908225e-10
569	1.5294474e-10
570	1.4692799e-10
571	1.5589962e-10
572	2.1685678e-10
573	2.3464524e-10
574	1.5314152e-10
575	2.5955925e-10
576	2.4650745e-10
577	1.5584073e-10
578	1.6770705e-10
579	2.1240885e-10
580	3.1573035e-10
581	2.0574388e-10
582	2.1714297e-10
583	2.0971982e-10
584	2.0590806e-10
585	2.5711717e-10
586	3.9946583e-10
587	2.4886364e-10
588	2.9358801e-10
589	3.1071317e-10
590	2.7641088e-10
591	2.7086401e-10
592	3.3637652e-10
593	3.308157e-10
594	2.4394768e-10
595	2.0273601e-10
596	2.7375669e-10
597	3.0637639e-10
598	4.2732113e-10
599	3.8327759e-10
600	2.5109329e-10
601	3.2291345e-10
602	3.0566389e-10
603	2.6815726e-10
604	1.8345698e-10
605	1.9972518e-10
606	3.64114e-10
607	2.2777377e-10
608	2.3642189e-10
609	2.8044671e-10
610	2.3143885e-10
611	1.8823618e-10
612	2.04349e-10
613	2.4128011e-10
614	1.7829831e-10
615	3.2138166e-10
616	1.653524e-10
617	1.4530155e-10
618	1.7827027e-10
619	1.3999871e-10
620	1.67812e-10
621	1.6499807e-10
622	2.0626128e-10
623	-2.7861072e-10
624	3.2551007e-10
625	4.3729309e-10
626	3.3374474e-10
627	-4.1328827e-10
628	3.4937174e-10
629	3.322069e-10
630	2.1956107e-10
631	3.8274854e-10
632	3.6344667e-10
633	-4.7387233e-12
634	4.6676497e-10
635	3.290507e-10
636	3.7359509e-10
637	2.4012055e-10
638	2.2869521e-10
639	1.9760323e-10
640	2.7935644e-10
641	-3.7593857e-10
642	2.7851927e-10
643	3.8663026e-10
644	3.5960816e-10
645	3.2323785e-10
646	3.0411855e-10
647	1.9384136e-10
648	2.8652138e-10
649	4.102565e-10
650	-5.0015602e-10
651	4.516466e-10
652	4.6391891e-10
653	4.0114227e-10
654	4.6047231e-10
655	2.9188502e-10
656	3.1819695e-10
657	3.5794063e-10
658	4.4306678e-10
659	-4.5201275e-10
660	5.2600235e-10
661	4.0056436e-10
662	4.3580933e-10
663	3.546831e-10
664	3.0770377e-10
665	1.969292e-10
666	3.6937507e-10
667	3.2504485e-10
668	-3.7436638e-10
669	4.7233263e-10
670	3.3158538e-10
671	4.3413836e-10
672	3.6172876e-10
673	3.783384e-10
674	3.3953746e-10
675	3.5838538e-10
676	4.1040473e-10
677	-4.3545867e-10
678	5.0372981e-10
679	3.7362272e-10
680	4.4996466e-10
681	3.6429444e-10
682	4.7431228e-10
683	3.726169e-10
684	3.0088114e-10
685	4.4256788e-10
686	-4.9217581e-10
687	4.7322956e-10
688	3.8110872e-10
689	4.9111397e-10
690	4.5865122e-10
691	3.9633369e-10
692	3.8479627e-10
693	5.2986803e-10
694	5.1252108e-10
695	-5.6394189e-10
696	4.5687427e-10
697	4.4072274e-10
698	5.2940002e-10
699	5.1364256e-10
700	-5.344288e-10
701	4.5398316e-10
702	4.7294385e-10
703	4.9189551e-10
704	5.2149773e-10
705	5.5042711e-10
706	4.5077822e-10
707	5.3677644e-10
708	5.240349e-10
709	-5.5604401e-10
710	4.4843838e-10
711	4.9206973e-10
712	4.7815154e-10
713	5.0271625e-10
714	4.1722891e-10
715	4.4388491e-10
716	4.8625323e-10
717	5.2281733e-10
718	-5.4930967e-10
719	4.7174587e-10
720	4.9778741e-10
721	4.6045247e-10
722	5.1926101e-10
723	5.8067743e-10
724	4.6563471e-10
725	4.9187803e-10
726	5.2569821e-10
727	-5.1382106e-10
728	4.5527314e-10
729	4.9877272e-10
730	4.2928635e-10
731	5.078614e-10
732	4.5212595e-10
733	4.1910279e-10
734	4.4820299e-10
735	5.2251751e-10
736	-4.7882665e-10
737	4.4179156e-10
738	4.8180671e-10
739	3.9749484e-10
740	4.9952317e-10
741	4.297372e-10
742	4.1486574e-10
743	4.524659e-10
744	4.9273421e-10
745	-4.3626664e-10
746	4.3999865e-10
747	4.9949002e-10
748	4.0624786e-10
749	5.1393753e-10
750	4.5330451e-10
751	3.9712121e-10
752	4.1353864e-10
753	5.2833232e-10
754	-4.101727e-10
755	4.4165267e-10
756	5.0082423e-10
757	4.0877639e-10
758	5.3698923e-10
759	4.5465312e-10
760	5.4950258e-10
761	4.3462865e-10
762	5.1344927e-10
763	-3.7947019e-10
764	4.5760402e-10
765	5.1289963e-10
766	4.2355817e-10
767	5.5152275e-10
768	4.2237142e-10
769	4.1655947e-10
770	4.4202169e-10
771	-4.911698e-10
772	4.372345e-10
773	4.6805468e-10
774	4.018115e-10
775	-4.8221264e-10
776	5.1291124e-10
777	5.2004196e-10
778	4.4528942e-10
779	-5.0012864e-10
780	4.6536257e-10
781	4.8179618e-10
782	4.1462051e-10
783	-5.0213427e-10
784	3.9344229e-10
785	5.0671943e-10
786	4.3988352e-10
787	-4.9426911e-10
788	4.6262565e-10
789	4.5782176e-10
790	4.070213e-10
791	-4.7691001e-10
792	5.7186247e-10
793	4.9318133e-10
794	4.4922413e-10
795	-5.2525179e-10
796	4.6336128e-10
797	4.5178845e-10
798	4.0663186e-10
799	-4.9421568e-10
800	3.5512033e-10
801	4.9268383e-10
802	4.1515542e-10
803	-4.2704898e-10
804	4.8780261e-10
805	4.3725283e-10
806	4.2643483e-10
807	-5.3255255e-10
808	5.6108755e-10
809	5.0254588e-10
810	4.5431758e-10
811	6.2641054e-10
812	4.7996098e-10
813	4.5889521e-10
814	-4.9736037e-10
815	3.9043333e-10
816	4.9551651e-10
817	3.6972985e-10
818	-4.8805002e-10
819	3.8669946e-10
820	4.7012601e-10
821	-5.0512497e-10
822	4.2859266e-10
823	4.9699118e-10
824	-3.3236097e-10
825	-5.6377568e-10
826	-5.1347107e-10
827	-3.8382189e-10
828	-5.3138519e-10
829	-4.6792101e-10
830	-3.9120986e-10
831	-3.7707821e-10
832	-4.4017708e-10
833	-4.7380714e-10
834	-4.9842232e-10
835	-4.7626267e-10
836	-3.9660018e-10
837	-4.3848359e-10
838	-4.6456778e-10
839	-4.580931e-10
840	-3.9279898e-10
841	-4.4757539e-10
842	-3.8276482e-10
843	-4.3816605e-10
844	-3.7123507e-10
845	-4.1167196e-10
846	-4.3937177e-10
847	-4.3219166e-10
848	-3.7521321e-10
849	-4.0293451e-10
850	-4.2456116e-10
851	-3.5301669e-10
852	-4.1702577e-10
853	-3.4604231e-10
854	-3.5041432e-10
855	-3.9300416e-10
856	-3.5507211e-10
857	-3.3975067e-10
858	-3.4531374e-10
859	-4.0460053e-10
860	-3.7347136e-10
861	-3.5575784e-10
862	-3.5712329e-10
863	-3.2795995e-10
864	-3.9407017e-10
865	-3.304923e-10
866	-3.8296124e-10
867	-3.2682523e-10
868	-3.322871e-10
869	-3.6882751e-10
870	-3.4033549e-10
871	-3.7130604e-10
872	-3.3955378e-10
873	-3.6910975e-10
874	-3.4242024e-10
875	-3.2170304e-10
876	-3.746575e-10
877	-3.5938199e-10
878	-3.3226109e-10
879	-2.9290133e-10
880	-1.3554155e-10
881	-2.6041619e-10
882	-3.4545047e-10
883	-3.4613903e-10
884	-3.4539084e-10
885	-3.1319204e-10
886	-3.1893629e-10
887	-2.9646843e-10
888	-3.1848191e-10
889	-3.1174266e-10
890	-3.3334032e-10
891	-3.2275262e-10
892	-3.4086723e-10
893	-3.1692027e-10
894	-3.238641e-10
895	-3.4288646e-10
896	-3.225245e-10
897	-2.9802169e-10
898	-3.2793314e-10
899	-2.9410994e-10
900	-3.0355552e-10
901	-2.9207838e-10
902	-3.1129211e-10
903	-3.00821e-10
904	-3.1806203e-10
905	-3.0481235e-10
906	-3.2809747e-10
907	-3.1668852e-10
908	-3.3353701e-10
909	-3.105024e-10
910	-3.2694418e-10
911	-3.0442847e-10
912	-3.1696061e-10
913	-2.9709425e-10
914	-3.0762905e-10
915	-2.8661989e-10
916	-3.0549013e-10
917	-2.9884864e-10
918	-3.1948742e-10
919	-3.0717029e-10
920	-3.2548288e-10
921	-3.1055019e-10
922	-3.2782421e-10
923	-3.0955088e-10
924	-3.2349788e-10
925	-3.0917705e-10
926	-2.8834519e-10
927	-3.1280878e-10
928	-3.0788701e-10
929	-3.2862038e-10
930	-3.1506765e-10
931	-3.3964281e-10
932	-3.1960594e-10
933	-3.3845299e-10
934	-3.1551256e-10
935	-2.9461063e-10
936	-3.1801945e-10
937	-3.0786571e-10
938	-3.2976426e-10
939	-3.1425704e-10
940	3.5853681e-10
941	-3.0389501e-10
942	-2.8558968e-10
943	-3.0703473e-10
944	-2.9523727e-10
945	3.4071565e-10
946	-2.7690979e-10
947	-3.0270202e-10
948	-2.5707338e-10
949	-2.657893e-10
950	-2.9280581e-10
951	-2.797283e-10
952	-2.9983252e-10
953	-2.8185986e-10
954	-2.6313444e-10
955	-2.8503112e-10
956	-2.7585971e-10
957	-2.9680275e-10
958	-2.8353824e-10
959	-3.0359429e-10
960	-2.9288195e-10
961	-2.7780962e-10
962	-2.6307383e-10
963	-2.7810388e-10
964	-2.9839493e-10
965	-2.5524648e-10
966	-2.8070002e-10
967	-3.2822914e-10
968	-3.1363405e-10
969	-3.3826392e-10
970	-2.9715784e-10
971	-2.6942005e-10
972	-2.8854924e-10
973	-2.7720174e-10
974	-2.9731693e-10
975	-2.8614098e-10
976	-2.7012559e-10
977	-2.9062299e-10
978	-2.8118214e-10
979	-2.6993605e-10
980	-3.0134614e-10
981	-2.8335752e-10
982	3.0379247e-10
983	-3.033042e-10
984	-2.9533952e-10
985	-2.7557685e-10
986	-2.850541e-10
987	2.9258388e-10
988	-2.696779e-10
989	-2.5989266e-10
990	2.9436581e-10
991	-2.6980364e-10
992	-2.6488913e-10
993	-2.524606e-10
994	-2.6901946e-10
995	2.9261904e-10
996	-2.8198781e-10
997	-2.8104523e-10
998	-3.1465541e-10
999	-3.3013161e-10
1000	-3.2588547e-10
1001	-3.4894457e-10
1002	-3.1107674e-10
1003	-3.2164084e-10
1004	-2.9468974e-10
1005	-2.7254928e-10
1006	-2.9622812e-10
1007	-2.8369143e-10
1008	-2.6522573e-10
1009	-2.9737012e-10
1010	-2.9327628e-10
1011	-2.7458612e-10
1012	-2.9363008e-10
1013	-2.8026647e-10
1014	-2.6947308e-10
1015	-3.006468e-10
1016	-2.8557492e-10
1017	-3.2752515e-10
1018	-2.5900958e-10
1019	-2.6312081e-10
1020	-2.9741899e-10
1021	-2.8639859e-10
1022	-2.673713e-10
1023	-2.9772271e-10
1024	-2.8318367e-10
1025	-2.6334292e-10
1026	-2.9310293e-10
1027	-2.8303303e-10
1028	-2.6608175e-10
1029	-2.8768208e-10
1030	-2.7261966e-10
1031	-2.5626012e-10
1032	2.4739397e-10
1033	-2.6269382e-10
1034	-2.518863e-10
1035	-2.5221622e-10
1036	-2.357681e-10
1037	-2.5319995e-10
1038	-2.9908313e-10
1039	-2.9372952e-10
1040	-2.818266e-10
1041	-3.1884582e-10
1042	-3.0024107e-10
1043	-2.6720503e-10
1044	-2.8292574e-10
1045	-2.6543134e-10
1046	-2.487032e-10
1047	-2.7030827e-10
1048	-2.5889823e-10
1049	-2.4283848e-10
1050	-2.7100895e-10
1051	-2.6619453e-10
1052	-2.4985708e-10
1053	-3.0455142e-10
1054	-2.9864304e-10
1055	-2.7983175e-10
1056	-3.0958432e-10
1057	-2.8459264e-10
1058	-2.5696414e-10
1059	-2.8100208e-10
1060	-2.6194229e-10
1061	-2.4179136e-10
1062	-2.6870342e-10
1063	-2.5860762e-10
1064	-2.4717196e-10
1065	-2.8064846e-10
1066	-2.6467307e-10
1067	-2.4477594e-10
1068	-2.67903e-10
1069	-2.5801924e-10
1070	-2.3962183e-10
1071	-2.5778872e-10
1072	-2.5886808e-10
1073	-2.5415049e-10
1074	-2.846053e-10
1075	-2.2253341e-10
1076	-2.3180361e-10
1077	2.01547e-10
1078	-2.3352855e-10
1079	-2.3220448e-10
1080	-2.6890642e-10
1081	-2.6307558e-10
1082	-2.5370692e-10
1083	1.9104296e-10
1084	2.2448905e-10
1085	-2.707665e-10
1086	-2.6407264e-10
1087	-2.3882635e-10
1088	-2.1943787e-10
1089	-2.3303467e-10
1090	-2.2678391e-10
1091	-2.1490736e-10
1092	-2.3454288e-10
1093	-2.3130131e-10
1094	-2.8436254e-10
1095	-2.8097005e-10
1096	-2.6621926e-10
1097	-2.4853619e-10
1098	-2.6814396e-10
1099	-2.4757791e-10
1100	-2.2980289e-10
1101	2.1006293e-10
1102	-2.2487586e-10
1103	-2.2159608e-10
1104	-2.4650815e-10
1105	-2.3892351e-10
1106	-2.8693226e-10
1107	-2.6412612e-10
1108	-2.4745335e-10
1109	-2.8818489e-10
1110	-2.566186e-10
1111	-2.7978965e-10
1112	-2.6681099e-10
1113	-2.4035917e-10
1114	2.0732364e-10
1115	-2.2064578e-10
1116	-2.166829e-10
1117	-2.0520162e-10
1118	-1.9733969e-10
1119	-2.2015438e-10
1120	-2.2105511e-10
1121	-2.7282147e-10
1122	-2.9066084e-10
1123	1.9802989e-10
1124	-3.0106955e-10
1125	-2.8950261e-10
1126	-2.5035111e-10
1127	-2.6385607e-10
1128	-2.519796e-10
1129	-2.3034242e-10
1130	-2.5461482e-10
1131	-2.5219856e-10
1132	-2.5066409e-10
1133	-2.3327155e-10
1134	-2.7098457e-10
1135	-2.7222672e-10
1136	-2.936839e-10
1137	-2.7827175e-10
1138	-2.5997121e-10
1139	-2.4661647e-10
1140	-2.5935818e-10
1141	-2.6745839e-10
1142	-2.7190766e-10
1143	-2.4036084e-10
1144	-2.7071721e-10
1145	-2.73191e-10
1146	-2.7477731e-10
1147	-2.3779245e-10
1148	-2.6923576e-10
1149	-2.6934119e-10
1150	-2.9497554e-10
1151	-2.8704614e-10
1152	-2.7221206e-10
1153	-2.3968645e-10
1154	-2.529451e-10
1155	-2.5679669e-10
1156	-2.4001835e-10
1157	-2.4711378e-10
1158	-2.2959371e-10
1159	-2.2293237e-10
1160	-2.2063891e-10
1161	-2.5128346e-10
1162	-2.6637969e-10
1163	-2.7234951e-10
1164	-2.7589289e-10
1165	-2.892922e-10
1166	-2.7161536e-10
1167	-2.4901537e-10
1168	-2.560538e-10
1169	-2.3793646e-10
1170	-2.3090883e-10
1171	-2.2729796e-10
1172	-2.4168265e-10
1173	-2.4065994e-10
1174	-2.4323804e-10
1175	-2.4948224e-10
1176	-2.7628142e-10
1177	-2.6112798e-10
1178	-2.4396618e-10
1179	-2.3591992e-10
1180	-2.426997e-10
1181	-2.434681e-10
1182	-2.4550742e-10
1183	-2.666169e-10
1184	-2.5775174e-10
1185	-2.5371689e-10
1186	-2.4589549e-10
1187	-2.6089249e-10
1188	-2.5527146e-10
1189	-2.5063643e-10
1190	-2.4850872e-10
1191	-2.6531648e-10
1192	-2.6300836e-10
1193	-2.4576915e-10
1194	-2.2032173e-10
1195	1.3854095e-10
1196	-2.0524157e-10
1197	1.4062301e-10
1198	9.5895303e-11
1199	-2.215375e-10
1200	-2.234003e-10
1201	-2.2109757e-10
1202	-2.2484625e-10
1203	-2.5439859e-10
1204	-2.5945894e-10
1205	-2.5955698e-10
1206	-2.4608689e-10
1207	-2.4961589e-10
1208	-2.3220947e-10
1209	-2.1667302e-10
1210	-2.051753e-10
1211	-2.2006568e-10
1212	-2.1754062e-10
1213	-2.188479e-10
1214	-2.2193323e-10
1215	-2.4800201e-10
1216	-2.5141422e-10
1217	-2.4559067e-10
1218	-2.3377985e-10
1219	-2.4755948e-10
1220	-2.4181224e-10
1221	-2.2930776e-10
1222	-2.2143528e-10
1223	-2.3464882e-10
1224	-2.2955512e-10
1225	-2.2706873e-10
1226	-2.189303e-10
1227	-2.3447568e-10
1228	-2.3271138e-10
1229	-2.3084879e-10
1230	-2.8885605e-10
1231	-2.5384153e-10
1232	-3.1182905e-10
1233	-2.5159638e-10
1234	-2.6545985e-10
1235	3.2375465e-11
1236	-2.0534963e-10
1237	-1.9302944e-10
1238	-1.1122803e-10
1239	-2.2490019e-10
1240	-2.0801917e-10
1241	-2.0140232e-10
1242	-2.0110877e-10
1243	-2.2434716e-10
1244	-2.9220057e-10
1245	-2.4480183e-10
1246	-2.903688e-10
1247	-2.412633e-10
1248	-2.2133722e-10
1249	-2.5431701e-10
1250	-2.0709586e-10
1251	-2.0624577e-10
1252	-1.9489459e-10
1253	-2.3063854e-10
1254	-2.059428e-10
1255	-2.2304906e-10
1256	-2.8153386e-10
1257	-2.3570086e-10
1258	-2.7095922e-10
1259	-2.3857567e-10
1260	-2.3012465e-10
1261	-2.1849418e-10
1262	-2.0888145e-10
1263	-2.2162187e-10
1264	-2.146496e-10
1265	-2.010117e-10
1266	-1.9001456e-10
1267	-2.0563434e-10
1268	-2.5814342e-10
1269	-2.2626288e-10
1270	5.348887e-11
1271	-2.0662894e-10
1272	-1.7087392e-10
1273	-1.9460652e-10
1274	-1.9880581e-10
1275	-2.1194312e-10
1276	-2.0090691e-10
1277	-1.820468e-10
1278	-1.8229905e-10
1279	-1.6812345e-10
1280	-1.9359268e-10
1281	-2.1435056e-10
1282	-2.3493528e-10
1283	-2.7723378e-10
1284	-2.902185e-10
1285	-2.9021964e-10
1286	-2.9055985e-10
1287	-2.4416575e-10
1288	-2.660017e-10
1289	-1.6798249e-10
1290	-2.0452592e-10
1291	-1.6885281e-10
1292	-1.9935727e-10
1293	-1.9250201e-10
1294	-1.9171907e-10
1295	-2.4619082e-10
1296	-2.2098436e-10
1297	-2.7827741e-10
1298	-2.7548777e-10
1299	-2.6833037e-10
1300	-2.3269216e-10
1301	-2.5491706e-10
1302	-2.5220361e-10
1303	-2.4456067e-10
1304	-1.9943104e-10
1305	-1.4622495e-10
1306	-2.0627772e-10
1307	-2.0483818e-10
1308	-1.930374e-10
1309	-1.8799403e-10
1310	-1.9006047e-10
1311	-1.9557114e-10
1312	-1.8935567e-10
1313	-1.8756609e-10
1314	-1.4533663e-10
1315	-2.093788e-10
1316	-1.9075276e-10
1317	-1.7459647e-10
1318	-1.5839289e-10
1319	-1.6204061e-10
1320	-1.7432741e-10
1321	5.1740448e-11
1322	-2.1090351e-10
1323	-1.9111959e-10
1324	-1.1840506e-10
1325	-2.0647825e-10
1326	-1.9664258e-10
1327	-1.9684553e-10
1328	-1.9564158e-10
1329	-1.917641e-10
1330	-1.8116123e-10
1331	-1.9565461e-10
1332	-1.9594487e-10
1333	-1.959234e-10
1334	-2.1541239e-10
1335	-1.7646369e-10
1336	-1.9826377e-10
1337	-1.9278419e-10
1338	-1.9337401e-10
1339	-2.3914211e-10
1340	-2.2888535e-10
1341	-2.137589e-10
1342	-1.9153616e-10
1343	-1.9965318e-10
1344	-1.2907473e-10
1345	-1.9071358e-10
1346	-1.8462026e-10
1347	-1.9677478e-10
1348	-1.849582e-10
1349	-1.8089181e-10
1350	-1.9609396e-10
1351	-2.0062851e-10
1352	-2.0123724e-10
1353	-1.9986682e-10
1354	-1.9861174e-10
1355	-1.8835627e-10
1356	-1.8327797e-10
1357	-1.7224409e-10
1358	-1.5985599e-10
1359	-1.5842678e-10
1360	-1.5900143e-10
1361	-1.9183845e-10
1362	-1.975942e-10
1363	-1.8598607e-10
1364	-1.8720764e-10
1365	-1.9392314e-10
1366	-2.0029661e-10
1367	-2.0464141e-10
1368	-2.0108964e-10
1369	-1.9816538e-10
1370	-1.8418782e-10
1371	-1.730017e-10
1372	-1.8228552e-10
1373	-1.7981221e-10
1374	-1.733853e-10
1375	-1.9178998e-10
1376	-1.9482743e-10
1377	-1.9274896e-10
1378	-1.9306991e-10
1379	-1.8859827e-10
1380	-2.0299379e-10
1381	-2.001473e-10
1382	-2.0101173e-10
1383	-1.9740039e-10
1384	-1.9544393e-10
1385	-1.8100593e-10
1386	-1.7712685e-10
1387	-1.6857304e-10
1388	-1.7642007e-10
1389	-1.7391423e-10
1390	-1.8270888e-10
1391	-1.8878152e-10
1392	-1.9110372e-10
1393	-1.9135465e-10
1394	-1.9409685e-10
1395	-1.8576107e-10
1396	-1.8287835e-10
1397	-1.7242045e-10
1398	-1.5993515e-10
1399	-1.5782546e-10
1400	-1.5786238e-10
1401	-1.6129622e-10
1402	-1.8463004e-10
1403	-1.8501419e-10
1404	-1.9195656e-10
1405	-1.9857003e-10
1406	-2.0018001e-10
1407	-1.9944546e-10
1408	-1.9508687e-10
1409	-1.7974622e-10
1410	-1.7327015e-10
1411	-1.6497453e-10
1412	-1.5426558e-10
1413	-1.6741931e-10
1414	-1.7114312e-10
1415	-1.802242e-10
1416	-1.8397447e-10
1417	-1.8286225e-10
1418	-1.813953e-10
1419	-1.8048086e-10
1420	-1.9683871e-10
1421	-1.9608455e-10
1422	-1.935091e-10
1423	-1.9345076e-10
1424	-1.9183489e-10
1425	-1.7356639e-10
1426	-1.7445035e-10
1427	-1.7221685e-10
1428	-1.6351653e-10
1429	-1.7291231e-10
1430	-1.7786967e-10
1431	-1.8700501e-10
1432	-1.9527539e-10
1433	-1.978295e-10
1434	-1.9583308e-10
1435	-1.7325706e-10
1436	-1.7347091e-10
1437	-1.7138537e-10
1438	-1.4905571e-10
1439	-1.5217756e-10
1440	-1.4704156e-10
1441	-1.4471494e-10
1442	-1.5029323e-10
1443	-1.7761635e-10
1444	-1.8378872e-10
1445	-1.8879601e-10
1446	-1.8968778e-10
1447	-1.8736474e-10
1448	-1.9146639e-10
1449	-1.7862743e-10
1450	-1.7341881e-10
1451	-1.6322433e-10
1452	-1.5189891e-10
1453	-1.4133517e-10
1454	-1.6495359e-10
1455	-1.5413884e-10
1456	-1.7765319e-10
1457	-1.8023489e-10
1458	-1.8521853e-10
1459	-1.8858126e-10
1460	-1.9527996e-10
1461	-2.0330981e-10
1462	-2.0609536e-10
1463	-2.0319044e-10
1464	-2.0181905e-10
1465	-1.7405819e-10
1466	-1.7447693e-10
1467	-1.7253293e-10
1468	-1.6908498e-10
1469	-1.6098878e-10
1470	-1.7448883e-10
1471	-1.754147e-10
1472	-1.8498345e-10
1473	-1.9293306e-10
1474	-1.9948187e-10
1475	-1.8291325e-10
1476	-1.7207068e-10
1477	-1.6487251e-10
1478	-1.4751387e-10
1479	-1.3872738e-10
1480	-1.4961687e-10
1481	-1.3240382e-10
1482	-1.4459507e-10
1483	-1.4552589e-10
1484	-1.755607e-10
1485	-1.670102e-10
1486	-1.909215e-10
1487	-1.8997144e-10
1488	-1.9164094e-10
1489	-1.7158311e-10
1490	-1.7220203e-10
1491	-1.6986402e-10
1492	-1.6662912e-10
1493	-1.5962798e-10
1494	-1.5259227e-10
1495	-1.4724653e-10
1496	-1.7347411e-10
1497	-1.7509424e-10
1498	-1.7490659e-10
1499	-1.7330527e-10
1500	-1.8936418e-10
1501	-1.9046051e-10
1502	-1.9809722e-10
1503	-2.0065523e-10
1504	-1.8516744e-10
1505	-1.7827815e-10
1506	-1.7052793e-10
1507	-1.6302292e-10
1508	-1.6796974e-10
1509	-1.6822152e-10
1510	-1.6618893e-10
1511	-1.8536016e-10
1512	-1.8686897e-10
1513	-1.8738181e-10
1514	-1.9913317e-10
1515	-1.8446565e-10
1516	-1.8097009e-10
1517	-1.7436067e-10
1518	-1.4971162e-10
1519	-1.3463254e-10
1520	-1.351771e-10
1521	-1.329502e-10
1522	-1.3365138e-10
1523	-1.4831297e-10
1524	-1.5085547e-10
1525	-1.5175482e-10
1526	-1.8403296e-10
1527	-1.894056e-10
1528	-1.9688881e-10
1529	-1.8599103e-10
1530	-1.7633505e-10
1531	-1.643356e-10
1532	-1.5476213e-10
1533	-1.6123992e-10
1534	-1.6173237e-10
1535	-1.6326585e-10
1536	-1.6018349e-10
1537	-1.7302722e-10
1538	-1.6574002e-10
1539	-1.5547685e-10
1540	-1.8968505e-10
1541	-1.9959041e-10
1542	-2.0231869e-10
1543	-2.0282874e-10
1544	-1.9531058e-10
1545	-1.7153776e-10
1546	-1.7596508e-10
1547	-1.7473601e-10
1548	-1.555017e-10
1549	-1.65367e-10
1550	-1.6152964e-10
1551	-1.7952064e-10
1552	-1.8224578e-10
1553	-1.7159213e-10
1554	-1.952325e-10
1555	-1.8188982e-10
1556	-1.7733939e-10
1557	-1.6962355e-10
1558	-1.6607108e-10
1559	-1.4096e-10
1560	-1.4131658e-10
1561	-1.3983261e-10
1562	-1.3934112e-10
1563	-1.3528374e-10
1564	-1.4783986e-10
1565	-1.4856635e-10
1566	-1.7326671e-10
1567	-1.8779679e-10
1568	-1.9142091e-10
1569	-2.0086004e-10
1570	-1.8415191e-10
1571	-1.7266274e-10
1572	-1.6238799e-10
1573	-1.5316313e-10
1574	-1.5780449e-10
1575	-1.5798484e-10
1576	-1.6152116e-10
1577	-1.5970979e-10
1578	-1.7262509e-10
1579	-1.6906773e-10
1580	-1.7122744e-10
1581	-1.9522813e-10
1582	-2.106443e-10
1583	-1.9348039e-10
1584	-2.1712822e-10
1585	-1.8646031e-10
1586	-1.843637e-10
1587	1.9525853e-10
1588	-1.6870043e-10
1589	-1.6435252e-10
1590	-1.8677229e-10
1591	-1.9131981e-10
1592	-1.8984832e-10
1593	-1.8984768e-10
1594	-1.873074e-10
1595	-1.9558937e-10
1596	-1.974455e-10
1597	-2.0200924e-10
1598	-1.8208843e-10
1599	-1.7291215e-10
1600	1.7052038e-10
1601	-1.3880567e-10
1602	1.6229234e-10
1603	-1.4207317e-10
1604	-1.5557033e-10
1605	-1.5506443e-10
1606	-1.7230167e-10
1607	-1.7666937e-10
1608	-1.7508634e-10
1609	-2.0145702e-10
1610	-1.9430794e-10
1611	-1.9459125e-10
1612	-1.7104658e-10
1613	-1.5964225e-10
1614	-1.5182498e-10
1615	-1.4534932e-10
1616	-1.7105138e-10
1617	-1.7493497e-10
1618	-1.7045302e-10
1619	-1.6415142e-10
1620	-1.7908878e-10
1621	-1.8866117e-10
1622	-1.7715674e-10
1623	-2.0495843e-10
1624	-1.8341328e-10
1625	-1.8317096e-10
1626	-1.7879489e-10
1627	1.9779758e-10
1628	-1.520618e-10
1629	-1.4042288e-10
1630	1.8864283e-10
1631	1.9830974e-10
1632	-1.7261316e-10
1633	-1.6815067e-10
1634	-1.6471503e-10
1635	-1.6518445e-10
1636	-1.6629667e-10
1637	-1.8018215e-10
1638	-1.622025e-10
1639	-1.651507e-10
1640	-1.4389476e-10
1641	-1.3640551e-10
1642	-1.325797e-10
1643	-1.3226281e-10
1644	-1.3277065e-10
1645	-1.6151203e-10
1646	-1.6695403e-10
1647	-1.7069459e-10
1648	-1.9405369e-10
1649	-1.9475457e-10
1650	-1.9418075e-10
1651	-1.744762e-10
1652	-1.6808641e-10
1653	-1.7707805e-10
1654	1.9822038e-10
1655	-1.6401825e-10
1656	-1.7216664e-10
1657	-1.636714e-10
1658	-1.5517291e-10
1659	-1.6847571e-10
1660	-1.7225629e-10
1661	-1.7904573e-10
1662	-1.8745842e-10
1663	-1.9252807e-10
1664	-1.8949817e-10
1665	-1.9463758e-10
1666	-1.8773459e-10
1667	-1.7182345e-10
1668	-1.6671718e-10
1669	-1.728321e-10
1670	-1.5198783e-10
1671	-1.6714216e-10
1672	-1.6617243e-10
1673	-1.7937711e-10
1674	-1.8641731e-10
1675	-1.8427448e-10
1676	-1.7907735e-10
1677	-1.8636177e-10
1678	-1.6632095e-10
1679	-1.605131e-10
1680	-1.4175022e-10
1681	-1.3128927e-10
1682	-1.2427219e-10
1683	-1.199508e-10
1684	-1.1729301e-10
1685	-1.2211485e-10
1686	-1.3850351e-10
1687	-1.6029198e-10
1688	-1.6424893e-10
1689	-1.592546e-10
1690	-1.700748e-10
1691	-1.5696001e-10
1692	-1.5532432e-10
1693	-1.4625545e-10
1694	-1.4720285e-10
1695	-1.4952455e-10
1696	-1.4594893e-10
1697	-1.354378e-10
1698	-1.4466244e-10
1699	-1.3974788e-10
1700	-1.3981991e-10
1701	-1.4762466e-10
1702	-1.463677e-10
1703	-1.5763817e-10
1704	-1.6400329e-10
1705	-1.689795e-10
1706	-1.7259063e-10
1707	2.0915488e-10
1708	-1.6337251e-10
1709	-1.6900876e-10
1710	-1.4970125e-10
1711	1.8589957e-10
1712	1.9298278e-10
1713	-1.7572599e-10
1714	-1.6535028e-10
1715	-1.6228007e-10
1716	-1.8557379e-10
1717	-1.7880083e-10
1718	-1.729274e-10
1719	-1.7313122e-10
1720	-1.5701774e-10
1721	-1.5025422e-10
1722	1.5872975e-10
1723	-1.2183356e-10
1724	1.4498027e-10
1725	1.5139942e-10
1726	-1.4081966e-10
1727	-1.374807e-10
1728	-1.5041994e-10
1729	-1.535323e-10
1730	-1.753429e-10
1731	-1.7483596e-10
1732	-1.6028467e-10
1733	-1.5775747e-10
1734	-1.4789933e-10
1735	-1.4843605e-10
1736	-1.500839e-10
1737	-1.4629473e-10
1738	-1.3336451e-10
1739	-1.3887953e-10
1740	-1.3748751e-10
1741	-1.35762e-10
1742	-1.4945082e-10
1743	-1.5774944e-10
1744	-1.4935456e-10
1745	-1.6652804e-10
1746	-1.6241189e-10
1747	-1.7456989e-10
1748	-1.706486e-10
1749	-1.698532e-10
1750	-1.6896329e-10
1751	1.9006359e-10
1752	-1.7389786e-10
1753	-1.6879692e-10
1754	-1.7574639e-10
1755	-1.6938902e-10
1756	-1.6487616e-10
1757	-1.6013008e-10
1758	-1.5855363e-10
1759	-1.6363364e-10
1760	-1.4854536e-10
1761	1.8226428e-10
1762	-1.472596e-10
1763	1.5657368e-10
1764	1.5427117e-10
1765	-1.2101509e-10
1766	-1.318936e-10
1767	-1.2903e-10
1768	-1.4823375e-10
1769	-1.4828525e-10
1770	-1.7244452e-10
1771	-1.6599448e-10
1772	-1.6842426e-10
1773	-1.64711e-10
1774	-1.4367685e-10
1775	-1.3905181e-10
1776	-1.3811348e-10
1777	-1.3730434e-10
1778	-1.3488091e-10
1779	-1.5065349e-10
1780	-1.503951e-10
1781	-1.5313948e-10
1782	-1.505671e-10
1783	-1.6234661e-10
1784	-1.6315751e-10
1785	-1.4836876e-10
1786	-1.7649646e-10
1787	-1.6605198e-10
1788	-1.7560467e-10
1789	-1.6767919e-10
1790	-1.6755324e-10
1791	1.908195e-10
1792	-1.4780589e-10
1793	-1.6365882e-10
1794	-1.6544199e-10
1795	2.3438765e-10
1796	-1.7878524e-10
1797	-1.6365311e-10
1798	-1.8402345e-10
1799	-1.6560986e-10
1800	-1.7099121e-10
1801	-1.5262853e-10
1802	-1.5374031e-10
1803	-1.3517405e-10
1804	-1.3195635e-10
1805	-1.321461e-10
1806	-1.3678604e-10
1807	-1.3939995e-10
1808	-1.5750054e-10
1809	-1.661014e-10
1810	-1.6587002e-10
1811	-1.8218578e-10
1812	-1.8279026e-10
1813	-1.8634791e-10
1814	-1.6436866e-10
1815	-1.6610509e-10
1816	-1.6900161e-10
1817	-1.7387069e-10
1818	-1.7053707e-10
1819	-1.5398678e-10
1820	-1.4230082e-10
1821	-1.6238703e-10
1822	-1.5988276e-10
1823	-1.5185658e-10
1824	-1.1686251e-10
1825	-1.1710441e-10
1826	-1.0967508e-10
1827	-1.1075527e-10
1828	-1.3017829e-10
1829	-1.3689488e-10
1830	1.8907053e-10
1831	-1.6764161e-10
1832	-1.6924945e-10
1833	-1.6746647e-10
1834	-1.6787311e-10
1835	-1.8751435e-10
1836	-1.7977738e-10
1837	-1.7982535e-10
1838	-1.7292001e-10
1839	-1.469986e-10
1840	-1.2572653e-10
1841	-1.0237149e-10
1842	-1.1175833e-10
1843	-1.1720089e-10
1844	1.3071993e-10
1845	-1.2190521e-10
1846	-1.1631316e-10
1847	-9.1423194e-11
1848	-1.2467979e-10
1849	-1.1912467e-10
1850	-1.3029403e-10
1851	-1.358746e-10
1852	-1.273351e-10
1853	-9.4072097e-11
1854	-8.0135764e-11
1855	-1.1148205e-10
1856	-1.0880492e-10
1857	-1.3103146e-10
1858	-1.5177351e-10
1859	-1.2381871e-10
1860	-1.3203172e-10
1861	-8.8578789e-11
1862	-7.6705633e-11
1863	-6.7672962e-11
1864	-8.9255537e-11
1865	-7.3887776e-11
1866	-7.2173006e-11
1867	-7.5261114e-11
1868	-7.9431766e-11
1869	1.4590483e-10
1870	-1.5722802e-10
1871	-1.5622839e-10
1872	-1.4771384e-10
1873	1.6694158e-10
1874	1.9414279e-10
1875	-1.7227342e-10
1876	-1.7158389e-10
1877	-1.6969404e-10
1878	-1.369705e-10
1879	-1.1045079e-10
1880	-9.2916545e-11
1881	-9.149894e-11
1882	1.3971379e-10
1883	-1.1788072e-10
1884	-1.1745275e-10
1885	-1.0725978e-10
1886	1.1827535e-10
1887	-1.0646814e-10
1888	-1.1009401e-10
1889	-1.170199e-10
1890	-1.4406955e-10
1891	-1.4343521e-10
1892	-1.458304e-10
1893	-1.0898798e-10
1894	-9.1654954e-11
1895	-1.0365227e-10
1896	-9.282447e-11
1897	-1.0762235e-10
1898	-1.1860414e-10
1899	-1.2436871e-10
1900	-1.1545472e-10
1901	-7.3411786e-11
1902	1.2711543e-10
1903	-8.9770579e-11
1904	-1.0213994e-10
1905	-9.710895e-11
1906	-4.4879568e-11
1907	-6.1412631e-11
1908	1.1583934e-10
1909	-1.0855884e-10
1910	1.7188423e-10
1911	1.9160858e-10
1912	1.9601174e-10
1913	-1.4335072e-10
1914	-1.4241657e-10
1915	1.706253e-10
1916	2.1126457e-10
1917	-1.6933122e-10
1918	-1.5871055e-10
1919	-8.9418671e-11
1920	-6.7260198e-11
1921	-8.012268e-11
1922	1.1655794e-10
1923	-1.0006609e-10
1924	-1.1429683e-10
1925	1.1757225e-10
1926	-9.2218435e-11
1927	1.1676981e-10
1928	-9.7996334e-11
1929	-1.2668616e-10
1930	1.4817858e-10
1931	-1.494753e-10
1932	-1.6256165e-10
1933	1.8871408e-10
1934	2.0511733e-10
1935	-1.3112668e-10
1936	-1.0305502e-10
1937	-1.0594738e-10
1938	-1.2037863e-10
1939	1.6492666e-10
1940	-1.5416713e-10
1941	-1.2201071e-10
1942	-1.0186865e-10
1943	-9.4216612e-11
1944	-7.9682402e-11
1945	-9.387035e-11
1946	-7.9704454e-11
1947	-7.1147953e-11
1948	-7.5365067e-11
1949	-8.1853191e-11
1950	-9.0439673e-11
1951	-1.1141727e-10
1952	1.5967457e-10
1953	-1.5551895e-10
1954	-1.5682119e-10
1955	-1.4221732e-10
1956	1.8852283e-10
1957	-1.5394579e-10
1958	-1.5142453e-10
1959	-1.370344e-10
1960	-9.8527667e-11
1961	-7.2846422e-11
1962	-8.014857e-11
1963	-7.4304437e-11
1964	-8.177494e-11
1965	1.1830231e-10
1966	1.438128e-10
1967	1.4688057e-10
1968	-1.1118682e-10
1969	1.4820735e-10
1970	-1.3137233e-10
1971	-1.514955e-10
1972	-1.483759e-10
1973	-1.2525975e-10
1974	-1.1494802e-10
1975	-8.3243769e-11
1976	-9.1230418e-11
1977	-7.0971157e-11
1978	-1.0502499e-10
1979	-1.2545728e-10
1980	1.5996817e-10
1981	-1.4944134e-10
1982	-1.3038235e-10
1983	-1.2624453e-10
1984	-1.0670885e-10
1985	-1.1877963e-10
1986	-6.9485683e-11
1987	-6.3243588e-11
1988	1.1348785e-10
1989	-9.2378539e-11
1990	1.4708053e-10
1991	-1.2122116e-10
1992	-1.4919806e-10
1993	-1.3586141e-10
1994	1.7446846e-10
1995	-1.5422721e-10
1996	-1.5402345e-10
1997	-1.5759112e-10
1998	-1.6862829e-10
1999	-1.4967746e-10
2000	-9.8527757e-11
2001	-8.6693905e-11
2002	-7.0630966e-11
2003	-8.212657e-11
2004	1.4349146e-10
2005	-1.3845128e-10
2006	1.6201262e-10
2007	-1.3246473e-10
2008	1.5583725e-10
2009	-1.2321088e-10
2010	-1.3226224e-10
2011	-1.4675552e-10
2012	-1.5047747e-10
2013	-1.5554775e-10
2014	-1.5584421e-10
2015	1.7905087e-10
2016	-1.3664478e-10
2017	-1.1204515e-10
2018	1.4853863e-10
2019	1.8887796e-10
2020	-1.6467065e-10
2021	-1.6422688e-10
2022	1.9452647e-10
2023	-1.4019782e-10
2024	-1.4239094e-10
2025	-1.3424e-10
2026	-7.6537112e-11
2027	-8.1576896e-11
2028	-5.6090574e-11
2029	-4.9892584e-11
2030	-4.5073817e-11
2031	-4.9669286e-11
2032	-8.7658058e-11
2033	-9.6445701e-11
2034	-1.1300563e-10
2035	-1.2785959e-10
2036	1.601993e-10
2037	1.9587606e-10
2038	-1.6589131e-10
2039	-1.6609434e-10
2040	-9.6092648e-11
2041	-7.2901707e-11
2042	-7.9376091e-11
2043	-5.1339775e-11
2044	-4.0263604e-11
2045	1.2719302e-10
2046	-1.2315399e-10
2047	-1.2437084e-10
2048	1.394985e-10
2049	-1.2137654e-10
2050	-1.1578966e-10
2051	-1.1523513e-10
2052	1.3403569e-10
2053	-1.3094529e-10
2054	-1.078705e-10
2055	-5.5083157e-11
2056	-7.3931565e-11
2057	-5.070653e-11
2058	-3.9711071e-11
2059	-1.0164963e-10
2060	-1.2192666e-10
2061	1.539439e-10
2062	-1.5092425e-10
2063	-1.2998989e-10
2064	-1.0352488e-10
2065	-6.2830439e-11
2066	1.0289929e-10
2067	1.5141781e-10
2068	-1.0827281e-10
2069	-5.2787339e-11
2070	-3.3357408e-11
2071	5.0827535e-11
2072	-5.6291004e-11
2073	-1.0633485e-10
2074	1.3861629e-10
2075	-1.4712275e-10
2076	-1.4687001e-10
2077	-1.5130631e-10
2078	-1.342765e-10
2079	-1.3817662e-10
2080	-6.4817171e-11
2081	9.4738604e-11
2082	-6.5742959e-11
2083	-3.0911626e-11
2084	4.7560487e-11
2085	-3.9407202e-11
2086	1.2863419e-10
2087	1.5743029e-10
2088	-1.2133394e-10
2089	-1.2597114e-10
2090	1.3810997e-10
2091	1.4818865e-10
2092	-1.2453965e-10
2093	1.3044039e-10
2094	-9.7819183e-11
2095	-4.5702954e-11
2096	-1.4328148e-11
2097	-2.5719943e-11
2098	-1.7916092e-11
2099	-5.1271129e-11
2100	-7.2226663e-11
2101	-1.0116338e-10
2102	1.4675021e-10
2103	-1.2970657e-10
2104	-1.0614077e-10
2105	6.2702135e-11
2106	1.0242221e-10
2107	-7.6759518e-11
2108	-2.5822963e-11
2109	2.49289e-11
2110	3.9237537e-11
2111	-4.135494e-11
2112	4.3718515e-11
2113	-5.1202442e-11
2114	-6.9026906e-11
2115	1.3605573e-10
2116	1.7654775e-10
2117	-1.3972606e-10
2118	-1.4904995e-10
2119	1.9834972e-10
2120	-1.5799607e-10
2121	5.5523898e-11
2122	-1.5119503e-11
2123	9.9157898e-12
2124	8.4793694e-12
2125	-6.0045855e-12
2126	6.4305169e-11
2127	-9.6841515e-11
2128	1.2086589e-10
2129	1.4488483e-10
2130	1.4685225e-10
2131	-1.1287153e-10
2132	-1.1753421e-10
2133	-5.5746942e-13
2134	1.1761172e-11
2135	2.9282428e-11
2136	-2.7406461e-12
2137	2.4267035e-11
2138	-4.6982236e-14
2139	-8.1445177e-12
2140	8.6968716e-11
2141	1.5669102e-10
2142	1.8039827e-10
2143	1.8589321e-10
2144	-1.4064228e-10
2145	2.7881185e-12
2146	2.218516e-11
2147	-1.8817829e-11
2148	2.8419185e-11
2149	-1.3436758e-11
2150	-1.2626272e-11
2151	-1.0469551e-11
2152	2.8692452e-11
2153	2.174385e-11
2154	-1.1084003e-11
2155	-8.3009537e-11
2156	1.2223079e-10
2157	1.7068973e-10
2158	1.7938672e-10
2159	1.8288682e-10
2160	-1.4806242e-10
2161	1.5258035e-10
2162	-9.7707395e-11
2163	-1.2905278e-10
2164	-1.4385974e-10
2165	-1.5971726e-10
2166	1.4999084e-10
2167	-1.1423681e-10
2168	-9.7775656e-11
2169	-6.5839845e-11
2170	-6.6517794e-11
2171	-6.5659359e-11
2172	9.0114062e-11
2173	1.3212216e-10
2174	-6.6623591e-11
2175	1.3677805e-10
2176	8.7105712e-11
2177	8.1075793e-11
2178	6.4357247e-11
2179	6.3313675e-11
2180	-2.4996935e-12
2181	9.6066731e-11
2182	1.5553068e-10
2183	1.765643e-10
2184	1.7647852e-10
2185	-1.3448613e-10
2186	-1.5156302e-10
2187	-1.4997979e-10
2188	-1.563471e-10
2189	1.8247784e-10
2190	1.6535539e-10
2191	1.2119303e-10
2192	2.0277279e-11
2193	-6.2753314e-11
2194	-8.7185795e-11
2195	-9.7766595e-11
2196	-7.0612295e-11
2197	-1.0522218e-10
2198	1.4945191e-10
2199	-1.3951402e-10
2200	1.7816423e-10
2201	1.9116114e-10
2202	-1.4001301e-10
2203	-1.7595542e-10
2204	1.8564399e-10
2205	1.8017779e-10
2206	1.4270002e-10
2207	2.2686553e-11
2208	8.591251e-11
2209	-9.0700237e-11
2210	-6.1412041e-11
2211	-6.082777e-11
2212	-5.5722094e-11
2213	2.2249212e-11
2214	6.3735089e-11
2215	1.1291871e-10
2216	1.3458714e-10
2217	1.5220699e-10
2218	-1.8021812e-10
2219	1.8379769e-10
2220	1.5522941e-10
2221	-1.1506247e-10
2222	1.0979707e-10
2223	-1.3106988e-10
2224	1.571595e-10
2225	-1.2737798e-10
2226	1.4000943e-10
2227	7.6646608e-11
2228	-1.1584338e-10
2229	-1.4924792e-10
2230	-1.5623127e-10
2231	1.7480804e-10
2232	-1.2868851e-10
2233	-1.4456402e-10
2234	1.8478123e-10
2235	1.4406342e-10
2236	1.6392411e-10
2237	1.6017535e-10
2238	-1.2801052e-10
2239	1.4672869e-10
2240	1.5386644e-10
2241	-1.4049748e-10
2242	1.6439558e-10
2243	1.55621e-10
2244	-1.7186757e-10
2245	-1.5691934e-10
2246	-1.5113527e-10
2247	-1.4365613e-10
2248	-1.3539188e-10
2249	-1.2620595e-10
2250	1.2326797e-10
2251	1.1234854e-10
2252	1.0784874e-10
2253	-1.0103494e-10
2254	1.1412646e-10
2255	-1.1252863e-10
2256	1.2112761e-10
2257	1.3460835e-10
2258	-1.4203817e-10
2259	1.5254799e-10
2260	-1.4745452e-10
2261	-1.4901543e-10
2262	-1.4451836e-10
2263	1.3590856e-10
2264	-1.4051198e-10
2265	-1.2872373e-10
2266	1.3431609e-10
2267	-1.1882611e-10
2268	1.2828727e-10
2269	-1.2353012e-10
2270	-1.3026343e-10
2271	-1.3214853e-10
2272	-1.3070213e-10
2273	1.4591745e-10
2274	-1.2843462e-10
2275	-1.3405244e-10
2276	-1.4116144e-10
2277	1.3640014e-10
2278	1.3685493e-10
2279	-1.1886222e-10
2280	1.2547539e-10
2281	1.2127296e-10
2282	1.4521614e-10
2283	1.2620051e-10
2284	1.428019e-10
2285	-1.3375952e-10
2286	-1.3546523e-10
2287	-1.3458493e-10
2288	-1.3243454e-10
2289	-1.2730555e-10
2290	1.203097e-10
2291	1.2600379e-10
2292	1.0904279e-10
2293	-1.0836119e-10
2294	1.0229188e-10
2295	1.0884988e-10
2296	1.1209678e-10
2297	1.1715176e-10
2298	-1.2616434e-10
2299	-1.3478323e-10
2300	-1.3827505e-10
2301	1.435556e-10
2302	-1.5160051e-10
2303	-1.3470258e-10
2304	1.3379085e-10
2305	1.2372486e-10
2306	1.2871841e-10
2307	-1.2133643e-10
2308	-1.2831486e-10
2309	1.2676835e-10
2310	-1.3301021e-10
2311	-1.3885541e-10
2312	1.4138158e-10
2313	-1.4765414e-10
2314	-1.3776134e-10
2315	1.3771107e-10
2316	-1.2920713e-10
2317	-1.312577e-10
2318	-1.2754678e-10
2319	-1.2199431e-10
2320	1.059539e-10
2321	1.2170001e-10
2322	-1.2538488e-10
2323	1.2627851e-10
2324	-1.4652602e-10
2325	-1.4032067e-10
2326	-1.4459173e-10
2327	-1.4640735e-10
2328	-1.4554251e-10
2329	-1.4144207e-10
2330	-1.332804e-10
2331	1.1603038e-10
2332	1.0652739e-10
2333	1.8555141e-11
2334	9.5844325e-11
2335	9.917527e-11
2336	-1.1720811e-10
2337	1.1072237e-10
2338	-1.2667997e-10
2339	-1.3345366e-10
2340	1.4061747e-10
2341	-1.6280543e-10
2342	1.4668412e-10
2343	-1.6329666e-10
2344	1.4547439e-10
2345	-1.5260014e-10
2346	-1.4555609e-10
2347	-1.4070177e-10
2348	-1.3548722e-10
2349	-1.3171352e-10
2350	-1.3073288e-10
2351	-1.3217899e-10
2352	1.3094122e-10
2353	-1.5696606e-10
2354	-1.6560711e-10
2355	1.3921288e-10
2356	-1.466045e-10
2357	1.2745065e-10
2358	1.2432666e-10
2359	1.1075003e-10
2360	-6.6847573e-11
2361	1.2246655e-10
2362	-1.3856268e-10
2363	1.3241649e-10
2364	1.2676433e-10
2365	1.2720423e-10
2366	1.3443389e-10
2367	1.377149e-10
2368	1.3782272e-10
2369	1.3500305e-10
2370	-1.3591549e-10
2371	-1.3133282e-10
2372	1.0822709e-10
2373	-1.1885013e-10
2374	9.7015848e-11
2375	8.8470689e-11
2376	9.0316146e-11
2377	9.5893396e-11
2378	-1.2537268e-10
2379	-1.419926e-10
2380	-1.5211566e-10
2381	-1.5500849e-10
2382	1.3804152e-10
2383	-1.6688961e-10
2384	1.2895285e-10
2385	1.185725e-10
2386	-1.4694898e-10
2387	1.2703315e-10
2388	1.2519728e-10
2389	1.1873569e-10
2390	1.185663e-10
2391	1.233695e-10
2392	1.2591763e-10
2393	-1.645168e-10
2394	-1.7286404e-10
2395	-1.7036971e-10
2396	-1.6597549e-10
2397	1.3957216e-10
2398	1.3317034e-10
2399	1.264715e-10
2400	1.1570974e-10
2401	7.6121126e-11
2402	-1.2941058e-10
2403	1.1423493e-10
2404	-1.5004798e-10
2405	1.2076497e-10
2406	-1.685061e-10
2407	-1.5111656e-10
2408	-1.4820883e-10
2409	1.379428e-10
2410	1.3044474e-10
2411	1.2074269e-10
2412	-1.3138038e-10
2413	-1.2929542e-10
2414	1.0495717e-10
2415	-1.2340056e-10
2416	1.0423035e-10
2417	1.0083831e-10
2418	1.044452e-10
2419	-1.3604441e-10
2420	-1.4269293e-10
2421	-1.4509972e-10
2422	1.3058999e-10
2423	-1.706475e-10
2424	-1.7205617e-10
2425	1.221026e-10
2426	-1.5483461e-10
2427	1.1669868e-10
2428	1.1205114e-10
2429	1.1263109e-10
2430	1.1095845e-10
2431	1.118908e-10
2432	1.1607335e-10
2433	1.2577284e-10
2434	-1.7236812e-10
2435	-1.8256894e-10
2436	1.3867939e-10
2437	-1.5507149e-10
2438	-1.6827403e-10
2439	-1.5242859e-10
2440	1.2047176e-10
2441	1.0097421e-10
2442	1.4050676e-10
2443	-1.2241219e-10
2444	9.9378956e-11
2445	-1.5020834e-10
2446	-1.6532731e-10
2447	1.322752e-10
2448	1.2444371e-10
2449	1.2234807e-10
2450	1.2310292e-10
2451	1.2234829e-10
2452	1.1305508e-10
2453	1.1210936e-10
2454	-1.349832e-10
2455	1.0201946e-10
2456	-1.236979e-10
2457	9.0034813e-11
2458	-1.2324156e-10
2459	9.7781077e-11
2460	-1.3328071e-10
2461	-1.4007976e-10
2462	1.2763714e-10
2463	-1.7896685e-10
2464	-1.8535472e-10
2465	-1.776808e-10
2466	-1.6863342e-10
2467	-1.6343017e-10
2468	1.0973195e-10
2469	1.0201211e-10
2470	1.0291971e-10
2471	1.1070785e-10
2472	1.1602777e-10
2473	1.2296332e-10
2474	1.2564889e-10
2475	-1.7768726e-10
2476	-1.795763e-10
2477	-1.7159614e-10
2478	-1.6118276e-10
2479	-1.666535e-10
2480	1.2467319e-10
2481	-1.5711688e-10
2482	-1.557078e-10
2483	-1.5213866e-10
2484	-1.494823e-10
2485	9.96105e-11
2486	1.1130172e-10
2487	-1.6533953e-10
2488	1.2787867e-10
2489	-1.8385009e-10
2490	1.3591718e-10
2491	1.2756124e-10
2492	1.243752e-10
2493	1.108484e-10
2494	1.0675593e-10
2495	9.8381399e-11
2496	8.8665312e-11
2497	7.705995e-11
2498	8.7759944e-11
2499	-1.2080409e-10
2500	-1.3501588e-10
2501	-1.4231804e-10
2502	-1.4461971e-10
2503	-1.8208518e-10
2504	-1.8981543e-10
2505	-1.8608929e-10
2506	-1.6982194e-10
2507	-1.5811672e-10
2508	1.1153242e-10
2509	1.0066854e-10
2510	-1.6065511e-10
2511	-1.43445e-10
2512	1.1439676e-10
2513	1.1076497e-10
2514	-1.6996939e-10
2515	-1.8261639e-10
2516	-1.8049091e-10
2517	-1.6758518e-10
2518	-1.5521116e-10
2519	1.417227e-10
2520	-1.6358867e-10
2521	1.1283184e-10
2522	9.1028588e-11
2523	1.3005139e-10
2524	1.3219618e-10
2525	1.3485808e-10
2526	4.850928e-12
2527	1.036678e-10
2528	-1.6369346e-10
2529	1.192276e-10
2530	-1.7965074e-10
2531	1.2543242e-10
2532	-1.8535894e-10
2533	-1.5618402e-10
2534	1.1014612e-10
2535	8.7083533e-11
2536	-5.6848982e-11
2537	7.8083637e-11
2538	5.8484943e-11
2539	7.5057208e-11
2540	8.2099171e-11
2541	-1.2689249e-10
2542	1.0877684e-10
2543	-1.7610911e-10
2544	-1.869255e-10
2545	-1.8534003e-10
2546	-1.7290394e-10
2547	1.0876957e-10
2548	7.3680231e-11
2549	4.1845696e-11
2550	1.0959105e-10
2551	-1.7161565e-10
2552	1.134448e-10
2553	1.0332105e-10
2554	-1.6558649e-10
2555	-1.7804408e-10
2556	-1.8118318e-10
2557	-1.702238e-10
2558	1.2423739e-10
2559	1.2699977e-10
2560	-1.5933181e-10
2561	-1.7763878e-10
2562	1.0571992e-10
2563	-6.5852074e-11
2564	-1.1843729e-10
2565	-1.0788366e-10
2566	7.7460906e-11
2567	7.1702337e-11
2568	9.0554738e-11
2569	1.1238847e-10
2570	-1.7991963e-10
2571	-1.9260581e-10
2572	1.2309268e-10
2573	-1.8379082e-10
2574	1.1461798e-10
2575	-1.6039697e-10
2576	9.0328669e-11
2577	7.2582852e-11
2578	-5.1726291e-11
2579	7.132782e-11
2580	-1.3961151e-10
2581	8.7356179e-11
2582	9.4722673e-11
2583	9.6675168e-11
2584	-1.6901293e-10
2585	-1.8020862e-10
2586	1.2120562e-10
2587	1.0535976e-10
2588	9.1135291e-11
2589	7.818866e-11
2590	8.4922486e-11
2591	1.053087e-10
2592	-1.699987e-10
2593	1.054476e-10
2594	-1.695611e-10
2595	1.0460974e-10
2596	-1.6990411e-10
2597	-1.7422473e-10
2598	1.1543997e-10
2599	1.1822815e-10
2600	1.2076569e-10
2601	-1.7350643e-10
2602	-1.8167986e-10
2603	9.522506e-11
2604	-1.4192613e-11
2605	-1.2709019e-10
2606	6.5669338e-11
2607	2.5175234e-11
2608	8.8513443e-11
2609	9.5108882e-11
2610	-1.6909725e-10
2611	-1.8151997e-10
2612	-1.8705852e-10
2613	-1.908308e-10
2614	1.1481e-10
2615	-1.6407181e-10
2616	9.6019252e-11
2617	7.3805609e-11
2618	-8.498796e-11
2619	7.0477831e-11
2620	6.5926756e-11
2621	-1.353653e-10
2622	8.2363176e-11
2623	8.9898226e-11
2624	-1.6541525e-10
2625	-1.7875602e-10
2626	-1.8026353e-10
2627	1.1414593e-10
2628	9.6055008e-11
2629	8.6338888e-11
2630	2.7592981e-11
2631	8.849728e-11
2632	9.5650367e-11
2633	-1.5037506e-10
2634	9.3180565e-11
2635	-1.569504e-10
2636	-1.7397856e-10
2637	-1.7901792e-10
2638	-1.7438777e-10
2639	1.1558349e-10
2640	1.1628992e-10
2641	-1.6507634e-10
2642	1.1322971e-10
2643	9.5593483e-11
2644	-9.3024411e-11
2645	-5.5667802e-11
2646	1.1592429e-10
2647	1.2044028e-10
2648	1.1747395e-10
2649	2.6446564e-12
2650	9.1053705e-11
2651	1.0728452e-10
2652	-1.6622045e-10
2653	-1.7407178e-10
2654	-1.758596e-10
2655	-1.7358829e-10
2656	-1.6331478e-10
2657	9.3830357e-11
2658	-1.1183862e-10
2659	8.3446697e-11
2660	4.2615442e-11
2661	7.4383548e-11
2662	-1.3979599e-10
2663	8.3013584e-11
2664	8.592532e-11
2665	-1.5887523e-10
2666	-1.7271465e-10
2667	1.1595219e-10
2668	1.0562924e-10
2669	9.2656813e-11
2670	8.26015e-11
2671	7.2067986e-11
2672	9.1940779e-11
2673	9.6952943e-11
2674	9.2909263e-11
2675	-1.4603963e-10
2676	-1.5576583e-10
2677	-1.6285982e-10
2678	-1.7002087e-10
2679	1.1661657e-10
2680	1.2134557e-10
2681	1.2260757e-10
2682	1.2222166e-10
2683	1.0397034e-10
2684	9.1894409e-11
2685	7.0223777e-11
2686	-1.1679909e-10
2687	-1.0759341e-10
2688	4.9232836e-11
2689	-6.8043748e-12
2690	8.5647806e-11
2691	9.4187862e-11
2692	1.0804831e-10
2693	-1.6778851e-10
2694	-1.7324088e-10
2695	-1.7366819e-10
2696	-1.679661e-10
2697	-1.5245643e-10
2698	-1.410542e-10
2699	-1.3057871e-10
2700	7.4853316e-11
2701	1.1715471e-10
2702	8.0785231e-11
2703	8.264917e-11
2704	-1.4939058e-10
2705	9.130525e-11
2706	-1.5802299e-10
2707	1.0846144e-10
2708	1.0291618e-10
2709	-1.9736814e-10
2710	9.5208717e-11
2711	8.1955143e-11
2712	-7.1568633e-11
2713	9.4831761e-11
2714	9.3790128e-11
2715	8.80891e-11
2716	9.0839198e-11
2717	9.7805116e-11
2718	1.0320471e-10
2719	1.0481628e-10
2720	1.0487257e-10
2721	1.1477495e-10
2722	1.1359972e-10
2723	1.2017731e-10
2724	1.0578127e-10
2725	9.1412208e-11
2726	-1.0885822e-10
2727	4.9307986e-11
2728	1.1133746e-10
2729	1.1359483e-10
2730	1.53156e-10
2731	9.2361307e-11
2732	9.9902567e-11
2733	1.0845532e-10
2734	1.1230932e-10
2735	1.1229669e-10
2736	1.0985895e-10
2737	1.0026587e-10
2738	8.3587844e-11
2739	6.4013434e-11
2740	5.7443935e-11
2741	6.5007038e-11
2742	6.1325206e-11
2743	-1.2650829e-10
2744	-1.4087664e-10
2745	8.7238106e-11
2746	-1.5604964e-10
2747	-1.728412e-10
2748	-1.783779e-10
2749	1.1498701e-10
2750	9.9927822e-11
2751	8.8806856e-11
2752	8.4931494e-11
2753	8.5569157e-11
2754	9.1970593e-11
2755	9.4561691e-11
2756	9.0839566e-11
2757	9.4841588e-11
2758	1.0223018e-10
2759	1.0658924e-10
2760	1.0662307e-10
2761	1.046791e-10
2762	1.0330397e-10
2763	1.025451e-10
2764	1.0300237e-10
2765	9.0796484e-11
2766	7.5556295e-11
2767	1.5322785e-10
2768	1.209878e-10
2769	1.2711186e-10
2770	1.255457e-10
2771	6.4653828e-11
2772	9.8151882e-11
2773	1.0475215e-10
2774	1.0940157e-10
2775	1.1109613e-10
2776	1.0872929e-10
2777	1.0322496e-10
2778	8.9365737e-11
2779	7.8212094e-11
2780	3.0474987e-11
2781	6.2559794e-11
2782	2.1222638e-11
2783	6.6038839e-11
2784	-1.2452677e-10
2785	7.2101754e-11
2786	8.9709266e-11
2787	9.8058532e-11
2788	1.0228432e-10
2789	9.8948429e-11
2790	1.0105345e-10
2791	9.967591e-11
2792	1.0042561e-10
2793	9.1289147e-11
2794	9.2507493e-11
2795	9.7533474e-11
2796	9.5490037e-11
2797	9.1890767e-11
2798	9.5624157e-11
2799	1.0186297e-10
2800	1.0561583e-10
2801	1.0495441e-10
2802	1.0186018e-10
2803	1.0272934e-10
2804	1.0436291e-10
2805	-1.696146e-10
2806	9.9578808e-11
2807	1.4640646e-10
2808	1.1326593e-10
2809	1.1498942e-10
2810	1.1568958e-10
2811	1.0920242e-10
2812	1.3695136e-10
2813	9.5734917e-11
2814	9.666661e-11
2815	1.1024931e-10
2816	1.1913017e-10
2817	1.2055043e-10
2818	1.1121434e-10
2819	-3.6602646e-11
2820	-9.8153647e-11
2821	8.7925239e-11
2822	1.0745075e-10
2823	-1.0283077e-10
2824	6.7925322e-11
2825	8.0706816e-11
2826	8.6487961e-11
2827	9.3568882e-11
2828	9.8333808e-11
2829	1.0204506e-10
2830	1.0097849e-10
2831	9.7276084e-11
2832	1.1734156e-10
2833	1.4058339e-10
2834	-1.311462e-10
2835	9.8838465e-11
2836	-1.1729926e-10
2837	9.4359605e-11
2838	9.3935572e-11
2839	1.0277258e-10
2840	1.1717259e-10
2841	1.2482148e-10
2842	1.2210819e-10
2843	1.1176199e-10
2844	1.0976333e-10
2845	-1.5620985e-10
2846	9.7927022e-11
2847	1.3015284e-10
2848	1.1187289e-10
2849	1.1553649e-10
2850	1.2135996e-10
2851	1.2343749e-10
2852	1.1735593e-10
2853	1.4379589e-10
2854	7.4929892e-11
2855	1.0116245e-10
2856	1.1016824e-10
2857	1.1419728e-10
2858	1.1197444e-10
2859	9.1401967e-11
2860	-1.2349546e-10
2861	1.2629396e-10
2862	1.1170992e-10
2863	9.2277511e-11
2864	9.3383983e-11
2865	1.0962499e-10
2866	1.0195255e-10
2867	9.1479234e-11
2868	9.9244951e-11
2869	9.9938564e-11
2870	1.0044875e-10
2871	-1.6767909e-10
2872	1.0259053e-10
2873	1.0247308e-10
2874	-1.3005323e-10
2875	-1.3115603e-10
2876	-1.3282457e-10
2877	1.0288265e-10
2878	1.0142543e-10
2879	1.286692e-10
2880	1.2280437e-10
2881	1.1248389e-10
2882	1.1466547e-10
2883	-1.6056895e-10
2884	1.0604039e-10
2885	-1.5926198e-10
2886	1.072058e-10
2887	1.2347365e-10
2888	1.2063625e-10
2889	1.289427e-10
2890	1.3486765e-10
2891	1.0673367e-10
2892	1.2884824e-10
2893	1.2522803e-10
2894	-1.2747902e-10
2895	1.0530931e-10
2896	1.0734416e-10
2897	-1.5448993e-10
2898	1.2227669e-10
2899	1.1256695e-10
2900	1.3502399e-10
2901	1.1699823e-10
2902	-1.1471329e-10
2903	1.0394006e-10
2904	8.6574053e-11
2905	8.5135186e-11
2906	1.058931e-10
2907	1.0167106e-10
2908	1.1141896e-10
2909	1.1491764e-10
2910	1.28305e-10
2911	-1.6115032e-10
2912	1.1250672e-10
2913	1.3673517e-10
2914	-1.3255373e-10
2915	1.4397996e-10
2916	1.3305482e-10
2917	1.2907456e-10
2918	1.2068168e-10
2919	1.1119445e-10
2920	1.2406272e-10
2921	9.7013053e-11
2922	1.1453636e-10
2923	1.2162182e-10
2924	1.1927673e-10
2925	-1.5735454e-10
2926	1.1392416e-10
2927	-1.4269061e-10
2928	1.0903052e-10
2929	1.2475016e-10
2930	1.3079469e-10
2931	1.3488356e-10
2932	1.0104299e-10
2933	1.293573e-10
2934	1.3030264e-10
2935	-1.250774e-10
2936	1.1804042e-10
2937	1.1169185e-10
2938	1.3960809e-10
2939	1.1598864e-10
2940	7.6491987e-11
2941	-1.1626176e-10
2942	1.2592764e-10
2943	1.0616927e-10
2944	1.0009126e-10
2945	9.5223471e-11
2946	9.2204485e-11
2947	1.1804163e-10
2948	1.1813587e-10
2949	-9.384899e-11
2950	1.1705779e-10
2951	1.2140765e-10
2952	1.2477215e-10
2953	1.2381303e-10
2954	-6.8149875e-11
2955	-8.8620228e-11
2956	1.5811397e-10
2957	1.3990316e-10
2958	1.3616246e-10
2959	1.3026771e-10
2960	1.2354035e-10
2961	1.5239729e-10
2962	-1.7232692e-11
2963	1.2648223e-10
2964	1.2845955e-10
2965	-1.5459688e-10
2966	1.3407445e-10
2967	1.261352e-10
2968	-1.0440236e-10
2969	-1.0919581e-10
2970	1.3243562e-10
2971	1.4195149e-10
2972	1.1055748e-10
2973	1.052039e-10
2974	1.3988336e-10
2975	1.4485913e-10
2976	1.3404988e-10
2977	1.6974763e-10
2978	1.7032381e-10
2979	1.6412713e-10
2980	1.5630803e-10
2981	-1.1552137e-10
2982	1.2413547e-10
2983	1.0361485e-10
2984	1.0310802e-10
2985	1.0283873e-10
2986	1.0265821e-10
2987	1.0228221e-10
2988	9.8715989e-11
2989	1.2581822e-10
2990	-9.9308849e-11
2991	1.2544458e-10
2992	1.6292846e-10
2993	1.7780064e-10
2994	1.8466881e-10
2995	-1.2055423e-10
2996	-1.0767848e-10
2997	-1.2439569e-10
2998	1.3786758e-10
2999	1.459873e-10
3000	1.0973263e-10
3001	1.3238968e-10
3002	1.3075774e-10
3003	-8.5386773e-11
3004	1.3120459e-10
3005	1.4449574e-10
3006	1.5364691e-10
3007	1.5205784e-10
3008	-9.3139522e-11
3009	1.0411851e-10
3010	1.4408361e-10
3011	1.1816559e-10
3012	-1.158788e-10
3013	1.0854094e-10
3014	1.135013e-10
3015	1.5655094e-10
3016	1.6197594e-10
3017	1.4872493e-10
3018	1.465388e-10
3019	-1.1968094e-10
3020	1.4370755e-10
3021	-1.2090805e-10
3022	-1.062256e-10
3023	-1.1203365e-10
3024	1.119882e-10
3025	1.1600253e-10
3026	1.1813566e-10
3027	-9.3014408e-11
3028	1.0629089e-10
3029	1.0971009e-10
3030	1.0827285e-10
3031	1.4085205e-10
3032	1.4791172e-10
3033	-1.1259766e-10
3034	1.3722587e-10
3035	-1.0483328e-10
3036	-1.0240476e-10
3037	1.4638909e-10
3038	1.6170133e-10
3039	1.2610891e-10
3040	-1.1743791e-10
3041	1.4215181e-10
3042	1.5087812e-10
3043	1.5300076e-10
3044	1.4903579e-10
3045	-1.0229138e-10
3046	1.356898e-10
3047	-1.0546583e-10
3048	1.3180628e-10
3049	-1.0612603e-10
3050	-1.1164145e-10
3051	-1.1832402e-10
3052	-1.1641118e-10
3053	1.1916482e-10
3054	1.2254641e-10
3055	1.2536599e-10
3056	-1.1212372e-10
3057	1.5181429e-10
3058	1.5422238e-10
3059	1.5681783e-10
3060	1.5480463e-10
3061	-1.1601589e-10
3062	1.3580644e-10
3063	1.4978212e-10
3064	1.2218724e-10
3065	1.1889161e-10
3066	1.1857039e-10
3067	1.18904e-10
3068	-8.9173678e-11
3069	1.0761834e-10
3070	1.1290486e-10
3071	-1.0111069e-10
3072	-9.1147841e-11
3073	-7.3425235e-11
3074	-9.4877458e-11
3075	-8.039363e-11
3076	-9.0601417e-11
3077	-1.1262446e-10
3078	1.631752e-10
3079	1.3467379e-10
3080	-1.1982594e-10
3081	-1.0675274e-10
3082	1.4801893e-10
3083	-1.0458612e-10
3084	-7.2277304e-11
3085	1.2267887e-10
3086	-8.8891912e-11
3087	1.2769719e-10
3088	-8.9992709e-11
3089	1.2563307e-10
3090	-8.6810811e-11
3091	1.5232868e-10
3092	1.2965429e-10
3093	1.2909925e-10
3094	1.281937e-10
3095	1.2871404e-10
3096	1.3006834e-10
3097	-1.0711507e-10
3098	1.5383334e-10
3099	1.6030423e-10
3100	1.6282026e-10
3101	1.6046889e-10
3102	-1.1185509e-10
3103	-4.9042349e-11
3104	1.4777748e-10
3105	1.3547052e-10
3106	-1.0112447e-10
3107	-9.1104378e-11
3108	1.1720293e-10
3109	-8.7128493e-11
3110	1.1198443e-10
3111	1.14802e-10
3112	-9.4168752e-11
3113	-5.8765373e-11
3114	-4.6519468e-11
3115	-3.7570094e-11
3116	-7.8800149e-11
3117	-8.2678268e-11
3118	1.5278072e-10
3119	-1.0863559e-10
3120	-1.0675033e-10
3121	-1.033095e-10
3122	-1.0470909e-10
3123	-9.458902e-11
3124	-8.5895638e-11
3125	1.0806611e-10
3126	-8.7319965e-11
3127	1.3888603e-10
3128	-8.683967e-11
3129	1.2726323e-10
3130	-7.8235452e-11
3131	1.1886551e-10
3132	-1.0512038e-10
3133	-1.1337381e-10
3134	1.3228578e-10
3135	1.3428129e-10
3136	1.3409798e-10
3137	1.3334209e-10
3138	-1.0373181e-10
3139	-1.0043815e-10
3140	-6.0309849e-11
3141	-8.2552636e-11
3142	-8.468336e-11
3143	-9.0573316e-11
3144	1.5454535e-10
3145	1.2949374e-10
3146	1.3231677e-10
3147	-8.9126261e-11
3148	-8.2715167e-11
3149	-7.9523436e-11
3150	-7.7989094e-11
3151	1.1860705e-10
3152	1.2330137e-10
3153	-9.9993769e-11
3154	1.5005906e-10
3155	1.6315037e-10
3156	-1.0662979e-10
3157	-8.6635857e-11
3158	-8.8050296e-11
3159	1.6152738e-10
3160	-1.0656827e-10
3161	-1.0657405e-10
3162	-1.0666204e-10
3163	1.2743314e-10
3164	1.3020686e-10
3165	-1.0039907e-10
3166	-8.8792588e-11
3167	1.1882661e-10
3168	-9.9035194e-11
3169	-6.3607729e-11
3170	-2.1709154e-11
3171	-8.4471312e-11
3172	-9.2301611e-11
3173	-1.060763e-10
3174	1.3197682e-10
3175	1.3464008e-10
3176	1.3464252e-10
3177	1.3501594e-10
3178	1.342303e-10
3179	-9.7598788e-11
3180	-9.9878021e-11
3181	-9.5470125e-11
3182	-9.2980611e-11
3183	-9.6313551e-11
3184	-9.8356447e-11
3185	1.5289185e-10
3186	1.3036484e-10
3187	1.3203603e-10
3188	-8.3181133e-11
3189	-7.6922619e-11
3190	-7.3829708e-11
3191	1.1850796e-10
3192	1.2321776e-10
3193	1.2347175e-10
3194	-9.4287585e-11
3195	-9.7416877e-11
3196	-8.873962e-11
3197	-8.3325967e-11
3198	-8.7885478e-11
3199	-9.8087987e-11
3200	-9.3265599e-11
3201	-9.6676656e-11
3202	-9.9416007e-11
3203	-9.9519725e-11
3204	-9.8587343e-11
3205	-8.6948013e-11
3206	1.4695273e-10
3207	1.5943654e-10
3208	-1.0788245e-10
3209	1.1278053e-10
3210	-9.3305615e-11
3211	-5.6467171e-11
3212	2.6218466e-11
3213	-1.0601252e-10
3214	-1.0153201e-10
3215	-1.0073449e-10
3216	-1.0144327e-10
3217	1.2715364e-10
3218	-9.8312308e-11
3219	-9.4612845e-11
3220	1.5754421e-10
3221	1.6116372e-10
3222	1.6402574e-10
3223	-1.1531335e-10
3224	1.1557732e-10
3225	-1.1181459e-10
3226	1.5144256e-10
3227	1.3273782e-10
3228	1.3220385e-10
3229	-8.1230233e-11
3230	-7.3018636e-11
3231	1.1574788e-10
3232	1.2121056e-10
3233	1.1980695e-10
3234	-8.5444098e-11
3235	-8.7878357e-11
3236	-8.0054747e-11
3237	-8.1183892e-11
3238	-1.0550514e-10
3239	-8.8439494e-11
3240	-9.9035295e-11
3241	1.6061365e-10
3242	-9.9440085e-11
3243	-9.5205787e-11
3244	-9.1647962e-11
3245	-8.7621869e-11
3246	1.4650501e-10
3247	-8.46546e-11
3248	-8.1154142e-11
3249	1.1401177e-10
3250	-9.7441717e-11
3251	-5.8641503e-11
3252	-1.4964227e-10
3253	-1.6611606e-10
3254	-9.7983503e-11
3255	-9.4489988e-11
3256	-9.8987951e-11
3257	-1.0267186e-10
3258	-1.0287648e-10
3259	-1.0022369e-10
3260	-9.1013413e-11
3261	-1.0234336e-10
3262	-9.0104008e-11
3263	-7.4354651e-11
3264	-5.1739698e-11
3265	-6.3987391e-11
3266	-8.8867792e-11
3267	-9.8967482e-11
3268	-9.4313013e-11
3269	1.1781607e-10
3270	-7.2819652e-11
3271	1.1311792e-10
3272	-6.8120515e-11
3273	-7.7884446e-11
3274	-7.0208926e-11
3275	-8.1587849e-11
3276	-7.8160629e-11
3277	-7.3535136e-11
3278	-5.9198098e-11
3279	-9.1761428e-11
3280	-8.2279483e-11
3281	-9.833898e-11
3282	1.5320809e-10
3283	-9.6716469e-11
3284	-9.0338134e-11
3285	-8.6962308e-11
3286	-7.9573483e-11
3287	-9.3343753e-11
3288	-7.8592123e-11
3289	9.4955684e-11
3290	-9.6837245e-11
3291	-1.7577092e-10
3292	1.2741267e-10
3293	-1.0115143e-10
3294	-7.9562186e-11
3295	-1.1127755e-10
3296	-9.4547333e-11
3297	-9.3170828e-11
3298	-9.493755e-11
3299	-9.4863701e-11
3300	-9.2860899e-11
3301	-8.4127867e-11
3302	-9.765217e-11
3303	-9.9272552e-11
3304	-8.8557618e-11
3305	-8.1427257e-11
3306	-8.2096463e-11
3307	-1.0018722e-10
3308	-8.3377277e-11
3309	-9.0725875e-11
3310	1.1315089e-10
3311	-7.0599057e-11
3312	-6.5916819e-11
3313	1.0473868e-10
3314	-8.554827e-11
3315	-7.5707988e-11
3316	-8.8003851e-11
3317	-8.5945228e-11
3318	-8.6253813e-11
3319	-1.0100359e-10
3320	-8.9514307e-11
3321	-8.999138e-11
3322	-1.0753543e-10
3323	-9.7152139e-11
3324	-9.977365e-11
3325	-9.8656816e-11
3326	-9.7016758e-11
3327	-8.7719955e-11
3328	1.3355726e-10
3329	1.4475249e-10
3330	-1.1580285e-10
3331	1.2222228e-10
3332	-1.0509898e-10
3333	-1.5741915e-10
3334	1.0467204e-10
3335	-1.1431938e-10
3336	-9.6106698e-11
3337	-9.7013978e-11
3338	-9.9254166e-11
3339	-1.001183e-10
3340	-1.017809e-10
3341	-9.5297695e-11
3342	1.4415221e-10
3343	-1.1362871e-10
3344	-9.2992748e-11
3345	1.228344e-10
3346	-1.2064368e-10
3347	1.1909505e-10
3348	1.3429589e-10
3349	-9.7503995e-11
3350	-9.760335e-11
3351	1.0713219e-10
3352	-7.4156831e-11
3353	1.0546606e-10
3354	1.078915e-10
3355	-8.9827473e-11
3356	-9.2869565e-11
3357	1.1466336e-10
3358	-1.1918128e-10
3359	-1.6549772e-10
3360	1.3221782e-10
3361	-1.2058164e-10
3362	-1.0740006e-10
3363	1.3890503e-10
3364	-1.0251918e-10
3365	1.4047666e-10
3366	-1.0261359e-10
3367	-9.2272117e-11
3368	1.2445396e-10
3369	1.3772681e-10
3370	1.4009427e-10
3371	-1.2009057e-10
3372	-1.2803342e-10
3373	-1.2479996e-10
3374	1.2483509e-10
3375	-1.0700065e-10
3376	-1.0902499e-10
3377	1.3292641e-10
3378	-1.0730048e-10
3379	-1.0772523e-10
3380	-1.0787657e-10
3381	-1.0898468e-10
3382	-1.0021922e-10
3383	-1.2211856e-10
3384	-1.4130296e-10
3385	1.3786716e-10
3386	-1.2974016e-10
3387	-1.2363155e-10
3388	-1.2396384e-10
3389	1.1598824e-10
3390	-1.0644692e-10
3391	-1.0743248e-10
3392	1.0483779e-10
3393	1.1134567e-10
3394	-8.2771598e-11
3395	-9.2983484e-11
3396	-9.8225837e-11
3397	-1.1401379e-10
3398	-1.2003075e-10
3399	-1.2301527e-10
3400	1.3671398e-10
3401	-1.24892e-10
3402	-1.5703121e-10
3403	1.0787394e-10
3404	-1.0636187e-10
3405	1.4021069e-10
3406	-1.1367265e-10
3407	1.2801408e-10
3408	-1.0648482e-10
3409	-1.0801138e-10
3410	-1.2098937e-10
3411	-1.3154568e-10
3412	-1.3730315e-10
3413	-1.3680008e-10
3414	-1.3400601e-10
3415	-1.3771015e-10
3416	-1.3533148e-10
3417	1.223828e-10
3418	-1.1475187e-10
3419	-1.1384276e-10
3420	-1.1585436e-10
3421	-1.196826e-10
3422	-1.1808532e-10
3423	1.4050596e-10
3424	1.4181088e-10
3425	-1.3404762e-10
3426	-1.3519847e-10
3427	-1.4176606e-10
3428	-1.4165025e-10
3429	-1.3470827e-10
3430	1.2135365e-10
3431	-1.2001643e-10
3432	1.0888169e-10
3433	-9.6488442e-11
3434	1.0598801e-10
3435	-9.0832557e-11
3436	-9.4324631e-11
3437	-1.1857939e-10
3438	1.1165022e-10
3439	1.1095689e-10
3440	-1.0550457e-10
3441	-1.3827483e-10
3442	-1.4341407e-10
3443	1.3999904e-10
3444	1.4530466e-10
3445	-1.2274242e-10
3446	1.3196711e-10
3447	-1.1930366e-10
3448	1.2233613e-10
3449	-1.1282468e-10
3450	-1.1891996e-10
3451	-1.4098249e-10
3452	-1.5087966e-10
3453	-1.5630202e-10
3454	-1.5443641e-10
3455	-1.530606e-10
3456	-1.564592e-10
3457	-1.5171676e-10
3458	-1.2899516e-10
3459	1.3373601e-10
3460	-1.2891024e-10
3461	-1.281437e-10
3462	-1.2812302e-10
3463	-1.2073953e-10
3464	1.3275734e-10
3465	-1.3903953e-10
3466	-1.4592014e-10
3467	-1.5642614e-10
3468	-1.6304704e-10
3469	-1.6252081e-10
3470	1.3178633e-10
3471	1.3665049e-10
3472	1.1685644e-10
3473	1.1360179e-10
3474	-1.0066707e-10
3475	9.8265036e-11
3476	1.0451744e-10
3477	-1.1060788e-10
3478	1.135501e-10
3479	1.0966717e-10
3480	-1.3386393e-10
3481	-1.5781382e-10
3482	-1.6760753e-10
3483	-1.6115715e-10
3484	-1.4688328e-10
3485	1.1681793e-10
3486	1.5075759e-10
3487	-1.3508909e-10
3488	-1.3070656e-10
3489	-1.3040752e-10
3490	-1.3228175e-10
3491	-1.4413423e-10
3492	1.2452157e-10
3493	-1.472837e-10
3494	-1.664512e-10
3495	-1.7369966e-10
3496	-1.7514198e-10
3497	-1.7206397e-10
3498	-1.6731223e-10
3499	-1.4316235e-10
3500	1.2685949e-10
3501	-1.3283565e-10
3502	-1.3435238e-10
3503	-1.3266475e-10
3504	1.4091694e-10
3505	1.5124813e-10
3506	-1.2510089e-10
3507	-1.630974e-10
3508	1.4116059e-10
3509	-1.6236507e-10
3510	1.4081083e-10
3511	-1.5420658e-10
3512	-1.4807163e-10
3513	1.0546282e-10
3514	1.0893789e-10
3515	1.1079963e-10
3516	-1.0146345e-10
3517	1.0122146e-10
3518	9.4869914e-11
3519	1.0862499e-10
3520	1.1830844e-10
3521	1.2151135e-10
3522	-1.6033129e-10
3523	-1.7823505e-10
3524	-1.7599978e-10
3525	-1.6248282e-10
3526	-1.4840034e-10
3527	1.2021525e-10
3528	1.4542388e-10
3529	1.4553691e-10
3530	-1.2448433e-10
3531	1.1647056e-10
3532	-1.5029645e-10
3533	1.3110264e-10
3534	-1.6729937e-10
3535	1.3632469e-10
3536	-1.6684386e-10
3537	-1.8110201e-10
3538	1.2818979e-10
3539	-1.5995557e-10
3540	-1.5337032e-10
3541	-1.4485447e-10
3542	1.3562478e-10
3543	1.193904e-10
3544	1.1876279e-10
3545	-1.2792519e-10
3546	-1.5535406e-10
3547	-1.6621307e-10
3548	1.4044166e-10
3549	1.3138421e-10
3550	1.3007738e-10
3551	1.3092964e-10
3552	1.2158843e-10
3553	-1.3013711e-10
3554	1.1175549e-10
3555	1.0420029e-10
3556	1.0564717e-10
3557	1.0379232e-10
3558	8.4816941e-11
3559	1.1023815e-10
3560	1.2047967e-10
3561	1.2531235e-10
3562	1.2504366e-10
3563	-1.7159224e-10
3564	-1.8635835e-10
3565	-1.8239451e-10
3566	-1.7043369e-10
3567	-1.6119542e-10
3568	-1.558026e-10
3569	1.1912939e-10
3570	-1.1996092e-10
3571	1.1476003e-10
3572	1.0753633e-10
3573	1.1483398e-10
3574	1.2443826e-10
3575	-1.7600023e-10
3576	1.3746516e-10
3577	-1.7813357e-10
3578	1.2720646e-10
3579	-1.714983e-10
3580	1.3191699e-10
3581	-7.3626121e-11
3582	-1.2554969e-10
3583	1.3556987e-10
3584	1.1498807e-10
3585	-1.3726341e-10
3586	-1.5585168e-10
3587	1.1820545e-10
3588	-1.6219084e-10
3589	1.3981448e-10
3590	1.3644548e-10
3591	1.3556677e-10
3592	1.3297449e-10
3593	1.1903622e-10
3594	-1.2572182e-10
3595	1.1707105e-10
3596	-1.1859348e-10
3597	-1.1392899e-10
3598	-1.1830288e-10
3599	-1.2217991e-10
3600	-1.2550011e-10
3601	-1.28349e-10
3602	1.2942118e-10
3603	1.252723e-10
3604	-1.7501514e-10
3605	1.3282783e-10
3606	-1.6709362e-10
3607	1.1749971e-10
3608	1.0726829e-10
3609	-1.4814259e-10
3610	1.2363128e-10
3611	-1.4076538e-10
3612	1.2076878e-10
3613	1.1023678e-10
3614	1.1760612e-10
3615	1.256583e-10
3616	1.2882136e-10
3617	1.2531532e-10
3618	1.1991318e-10
3619	-1.778088e-10
3620	1.2726126e-10
3621	1.1841628e-10
3622	1.3336148e-10
3623	1.4424394e-10
3624	1.1089086e-10
3625	1.0953419e-10
3626	-1.2670186e-10
3627	1.1302147e-10
3628	1.3407538e-10
3629	1.2249282e-10
3630	1.2717994e-10
3631	1.2967948e-10
3632	1.3295176e-10
3633	1.2851723e-10
3634	1.0893207e-10
3635	9.3754496e-11
3636	1.2419084e-10
3637	-1.145811e-10
3638	-1.1763349e-10
3639	8.5783217e-11
3640	1.0530224e-10
3641	1.1135671e-10
3642	1.1824903e-10
3643	1.2147945e-10
3644	1.2405332e-10
3645	1.2297371e-10
3646	-1.7093822e-10
3647	1.186088e-10
3648	-1.5099633e-10
3649	1.0911571e-10
3650	-1.273112e-10
3651	1.1340413e-10
3652	1.0622998e-10
3653	-1.2772612e-10
3654	1.161083e-10
3655	1.1721081e-10
3656	1.1937623e-10
3657	1.2143188e-10
3658	1.1724951e-10
3659	-1.7690479e-10
3660	1.234615e-10
3661	-1.7412532e-10
3662	1.1668948e-10
3663	1.357639e-10
3664	-1.350483e-10
3665	-1.2085308e-10
3666	-1.1835293e-10
3667	-8.1541787e-11
3668	1.2536269e-10
3669	9.9233625e-11
3670	-1.5913111e-10
3671	1.2930926e-10
3672	1.2326975e-10
3673	1.1906239e-10
3674	1.1180382e-10
3675	1.1187866e-10
3676	1.3051813e-10
3677	1.0042873e-10
3678	9.8312652e-11
3679	9.7096239e-11
3680	5.0213379e-11
3681	9.7490519e-11
3682	1.0507497e-10
3683	1.0972334e-10
3684	1.1218154e-10
3685	1.1499223e-10
3686	-1.7221632e-10
3687	1.1794283e-10
3688	-1.582957e-10
3689	1.0627056e-10
3690	-1.4373166e-10
3691	1.0691748e-10
3692	1.2132314e-10
3693	-8.2377932e-11
3694	1.0469399e-10
3695	1.0371398e-10
3696	1.1147788e-10
3697	1.1702082e-10
3698	1.1816706e-10
3699	1.1306931e-10
3700	1.1171137e-10
3701	1.1069935e-10
3702	1.0990961e-10
3703	1.2073417e-10
3704	1.3217375e-10
3705	-1.3001139e-10
3706	1.3110888e-10
3707	-1.3503087e-10
3708	-1.4041676e-10
3709	1.05221e-10
3710	1.2655974e-10
3711	1.1151298e-10
3712	1.1631284e-10
3713	1.1855609e-10
3714	1.1695813e-10
3715	1.0656967e-10
3716	1.206464e-10
3717	-1.2662663e-10
3718	8.4309058e-11
3719	9.3496351e-11
3720	9.3980387e-11
3721	1.197987e-10
3722	9.3420231e-11
3723	1.05545e-10
3724	1.1068191e-10
3725	1.1388103e-10
3726	1.1393658e-10
3727	-1.7570916e-10
3728	1.1380297e-10
3729	-1.5752726e-10
3730	-1.6102053e-10
3731	-1.6119259e-10
3732	1.0496245e-10
3733	-8.5763974e-11
3734	9.4800809e-11
3735	9.0068533e-11
3736	1.0153403e-10
3737	1.1128349e-10
3738	1.1514262e-10
3739	1.1328481e-10
3740	-1.8157138e-10
3741	1.1696079e-10
3742	-1.7833086e-10
3743	1.1608337e-10
3744	-1.1489678e-10
3745	8.4363116e-11
3746	-1.2762751e-10
3747	-1.194284e-10
3748	1.29933e-10
3749	-1.2517145e-10
3750	-1.5160811e-10
3751	1.0697866e-10
3752	1.0954713e-10
3753	1.1116498e-10
3754	1.1362052e-10
3755	1.1118166e-10
3756	1.0143655e-10
3757	-1.296171e-10
3758	9.2862102e-11
3759	-1.1571684e-10
3760	7.4604583e-11
3761	-1.0485564e-10
3762	9.5322302e-11
3763	9.136719e-11
3764	9.6843238e-11
3765	1.0319226e-10
3766	1.0955752e-10
3767	-1.7636632e-10
3768	-1.9157697e-10
3769	-1.8772971e-10
3770	-1.77809e-10
3771	-1.688606e-10
3772	-1.6294196e-10
3773	1.0367474e-10
3774	4.4747126e-11
3775	1.0630928e-10
3776	9.1733687e-11
3777	1.0352999e-10
3778	1.10709e-10
3779	1.1292846e-10
3780	-1.8538873e-10
3781	1.1759789e-10
3782	-1.8302647e-10
3783	1.1238441e-10
3784	-1.6870398e-10
3785	9.743995e-11
3786	1.3227678e-10
3787	-1.3618894e-10
3788	1.3310226e-10
3789	-1.3111977e-10
3790	-1.4784949e-10
3791	-1.5764491e-10
3792	1.124006e-10
3793	-1.7295293e-10
3794	1.2344633e-10
3795	1.1498712e-10
3796	1.0757795e-10
3797	-1.5748981e-10
3798	1.0441531e-10
3799	-1.1067679e-10
3800	8.1004597e-11
3801	-1.1223243e-10
3802	9.2789949e-11
3803	8.3707203e-11
3804	9.1877384e-11
3805	9.9119442e-11
3806	1.0609667e-10
3807	1.0994983e-10
3808	-1.71437e-10
3809	-1.8563525e-10
3810	-1.7996819e-10
3811	-1.6677636e-10
3812	-1.5546875e-10
3813	-1.5059096e-10
3814	-1.5344655e-10
3815	1.0353612e-10
3816	8.6044398e-11
3817	1.2367771e-10
3818	1.0650887e-10
3819	1.1200844e-10
3820	-1.7738813e-10
3821	1.2154759e-10
3822	-1.7588364e-10
3823	1.1614183e-10
3824	-1.6424352e-10
3825	-1.6007197e-10
3826	-1.4454434e-10
3827	-5.659171e-12
3828	-1.3297309e-10
3829	-1.2893175e-10
3830	1.2158125e-10
3831	1.2946825e-10
3832	-1.5027522e-10
3833	1.1564839e-10
3834	-1.6251623e-10
3835	1.2415191e-10
3836	-1.6544358e-10
3837	1.2048892e-10
3838	1.0726165e-10
3839	-1.275226e-10
3840	-1.1979235e-10
3841	8.6579942e-11
3842	9.0679669e-11
3843	8.6651554e-11
3844	-6.7389766e-12
3845	1.0017133e-10
3846	1.0331103e-10
3847	1.0841366e-10
3848	-1.5433104e-10
3849	-1.7825361e-10
3850	-1.7614295e-10
3851	-1.6269548e-10
3852	-1.4739706e-10
3853	1.2292841e-10
3854	1.3025521e-10
3855	1.2625837e-10
3856	1.2074271e-10
3857	-1.2770207e-10
3858	1.1445609e-10
3859	1.128798e-10
3860	-1.5689475e-10
3861	1.2619568e-10
3862	-1.691063e-10
3863	1.2274296e-10
3864	-1.6053192e-10
3865	-1.7200061e-10
3866	-1.4872649e-10
3867	1.14577e-10
3868	-1.3346706e-10
3869	-1.3142148e-10
3870	-1.3034954e-10
3871	1.2487917e-10
3872	1.3455563e-10
3873	-1.407492e-10
3874	1.2204616e-10
3875	-1.5585664e-10
3876	1.2817332e-10
3877	-1.5749138e-10
3878	1.2193289e-10
3879	1.147379e-10
3880	-1.2874387e-10
3881	1.0752065e-10
3882	9.850717e-11
3883	9.8209186e-11
3884	-1.1630681e-10
3885	1.0786872e-10
3886	1.0027482e-10
3887	-1.3704342e-10
3888	1.225147e-10
3889	-1.5163126e-10
3890	-1.7063518e-10
3891	-1.6727855e-10
3892	-1.5468125e-10
3893	1.400346e-10
3894	1.4536194e-10
3895	-1.3300962e-10
3896	-1.3253149e-10
3897	-1.3830559e-10
3898	1.1346357e-10
3899	1.3932531e-10
3900	-1.4313256e-10
3901	1.3151725e-10
3902	-1.6802346e-10
3903	1.3145481e-10
3904	-1.5886419e-10
3905	1.2689067e-10
3906	-1.4448847e-10
3907	1.3116311e-10
3908	-1.3082422e-10
3909	-1.2318564e-10
3910	-1.2795997e-10
3911	-1.2932749e-10
3912	1.3726153e-10
3913	1.477681e-10
3914	-1.2398787e-10
3915	-1.5921239e-10
3916	1.3598218e-10
3917	-1.5160211e-10
3918	1.3242654e-10
3919	-1.3672466e-10
3920	-1.2352475e-10
3921	1.2984924e-10
3922	1.1623543e-10
3923	1.163289e-10
3924	1.1295371e-10
3925	1.0673895e-10
3926	-1.0382005e-10
3927	1.1696744e-10
3928	1.1541086e-10
3929	-1.4097211e-10
3930	-1.653799e-10
3931	-1.7255909e-10
3932	-1.6383098e-10
3933	-1.4913755e-10
3934	-7.8035716e-11
3935	1.4049591e-10
3936	-1.347097e-10
3937	1.1848522e-10
3938	1.4805562e-10
3939	1.5031809e-10
3940	1.3226437e-10
3941	-1.4977753e-10
3942	1.4240393e-10
3943	-1.6382661e-10
3944	1.396399e-10
3945	-1.5463296e-10
3946	1.3273095e-10
3947	1.3473219e-10
3948	-1.3196235e-10
3949	-1.229911e-10
3950	-1.2787845e-10
3951	1.2361497e-10
3952	1.2903092e-10
3953	-1.4066736e-10
3954	1.4269681e-10
3955	1.359351e-10
3956	1.5714517e-10
3957	-1.4828569e-10
3958	1.448788e-10
3959	-1.5123578e-10
3960	1.2904425e-10
3961	-1.3377248e-10
3962	1.1851876e-10
3963	1.2627974e-10
3964	-1.0535239e-10
3965	1.1141507e-10
3966	1.1635406e-10
3967	1.1390239e-10
3968	-7.798244e-11
3969	1.3219536e-10
3970	-1.3941333e-10
3971	-1.6231582e-10
3972	-1.6727186e-10
3973	-1.5869954e-10
3974	1.5538644e-10
3975	-1.3646776e-10
3976	1.5841245e-10
3977	-1.393272e-10
3978	1.4215588e-10
3979	-1.3085481e-10
3980	-1.3703512e-10
3981	1.4226883e-10
3982	1.6199555e-10
3983	1.6601714e-10
3984	-1.5048076e-10
3985	1.451611e-10
3986	-1.4500494e-10
3987	-1.5944399e-10
3988	-1.4427371e-10
3989	1.5580418e-10
3990	1.3986699e-10
3991	1.4037681e-10
3992	1.4002137e-10
3993	1.3830265e-10
3994	-1.4116523e-10
3995	1.4720597e-10
3996	-1.3980784e-10
3997	-1.5405775e-10
3998	1.517693e-10
3999	1.2646126e-10
4000	1.3896786e-10
4001	1.4062542e-10
4002	1.335509e-10
4003	1.3648413e-10
4004	-1.0933423e-10
4005	1.2193441e-10
4006	-1.0280656e-10
4007	1.1414132e-10
4008	1.1815065e-10
4009	-1.1477266e-10
4010	1.3387033e-10
4011	-1.3695073e-10
4012	-1.5215913e-10
4013	-1.5385213e-10
4014	1.7330637e-10
4015	-1.3273775e-10
4016	-1.2804428e-10
4017	1.5979267e-10
4018	1.3817698e-10
4019	1.3560395e-10
4020	1.3088477e-10
4021	-1.2486533e-10
4022	1.4025696e-10
4023	1.3462696e-10
4024	1.5852214e-10
4025	-4.438434e-11
4026	-1.5195368e-10
4027	-1.6152358e-10
4028	-1.5835875e-10
4029	1.5538874e-10
4030	1.4218981e-10
4031	1.4295573e-10
4032	1.4593581e-10
4033	1.4830072e-10
4034	1.4836816e-10
4035	1.4322243e-10
4036	1.6731204e-10
4037	1.6766019e-10
4038	1.6272435e-10
4039	1.5652051e-10
4040	1.5356577e-10
4041	1.5936103e-10
4042	-1.3236237e-10
4043	1.3138689e-10
4044	1.4029763e-10
4045	-1.1017046e-10
4046	-1.0028861e-10
4047	1.2303483e-10
4048	1.3187197e-10
4049	1.2841949e-10
4050	-1.1293518e-10
4051	1.3507884e-10
4052	-1.29875e-10
4053	-1.5527782e-10
4054	-1.5421495e-10
4055	1.6256108e-10
4056	-1.3546634e-10
4057	-1.2854688e-10
4058	-1.2516241e-10
4059	1.6505421e-10
4060	1.4121068e-10
4061	1.3531088e-10
4062	1.6490791e-10
4063	1.6002307e-10
4064	8.7782982e-11
4065	-1.512848e-10
4066	1.4641948e-10
4067	1.3988957e-10
4068	-1.1498904e-10
4069	-1.4387882e-10
4070	1.607491e-10
4071	1.4411223e-10
4072	1.4475333e-10
4073	1.4437516e-10
4074	1.4416781e-10
4075	1.4333623e-10
4076	-1.3305126e-10
4077	-9.3361292e-11
4078	-1.461718e-10
4079	-1.5560141e-10
4080	-1.606493e-10
4081	-1.5946739e-10
4082	-1.4287576e-10
4083	-1.1946025e-10
4084	1.2941121e-10
4085	1.3708984e-10
4086	-1.0269809e-10
4087	1.2504273e-10
4088	1.2858116e-10
4089	1.2697027e-10
4090	-1.0660939e-10
4091	1.2954796e-10
4092	8.3291455e-12
4093	1.5664826e-10
4094	-9.7386003e-11
4095	1.6805282e-10
4096	1.5970186e-10
4097	-1.2686244e-10
4098	1.6302165e-10
4099	-1.3236942e-10
4100	1.6112282e-10
4101	1.3188066e-10
4102	-1.1858871e-10
4103	-1.2853157e-10
4104	-1.4232557e-10
4105	-1.5155277e-10
4106	-1.5052428e-10
4107	-1.4663375e-10
4108	-1.4358466e-10
4109	-1.411482e-10
4110	-1.0214892e-10
4111	-1.2223105e-10
4112	-1.2674783e-10
4113	1.3358993e-10
4114	1.3905652e-10
4115	1.392305e-10
4116	1.3694027e-10
4117	-1.2320811e-10
4118	-1.0255174e-10
4119	1.6081537e-10
4120	1.6222992e-10
4121	1.6539305e-10
4122	1.6377013e-10
4123	-1.1095605e-10
4124	-1.1660409e-10
4125	1.2527802e-10
4126	-9.3586073e-11
4127	1.2340193e-10
4128	-8.985887e-11
4129	1.1726099e-10
4130	1.1954663e-10
4131	-1.0474232e-10
4132	1.3049234e-10
4133	1.487267e-10
4134	1.5647348e-10
4135	-1.3858974e-10
4136	1.5372089e-10
4137	1.6062707e-10
4138	-1.2119367e-10
4139	-1.1552961e-10
4140	-1.1170385e-10
4141	-1.1054848e-10
4142	-1.113097e-10
4143	1.5416546e-10
4144	-1.1157723e-10
4145	1.5292637e-10
4146	-1.118747e-10
4147	-1.3480528e-10
4148	-1.3585993e-10
4149	-1.3349268e-10
4150	1.5338423e-10
4151	-1.130151e-10
4152	-1.1643689e-10
4153	-1.1711793e-10
4154	-1.2112294e-10
4155	1.2854364e-10
4156	1.3158479e-10
4157	-1.2174894e-10
4158	1.5845688e-10
4159	1.5470268e-10
4160	1.5694627e-10
4161	1.5249843e-10
4162	1.4850252e-10
4163	1.5009278e-10
4164	1.4277991e-10
4165	1.2365896e-10
4166	1.2550309e-10
4167	1.2486201e-10
4168	1.2373298e-10
4169	1.2201429e-10
4170	1.1900279e-10
4171	-1.0425246e-10
4172	-7.6827732e-11
4173	1.4040414e-10
4174	1.4952429e-10
4175	-1.3858851e-10
4176	1.5704277e-10
4177	-1.3010268e-10
4178	1.5038952e-10
4179	-1.1472037e-10
4180	-1.1163296e-10
4181	1.5631158e-10
4182	-1.1705548e-10
4183	-1.0678764e-10
4184	1.3939275e-10
4185	1.5442497e-10
4186	1.5542415e-10
4187	-1.229542e-10
4188	-1.313254e-10
4189	-1.3002233e-10
4190	-1.2631253e-10
4191	1.3890081e-10
4192	1.5651059e-10
4193	-1.1921974e-10
4194	-1.1518325e-10
4195	-1.1769999e-10
4196	-1.2053324e-10
4197	-1.1808708e-10
4198	-1.112994e-10
4199	1.402735e-10
4200	1.4804731e-10
4201	1.4693646e-10
4202	-1.3682994e-10
4203	-1.2853735e-10
4204	1.530243e-10
4205	-1.0476092e-10
4206	-1.1107394e-10
4207	1.158579e-10
4208	1.2131422e-10
4209	-8.4138703e-11
4210	1.0866971e-10
4211	1.1093685e-10
4212	-9.9416075e-11
4213	-3.6086737e-11
4214	1.3173278e-10
4215	-1.3415215e-10
4216	1.558074e-10
4217	-1.2943392e-10
4218	1.4031606e-10
4219	1.586302e-10
4220	-1.159443e-10
4221	1.5365836e-10
4222	-1.1360921e-10
4223	-1.073114e-10
4224	1.4238697e-10
4225	1.5321711e-10
4226	1.5644747e-10
4227	-1.3046913e-10
4228	-1.4139329e-10
4229	-1.3980997e-10
4230	-1.353717e-10
4231	-1.3141552e-10
4232	1.2626867e-10
4233	-1.1343117e-10
4234	-1.1696123e-10
4235	-1.2001882e-10
4236	1.2816823e-10
4237	1.3303305e-10
4238	1.3267871e-10
4239	-1.1995622e-10
4240	-1.2399862e-10
4241	1.4886838e-10
4242	1.5101864e-10
4243	1.5488957e-10
4244	1.5154236e-10
4245	1.5260133e-10
4246	-1.2087522e-10
4247	1.212983e-10
4248	1.2580428e-10
4249	-9.1509149e-11
4250	1.1750484e-10
4251	1.211558e-10
4252	1.1832984e-10
4253	-1.0605641e-10
4254	-1.1687568e-10
4255	-1.2736859e-10
4256	1.4926533e-10
4257	-1.4609189e-10
4258	1.409934e-10
4259	1.5152664e-10
4260	-1.2032633e-10
4261	-1.1782407e-10
4262	-1.157385e-10
4263	-1.1299342e-10
4264	-1.1411531e-10
4265	-1.0724269e-10
4266	-1.1290925e-10
4267	-1.3358047e-10
4268	-1.4415311e-10
4269	-1.4749036e-10
4270	-1.4424033e-10
4271	-1.4206579e-10
4272	-1.3907189e-10
4273	1.1467363e-10
4274	-1.237888e-10
4275	-1.2345898e-10
4276	-1.2619807e-10
4277	1.2792782e-10
4278	1.3157118e-10
4279	-1.2859823e-10
4280	-1.1351942e-10
4281	1.2024675e-10
4282	-1.4007229e-10
4283	-1.4285014e-10
4284	-1.4980733e-10
4285	-1.461903e-10
4286	-1.2784293e-10
4287	-1.1638782e-10
4288	1.2033284e-10
4289	-9.566036e-11
4290	-9.03877e-11
4291	1.1382575e-10
4292	1.1837464e-10
4293	-1.1458419e-10
4294	-1.2259812e-10
4295	-1.380193e-10
4296	-1.4340531e-10
4297	-1.4669018e-10
4298	-1.4667433e-10
4299	1.4733542e-10
4300	1.5536143e-10
4301	-1.2541277e-10
4302	-1.1691582e-10
4303	1.4497254e-10
4304	-1.2189734e-10
4305	-1.096592e-10
4306	-1.1079937e-10
4307	-1.2931418e-10
4308	-1.4688092e-10
4309	-1.539458e-10
4310	-1.5495027e-10
4311	-1.5412223e-10
4312	-1.5240536e-10
4313	-1.4833855e-10
4314	-1.2852487e-10
4315	-1.1328618e-10
4316	-1.1999808e-10
4317	-1.2761613e-10
4318	-1.323776e-10
4319	-1.3048996e-10
4320	-1.2141956e-10
4321	1.4168362e-10
4322	-1.3791392e-10
4323	-1.4598854e-10
4324	-1.5662702e-10
4325	-1.5711983e-10
4326	-1.4969032e-10
4327	-1.2731331e-10
4328	-1.1609759e-10
4329	-1.2064393e-10
4330	1.0938238e-10
4331	-9.3649086e-11
4332	1.0390866e-10
4333	-1.1206891e-10
4334	-1.097317e-10
4335	-1.3110278e-10
4336	-1.40363e-10
4337	-1.4520215e-10
4338	-1.4687483e-10
4339	-1.4317317e-10
4340	-1.3552153e-10
4341	4.0697803e-11
4342	1.4328033e-10
4343	-1.2666829e-10
4344	1.2919831e-10
4345	-1.1775907e-10
4346	1.1527163e-10
4347	1.2597134e-10
4348	-1.1694889e-10
4349	-1.4689132e-10
4350	-1.5682345e-10
4351	-1.536216e-10
4352	-1.5121546e-10
4353	-1.4804769e-10
4354	-1.4435706e-10
4355	1.3495283e-10
4356	-1.2325758e-10
4357	-1.175759e-10
4358	-1.2205989e-10
4359	-1.261901e-10
4360	-1.2306121e-10
4361	1.329348e-10
4362	-1.5048674e-10
4363	-1.3222005e-10
4364	-1.4383258e-10
4365	-1.4993502e-10
4366	-1.4727603e-10
4367	-1.3816561e-10
4368	-1.3884663e-10
4369	1.2195902e-10
4370	-1.2582895e-10
4371	-1.1708429e-10
4372	-1.132395e-10
4373	-1.0378462e-10
4374	-8.1552515e-11
4375	-1.0891161e-10
4376	-1.2150884e-10
4377	-1.3230672e-10
4378	-1.3802714e-10
4379	-1.4195986e-10
4380	-1.3884954e-10
4381	-1.3114234e-10
4382	1.122737e-10
4383	1.3385155e-10
4384	1.3506194e-10
4385	1.2905334e-10
4386	1.2354829e-10
4387	1.1436153e-10
4388	1.0640095e-10
4389	-1.2637156e-10
4390	-1.4805808e-10
4391	-1.5639274e-10
4392	-1.5564744e-10
4393	-1.5351663e-10
4394	-1.4969317e-10
4395	-1.4433105e-10
4396	1.3105755e-10
4397	1.3279089e-10
4398	-1.2318845e-10
4399	1.3026443e-10
4400	-1.2762807e-10
4401	1.2478086e-10
4402	1.2751084e-10
4403	1.0205833e-10
4404	1.435752e-10
4405	-1.3906652e-10
4406	-1.5648692e-10
4407	-1.5792407e-10
4408	-1.4788787e-10
4409	1.1802585e-10
4410	-1.1713233e-10
4411	1.1169327e-10
4412	-1.1598625e-10
4413	1.064614e-10
4414	-1.0342518e-10
4415	-1.2244652e-10
4416	1.0517981e-10
4417	-1.2824989e-10
4418	-1.4503314e-10
4419	-1.5394883e-10
4420	-1.5687102e-10
4421	-1.4983393e-10
4422	1.3756742e-10
4423	-1.4141146e-10
4424	6.5515385e-11
4425	-1.3675891e-10
4426	-1.3402795e-10
4427	-1.3158974e-10
4428	-1.3510855e-10
4429	-1.4587437e-10
4430	-1.5793804e-10
4431	-1.6436561e-10
4432	-1.6610672e-10
4433	-1.6562695e-10
4434	-1.6389624e-10
4435	-1.6277084e-10
4436	-1.5824089e-10
4437	-1.3622823e-10
4438	9.2192533e-11
4439	1.3560336e-10
4440	-1.3047508e-10
4441	1.2911336e-10
4442	1.3507999e-10
4443	-1.4407714e-10
4444	-1.4609688e-10
4445	-1.6300048e-10
4446	-1.7107097e-10
4447	-1.7114904e-10
4448	-1.7171038e-10
4449	-1.6446082e-10
4450	-1.4487321e-10
4451	-1.2740644e-10
4452	-1.0623297e-10
4453	-6.8396033e-11
4454	5.0304953e-11
4455	7.5257547e-11
4456	9.1580823e-11
4457	1.0087826e-10
4458	-1.5095261e-10
4459	-1.696061e-10
4460	-1.7709827e-10
4461	-1.7575852e-10
4462	-1.6623533e-10
4463	-1.5572652e-10
4464	-1.4697794e-10
4465	1.3517884e-10
4466	-1.353524e-10
4467	-1.4919951e-10
4468	1.0910847e-10
4469	-1.3853752e-10
4470	1.144725e-10
4471	-1.6308815e-10
4472	1.231446e-10
4473	-1.6794488e-10
4474	-1.7943837e-10
4475	-1.8210786e-10
4476	-1.8123563e-10
4477	-1.7280551e-10
4478	-1.5405656e-10
4479	-1.3933741e-10
4480	4.2351599e-11
4481	-1.2552364e-10
4482	1.2599405e-10
4483	1.3166487e-10
4484	-7.6556298e-11
4485	-1.5774854e-10
4486	1.2438537e-10
4487	-1.7549347e-10
4488	1.2827528e-10
4489	-1.711293e-10
4490	1.1357257e-10
4491	1.0756409e-10
4492	1.2493564e-10
4493	-1.1223368e-10
4494	1.0077396e-10
4495	8.3659045e-11
4496	9.4001624e-11
4497	1.0418538e-10
4498	1.087026e-10
4499	1.1202312e-10
4500	-1.6367904e-10
4501	-1.8273042e-10
4502	-1.838913e-10
4503	-1.7427287e-10
4504	-1.6168054e-10
4505	-1.5403429e-10
4506	-1.5393042e-10
4507	1.1160733e-10
4508	1.2904614e-10
4509	1.2776533e-10
4510	-1.4362697e-10
4511	1.1827689e-10
4512	1.1505545e-10
4513	-1.679614e-10
4514	1.2076806e-10
4515	-1.735207e-10
4516	-1.8543846e-10
4517	1.1586341e-10
4518	-1.4925429e-10
4519	-1.4599786e-10
4520	-1.4289486e-10
4521	6.7059279e-11
4522	-1.3213166e-10
4523	-1.2754997e-10
4524	-1.4577455e-10
4525	-1.4642163e-10
4526	-1.6928078e-10
4527	1.1868243e-10
4528	-1.6685329e-10
4529	1.1958413e-10
4530	-1.6597985e-10
4531	9.9173665e-11
4532	4.344366e-11
4533	1.1541711e-10
4534	-1.1480894e-10
4535	9.2135046e-11
4536	7.4671225e-11
4537	8.778839e-11
4538	9.5219003e-11
4539	1.0048259e-10
4540	1.0562877e-10
4541	-1.5797276e-10
4542	-1.7774503e-10
4543	-1.7675907e-10
4544	-1.6694637e-10
4545	-1.5420145e-10
4546	-1.4535576e-10
4547	-1.4731432e-10
4548	1.0685354e-10
4549	1.1633481e-10
4550	1.2335415e-10
4551	1.0057329e-10
4552	1.0609447e-10
4553	-1.5988702e-10
4554	1.1772309e-10
4555	-1.6390833e-10
4556	-1.6973729e-10
4557	-1.7266907e-10
4558	-1.7306191e-10
4559	-1.547943e-10
4560	-1.3815562e-10
4561	1.0465036e-10
4562	-1.2592376e-10
4563	1.2967384e-10
4564	1.3649905e-10
4565	1.2701902e-10
4566	1.1456272e-10
4567	1.4284413e-10
4568	-1.644009e-10
4569	1.1596379e-10
4570	-1.60765e-10
4571	1.092097e-10
4572	9.6987054e-11
4573	1.1899096e-10
4574	-1.0935912e-10
4575	8.5786145e-11
4576	-9.6517452e-11
4577	8.9450166e-11
4578	8.8783702e-11
4579	9.2163631e-11
4580	9.7067477e-11
4581	-1.4843269e-10
4582	-1.6570484e-10
4583	-1.7211705e-10
4584	-1.6259909e-10
4585	1.3368323e-10
4586	7.1486048e-11
4587	-1.2313379e-10
4588	1.3308327e-10
4589	1.2170576e-10
4590	1.0563381e-10
4591	1.2483589e-10
4592	-1.4620671e-10
4593	1.1034527e-10
4594	-1.5761462e-10
4595	-1.7104343e-10
4596	-1.731713e-10
4597	-1.695954e-10
4598	-1.6822521e-10
4599	-1.6472148e-10
4600	-1.4601994e-10
4601	1.2896593e-10
4602	1.3573336e-10
4603	-1.2463096e-10
4604	1.2548557e-10
4605	1.3167461e-10
4606	-1.1956418e-10
4607	1.3841574e-10
4608	-1.5808083e-10
4609	-1.7024293e-10
4610	1.1501004e-10
4611	-1.5763097e-10
4612	-1.573091e-10
4613	9.9290147e-11
4614	1.2414006e-10
4615	9.650727e-11
4616	-1.0668075e-10
4617	8.7408173e-11
4618	7.7473607e-11
4619	8.5455441e-11
4620	9.3042577e-11
4621	9.9704973e-11
4622	-1.4774611e-10
4623	-1.6705529e-10
4624	-1.7214286e-10
4625	1.4566999e-10
4626	1.249847e-10
4627	-1.3309534e-10
4628	1.3151742e-10
4629	-1.1819045e-10
4630	-1.3771609e-10
4631	1.0735408e-10
4632	1.2716608e-10
4633	1.3844332e-10
4634	-1.4685485e-10
4635	1.1615099e-10
4636	-1.5726506e-10
4637	-1.6735199e-10
4638	-1.699399e-10
4639	-1.6882804e-10
4640	-1.5675316e-10
4641	1.4062213e-10
4642	1.3899981e-10
4643	-1.2689091e-10
4644	1.3660562e-10
4645	-1.2498952e-10
4646	-1.1726376e-10
4647	1.3867413e-10
4648	1.3598922e-10
4649	1.4221155e-10
4650	-1.474569e-10
4651	1.1864693e-10
4652	-1.4823451e-10
4653	-1.4917442e-10
4654	-1.2628018e-10
4655	4.9248833e-11
4656	9.8473559e-11
4657	9.8690061e-11
4658	9.3061194e-11
4659	1.1108428e-10
4660	1.1764975e-10
4661	-1.2265337e-10
4662	1.0995167e-10
4663	1.484809e-10
4664	1.4626519e-10
4665	1.445805e-10
4666	1.3288624e-10
4667	-1.3519013e-10
4668	1.3051871e-10
4669	1.4102397e-10
4670	1.4182886e-10
4671	1.3376568e-10
4672	1.2970201e-10
4673	1.0464342e-10
4674	1.413401e-10
4675	-1.4284477e-10
4676	-1.6257952e-10
4677	-1.6617833e-10
4678	-1.6049691e-10
4679	-1.5715543e-10
4680	-1.5376655e-10
4681	1.4159609e-10
4682	1.4439463e-10
4683	1.5041025e-10
4684	-1.2536508e-10
4685	1.428672e-10
4686	-1.2081046e-10
4687	-1.3012243e-10
4688	1.2109698e-10
4689	1.224428e-10
4690	1.3329915e-10
4691	1.4229258e-10
4692	1.4369372e-10
4693	1.3489008e-10
4694	3.9464763e-11
4695	1.2893357e-10
4696	-1.1077877e-10
4697	1.2545396e-10
4698	1.0089933e-10
4699	9.5868191e-11
4700	1.2311498e-10
4701	-9.8177965e-11
4702	-1.2787237e-10
4703	-1.3550543e-10
4704	1.4633379e-10
4705	1.3112374e-10
4706	1.2237457e-10
4707	-1.5824719e-10
4708	1.255202e-10
4709	-1.3258506e-10
4710	-1.163178e-10
4711	1.3935487e-10
4712	1.3310268e-10
4713	1.3356961e-10
4714	-9.8526339e-11
4715	1.4486351e-10
4716	1.4203605e-10
4717	1.405859e-10
4718	1.3804621e-10
4719	1.3666573e-10
4720	1.3383716e-10
4721	-1.5203492e-10
4722	1.2674641e-10
4723	1.2970781e-10
4724	1.3931691e-10
4725	-1.1334201e-10
4726	1.3760268e-10
4727	1.4408703e-10
4728	1.3778665e-10
4729	1.5912829e-10
4730	1.1502318e-10
4731	1.1681765e-10
4732	1.3024899e-10
4733	1.2867684e-10
4734	-3.777234e-11
4735	1.3391086e-10
4736	1.3469374e-10
4737	1.0487827e-10
4738	9.8440279e-11
4739	9.316481e-11
4740	-9.7203136e-11
4741	9.4238791e-11
4742	9.8318871e-11
4743	1.282823e-10
4744	1.193016e-10
4745	7.4343661e-11
4746	-1.3895831e-10
4747	1.3494182e-10
4748	1.3488006e-10
4749	1.2684946e-10
4750	1.3793269e-10
4751	1.4189728e-10
4752	1.3936321e-10
4753	1.3836285e-10
4754	1.3712676e-10
4755	-1.1700355e-10
4756	1.403982e-10
4757	-1.4838754e-10
4758	1.4683923e-10
4759	-1.4874845e-10
4760	1.4424265e-10
4761	-1.3421818e-10
4762	1.3149496e-10
4763	1.3178618e-10
4764	1.4746477e-10
4765	-1.1066168e-10
4766	-1.0874812e-10
4767	-1.0723668e-10
4768	1.4075321e-10
4769	1.4549684e-10
4770	-1.2665823e-10
4771	1.3492894e-10
4772	1.2476054e-10
4773	-1.2617683e-10
4774	1.4562586e-10
4775	-1.3053055e-10
4776	1.3123515e-10
4777	-1.1035669e-10
4778	-1.0679381e-10
4779	-1.0493749e-10
4780	1.0082054e-10
4781	1.0318354e-10
4782	-9.5285608e-11
4783	-9.3809991e-11
4784	1.2936964e-10
4785	-1.2010914e-10
4786	1.3448908e-10
4787	1.456814e-10
4788	-1.2005481e-10
4789	9.6719688e-11
4790	1.4333337e-10
4791	1.601278e-10
4792	1.5995953e-10
4793	1.5691648e-10
4794	1.5544149e-10
4795	1.5240181e-10
4796	1.3884928e-10
4797	-1.0974512e-10
4798	1.5490493e-10
4799	1.3673314e-10
4800	3.6589037e-11
4801	-1.5794617e-10
4802	-1.3646702e-10
4803	1.4222073e-10
4804	1.5593242e-10
4805	-1.1351384e-10
4806	-1.1240355e-10
4807	-1.1344913e-10
4808	-1.1364166e-10
4809	1.5678732e-10
4810	1.6218922e-10
4811	-1.2555738e-10
4812	1.4647335e-10
4813	-3.2244482e-11
4814	1.4544011e-10
4815	-9.5813639e-11
4816	1.242405e-10
4817	-1.0689606e-10
4818	-1.0588456e-10
4819	-1.0561744e-10
4820	-1.0686779e-10
4821	1.0785411e-10
4822	-1.0069861e-10
4823	1.2354453e-10
4824	1.3177298e-10
4825	-1.2116214e-10
4826	-1.3749081e-10
4827	1.5306031e-10
4828	-1.0824683e-10
4829	-1.6941873e-10
4830	1.3090717e-10
4831	1.7083919e-10
4832	-1.1202775e-10
4833	1.6248108e-10
4834	-1.0445225e-10
4835	1.5787892e-10
4836	-9.7967839e-11
4837	-9.9768508e-11
4838	1.4511646e-10
4839	-1.1643728e-10
4840	1.5245997e-10
4841	-1.2566589e-10
4842	1.4882881e-10
4843	-1.333452e-10
4844	-1.2183962e-10
4845	1.5209543e-10
4846	-1.0795483e-10
4847	-1.130379e-10
4848	-1.1404816e-10
4849	-1.125432e-10
4850	-1.0680251e-10
4851	-1.2780697e-10
4852	-8.3322358e-11
4853	1.0036758e-10
4854	-1.2182257e-10
4855	1.3568334e-10
4856	-1.2918212e-10
4857	-1.2029365e-10
4858	-1.0239548e-10
4859	-1.0484611e-10
4860	1.1886848e-10
4861	1.2235926e-10
4862	-7.813565e-11
4863	-9.4857659e-11
4864	-8.8141864e-11
4865	-1.0942381e-10
4866	-5.4573503e-11
4867	-5.2466039e-11
4868	-1.6212866e-10
4869	1.3116978e-10
4870	-1.2845405e-10
4871	-1.2612679e-10
4872	-1.2709392e-10
4873	1.591286e-10
4874	-1.0172883e-10
4875	1.5134161e-10
4876	-9.5416475e-11
4877	-1.1379032e-10
4878	1.2045787e-10
4879	-1.1397101e-10
4880	1.4265689e-10
4881	-1.0847637e-10
4882	1.3738024e-10
4883	-1.2006741e-10
4884	-1.5857588e-10
4885	-1.1502586e-10
4886	1.4702024e-10
4887	-1.0498985e-10
4888	-1.0668145e-10
4889	-1.0638341e-10
4890	-1.0210246e-10
4891	1.4508117e-10
4892	-1.1981744e-10
4893	-9.4275432e-11
4894	-1.6618933e-10
4895	1.3445908e-10
4896	-1.1625268e-10
4897	-9.2912312e-11
4898	-1.0957167e-10
4899	-9.0315295e-11
4900	-9.3451163e-11
4901	-9.6233048e-11
4902	-9.7017921e-11
4903	-9.145526e-11
4904	-8.4379841e-11
4905	-1.0807928e-10
4906	-8.5981213e-11
4907	-1.2975492e-10
4908	-1.5981742e-10
4909	-1.7648658e-10
4910	-1.6631437e-10
4911	9.2914246e-11
4912	-1.1625072e-10
4913	-1.2023204e-10
4914	-1.2160962e-10
4915	-1.153924e-10
4916	-1.1371162e-10
4917	-1.0939956e-10
4918	-9.8044013e-11
4919	-1.4612617e-10
4920	1.2626025e-10
4921	8.1371806e-11
4922	1.1865058e-10
4923	1.2458887e-10
4924	9.7734437e-11
4925	1.1318227e-10
4926	-1.1258126e-10
4927	-1.2137291e-10
4928	1.4281334e-10
4929	-9.9074852e-11
4930	-9.654354e-11
4931	1.3777918e-10
4932	-1.1957602e-10
4933	-1.0546691e-10
4934	7.6736815e-11
4935	1.4888689e-10
4936	-1.1451583e-10
4937	-1.7077081e-10
4938	-1.5459833e-10
4939	-1.1716173e-10
4940	-8.7948675e-11
4941	-8.8597077e-11
4942	-9.0383198e-11
4943	-9.0022963e-11
4944	-8.4112462e-11
4945	1.0954986e-10
4946	1.1307555e-10
4947	-1.1026195e-10
4948	-1.5044317e-10
4949	1.1966472e-10
4950	-1.2609263e-10
4951	1.5542264e-10
4952	-1.221659e-10
4953	-1.1128438e-10
4954	-1.2062702e-10
4955	-1.2457771e-10
4956	-1.1827459e-10
4957	-1.149027e-10
4958	-1.1651889e-10
4959	1.2132505e-10
4960	-1.0975676e-10
4961	-1.6764544e-10
4962	1.4207838e-10
4963	7.7484185e-11
4964	4.997116e-11
4965	-2.2693182e-11
4966	-2.9437117e-11
4967	-9.10459e-11
4968	1.3778467e-10
4969	-9.8511526e-11
4970	-1.0052444e-10
4971	-1.0111724e-10
4972	1.3594498e-10
4973	-1.2303384e-10
4974	-9.0242689e-11
4975	1.1922751e-10
4976	-8.0690828e-11
4977	1.2435877e-10
4978	-2.3426856e-11
4979	-1.7602157e-11
4980	-9.4985243e-11
4981	-8.8238684e-11
4982	-9.5386286e-11
4983	-9.7659789e-11
4984	-9.6316442e-11
4985	1.1671491e-10
4986	1.223518e-10
4987	-1.2063298e-10
4988	1.2196604e-10
4989	-1.2365182e-10
4990	1.1648294e-10
4991	9.234912e-11
4992	-4.1661226e-11
4993	-2.7499944e-11
4994	-7.9029125e-11
4995	-1.2946635e-10
4996	-1.0220948e-10
4997	-7.8335283e-11
4998	-1.0099984e-10
4999	3.9791569e-11
5000	1.3914193e-11
