1	0.99997704
2	0.99204317
3	0.10858723
4	0.056902969
5	0.074212514
6	0.050822538
7	0.034146282
8	0.033375149
9	0.037899541
10	0.039307946
11	0.037753724
12	0.036690532
13	0.03719097
14	0.03813576
15	0.03827653
16	0.037800191
17	0.037079724
18	0.036347775
19	0.035549115
20	0.034608311
21	0.033298278
22	0.031689146
23	0.030180129
24	0.028805929
25	0.027518512
26	0.026312341
27	0.025218572
28	0.024230784
29	0.02334443
30	0.022542612
31	0.021801456
32	0.021111928
33	0.020478737
34	0.019903139
35	0.019382431
36	0.018904207
37	0.018458124
38	0.0180401
39	0.017657194
40	0.017303812
41	0.016976543
42	0.016671883
43	0.016386869
44	0.016120149
45	0.015875021
46	0.015644335
47	0.015429976
48	0.015226596
49	0.015034574
50	0.014853635
51	0.014681487
52	0.01452382
53	0.014371307
54	0.01421637
55	0.014063901
56	0.013914376
57	0.013766553
58	0.013620656
59	0.013474804
60	0.013331753
61	0.013188395
62	0.013045915
63	0.012903994
64	0.012762247
65	0.012620713
66	0.012481779
67	0.012343074
68	0.012207874
69	0.012074733
70	0.011944573
71	0.011816555
72	0.011694806
73	0.011576459
74	0.011463694
75	0.011357358
76	0.011258719
77	0.011166028
78	0.011080155
79	0.011001767
80	0.010929179
81	0.010858211
82	0.010789028
83	0.010723135
84	0.010656765
85	0.010590509
86	0.010522448
87	0.010451909
88	0.010378821
89	0.010302426
90	0.010219521
91	0.010128765
92	0.010032776
93	0.0099264483
94	0.0098140807
95	0.0096956793
96	0.0095721546
97	0.0094427293
98	0.0093088286
99	0.0091742326
100	0.0090370412
101	0.0089024094
102	0.0087687886
103	0.0086331469
104	0.0085006936
105	0.0083709474
106	0.0082437961
107	0.0081194545
108	0.0079996443
109	0.0078831615
110	0.0077700927
111	0.0076603387
112	0.0075515724
113	0.0074433793
114	0.0073342545
115	0.0072251067
116	0.0071135956
117	0.0070008363
118	0.0068882167
119	0.0067731462
120	0.0066584189
121	0.0065437259
122	0.0064300249
123	0.0063155274
124	0.0062027913
125	0.0060910324
126	0.0059800968
127	0.0058709507
128	0.0057632048
129	0.0056577283
130	0.0055535623
131	0.0054518399
132	0.0053522844
133	0.0052552919
134	0.0051608174
135	0.0050694762
136	0.0049795341
137	0.0048902608
138	0.0048016057
139	0.0047117167
140	0.0046206372
141	0.0045284811
142	0.0044350388
143	0.004340989
144	0.0042460164
145	0.0041501865
146	0.0040541504
147	0.0039588774
148	0.0038641573
149	0.0037698254
150	0.0036766431
151	0.003585596
152	0.0034963506
153	0.0034102549
154	0.003327085
155	0.0032475719
156	0.0031718549
157	0.0031003648
158	0.0030331753
159	0.002970658
160	0.0029127239
161	0.0028597641
162	0.0028108125
163	0.0027661839
164	0.0027263842
165	0.0026891542
166	0.0026526848
167	0.0026165416
168	0.0025803791
169	0.0025425929
170	0.0025034715
171	0.0024632371
172	0.0024228568
173	0.0023817218
174	0.0023395096
175	0.0022972031
176	0.0022550655
177	0.0022130041
178	0.0021710086
179	0.0021291524
180	0.0020882274
181	0.0020483138
182	0.0020086973
183	0.0019704406
184	0.0019330741
185	0.0018971505
186	0.0018622472
187	0.0018278446
188	0.0017953117
189	0.0017640977
190	0.0017339195
191	0.0017050092
192	0.0016774728
193	0.0016521371
194	0.0016275887
195	0.0016038853
196	0.0015820358
197	0.0015619071
198	0.0015426911
199	0.0015246593
200	0.001508088
201	0.0014934294
202	0.0014797631
203	0.0014659788
204	0.0014538368
205	0.0014426286
206	0.0014319785
207	0.0014217928
208	0.0014124896
209	0.001403835
210	0.001395456
211	0.0013872256
212	0.0013795964
213	0.0013720311
214	0.0013649537
215	0.001357417
216	0.0013501776
217	0.001343579
218	0.0013366049
219	0.0013297769
220	0.0013234812
221	0.0013174746
222	0.0013114036
223	0.001305497
224	0.0013000856
225	0.0012944404
226	0.001289095
227	0.0012840015
228	0.0012791231
229	0.0012740917
230	0.0012690864
231	0.0012645023
232	0.0012601028
233	0.0012555838
234	0.0012510782
235	0.0012468064
236	0.0012428647
237	0.0012388545
238	0.0012346441
239	0.0012303547
240	0.0012263203
241	0.0012224756
242	0.001218943
243	0.001215367
244	0.0012117489
245	0.0012085855
246	0.0012052235
247	0.0012017669
248	0.0011986237
249	0.0011957499
250	0.0011929857
251	0.0011903121
252	0.00118778
253	0.0011847846
254	0.0011817927
255	0.0011789719
256	0.0011765191
257	0.0011739513
258	0.0011713776
259	0.0011690422
260	0.0011669856
261	0.001164998
262	0.0011633251
263	0.0011616057
264	0.0011600117
265	0.0011584937
266	0.0011570534
267	0.0011557326
268	0.0011545727
269	0.0011535886
270	0.0011527193
271	0.0011517159
272	0.0011507808
273	0.0011500395
274	0.0011492664
275	0.0011484734
276	0.0011477864
277	0.0011474524
278	0.0011472162
279	0.0011468807
280	0.0011466809
281	0.0011465164
282	0.0011463309
283	0.0011461727
284	0.001146115
285	0.0011460203
286	0.0011462268
287	0.0011464985
288	0.0011468063
289	0.0011470689
290	0.0011473987
291	0.0011478348
292	0.0011482992
293	0.0011485808
294	0.0011492368
295	0.0011498154
296	0.0011505923
297	0.0011511499
298	0.0011517525
299	0.0011523498
300	0.0011526434
301	0.0011531641
302	0.0011536644
303	0.0011545488
304	0.0011551863
305	0.0011557171
306	0.0011560906
307	0.0011566604
308	0.0011572311
309	0.0011578161
310	0.0011584389
311	0.0011588565
312	0.0011593468
313	0.0011599579
314	0.0011605264
315	0.0011612476
316	0.0011620829
317	0.0011626201
318	0.0011629793
319	0.0011636554
320	0.0011645126
321	0.0011653099
322	0.0011659153
323	0.0011666878
324	0.0011673718
325	0.0011680005
326	0.0011685371
327	0.0011693811
328	0.0011704683
329	0.0011714025
330	0.001172093
331	0.0011728518
332	0.001173771
333	0.0011747828
334	0.0011755169
335	0.0011762639
336	0.0011773024
337	0.0011784223
338	0.0011793873
339	0.0011803185
340	0.0011814039
341	0.0011826224
342	0.0011837826
343	0.001184342
344	0.0011853005
345	0.0011864236
346	0.0011871929
347	0.0011883241
348	0.0011896158
349	0.0011907138
350	0.0011917285
351	0.0011927845
352	0.0011938463
353	0.0011950424
354	0.0011960495
355	0.001197137
356	0.0011984699
357	0.0011995246
358	0.0012004753
359	0.0012016128
360	0.0012030994
361	0.0012043169
362	0.0012053861
363	0.0012063284
364	0.0012073856
365	0.0012083472
366	0.0012093599
367	0.0012107363
368	0.0012121575
369	0.001213158
370	0.0012140471
371	0.0012148784
372	0.0012159149
373	0.0012167565
374	0.001217794
375	0.0012186686
376	0.0012193819
377	0.0012201591
378	0.001221175
379	0.0012222851
380	0.0012233376
381	0.0012242169
382	0.0012250916
383	0.0012263484
384	0.0012274208
385	0.0012283202
386	0.0012292104
387	0.0012301342
388	0.0012310486
389	0.0012317776
390	0.001232297
391	0.0012332239
392	0.0012341393
393	0.0012345091
394	0.0012350253
395	0.0012356833
396	0.0012363677
397	0.0012371757
398	0.001237918
399	0.0012387043
400	0.001239222
401	0.001239548
402	0.0012402043
403	0.00124098
404	0.0012414877
405	0.0012420236
406	0.0012425634
407	0.0012436722
408	0.0012445224
409	0.0012451529
410	0.001245719
411	0.0012461569
412	0.0012462969
413	0.0012467844
414	0.0012472868
415	0.0012476025
416	0.0012479956
417	0.0012484113
418	0.0012488466
419	0.0012494397
420	0.0012499025
421	0.0012502752
422	0.0012505306
423	0.0012510354
424	0.0012519686
425	0.0012522163
426	0.0012522148
427	0.0012528681
428	0.0012537042
429	0.001254202
430	0.0012546772
431	0.0012550099
432	0.0012553954
433	0.0012557704
434	0.0012561647
435	0.0012566911
436	0.0012571723
437	0.0012575426
438	0.0012580854
439	0.0012585299
440	0.0012590567
441	0.0012598823
442	0.0012605089
443	0.0012611798
444	0.0012617217
445	0.0012623371
446	0.001262853
447	0.0012634085
448	0.0012639874
449	0.0012642128
450	0.0012647553
451	0.0012651865
452	0.0012658621
453	0.001266281
454	0.0012666531
455	0.0012668665
456	0.0012671783
457	0.0012674299
458	0.0012675361
459	0.0012675804
460	0.0012676669
461	0.0012680432
462	0.0012681873
463	0.0012680739
464	0.0012679758
465	0.0012681399
466	0.0012678535
467	0.0012675385
468	0.001267386
469	0.0012673547
470	0.0012669845
471	0.0012665365
472	0.0012658566
473	0.0012655947
474	0.0012653375
475	0.0012645809
476	0.0012639376
477	0.0012635351
478	0.001263024
479	0.0012622418
480	0.0012613905
481	0.0012606909
482	0.0012597782
483	0.0012587471
484	0.001257751
485	0.0012571114
486	0.0012563639
487	0.0012552391
488	0.0012541022
489	0.0012530283
490	0.0012517932
491	0.0012507401
492	0.0012497322
493	0.00124827
494	0.0012468951
495	0.0012456114
496	0.0012445938
497	0.0012434209
498	0.0012421459
499	0.0012408584
500	0.0012399479
501	0.0012385901
502	0.0012370732
503	0.0012357428
504	0.0012343412
505	0.001232824
506	0.0012313071
507	0.0012296117
508	0.0012278222
509	0.0012265195
510	0.0012250957
511	0.0012234025
512	0.0012214111
513	0.0012195714
514	0.0012180977
515	0.0012160399
516	0.0012137704
517	0.0012118177
518	0.001210073
519	0.0012083221
520	0.0012060771
521	0.0012036375
522	0.001201302
523	0.0011991569
524	0.0011968716
525	0.0011945199
526	0.0011921243
527	0.0011896519
528	0.0011873371
529	0.0011848284
530	0.0011822555
531	0.0011796485
532	0.0011772681
533	0.001174742
534	0.0011720081
535	0.0011693041
536	0.0011666781
537	0.0011639343
538	0.0011610694
539	0.0011583325
540	0.0011557536
541	0.0011531469
542	0.001150044
543	0.0011471
544	0.0011443654
545	0.0011418583
546	0.0011388937
547	0.0011359761
548	0.0011330296
549	0.0011303114
550	0.0011272946
551	0.0011243196
552	0.0011213607
553	0.0011184685
554	0.0011157585
555	0.0011125583
556	0.0011094382
557	0.0011065247
558	0.0011036091
559	0.0011002804
560	0.0010972152
561	0.0010943598
562	0.0010915716
563	0.0010882808
564	0.0010849565
565	0.001082045
566	0.0010792885
567	0.0010761115
568	0.0010728227
569	0.0010697787
570	0.0010669248
571	0.0010641379
572	0.0010607958
573	0.0010575534
574	0.0010545892
575	0.0010516823
576	0.0010484692
577	0.0010452498
578	0.0010421567
579	0.0010392837
580	0.0010360825
581	0.0010329434
582	0.0010298035
583	0.0010270543
584	0.0010243601
585	0.0010210611
586	0.0010177896
587	0.0010149252
588	0.0010122407
589	0.0010091483
590	0.0010059621
591	0.0010029959
592	0.0010002387
593	0.0009970691
594	0.00099401247
595	0.00099110817
596	0.00098842763
597	0.00098587368
598	0.00098279588
599	0.00097969557
600	0.00097674606
601	0.00097422573
602	0.00097117251
603	0.00096812384
604	0.00096516096
605	0.00096248519
606	0.00095997378
607	0.00095692778
608	0.00095379893
609	0.00095095725
610	0.00094837081
611	0.00094522479
612	0.00094217895
613	0.00093925051
614	0.00093667022
615	0.00093421575
616	0.00093101155
617	0.00092771491
618	0.00092481334
619	0.00092223815
620	0.00091901973
621	0.00091591036
622	0.00091312595
623	0.00091039178
624	0.00090803444
625	0.00090497348
626	0.00090174294
627	0.00089887682
628	0.00089641499
629	0.00089323454
630	0.00088994937
631	0.00088712922
632	0.00088468477
633	0.00088235
634	0.00087911378
635	0.00087584002
636	0.0008728673
637	0.00087033369
638	0.00086711782
639	0.00086383437
640	0.00086113416
641	0.0008586976
642	0.00085640208
643	0.00085319651
644	0.00084982292
645	0.00084710571
646	0.00084459178
647	0.0008413147
648	0.00083791152
649	0.00083509662
650	0.00083261131
651	0.00083028862
652	0.00082704705
653	0.00082352408
654	0.00082072796
655	0.00081821808
656	0.00081483603
657	0.00081132396
658	0.00080867392
659	0.00080627134
660	0.00080389938
661	0.00080043415
662	0.00079694433
663	0.00079417594
664	0.00079162714
665	0.00078829306
666	0.00078474575
667	0.00078210003
668	0.00077963199
669	0.00077730052
670	0.00077411937
671	0.0007706537
672	0.00076794496
673	0.00076545075
674	0.00076196591
675	0.00075846994
676	0.00075591326
677	0.00075362786
678	0.00075123716
679	0.00074780629
680	0.00074408044
681	0.00074122157
682	0.00073875462
683	0.00073540629
684	0.00073197515
685	0.00072909156
686	0.00072685877
687	0.00072475976
688	0.00072137295
689	0.00071794556
690	0.00071521762
691	0.00071292613
692	0.00070943187
693	0.00070598418
694	0.0007033245
695	0.00070117375
696	0.00069920762
697	0.00069585252
698	0.00069224114
699	0.00068968012
700	0.00068753794
701	0.00068562167
702	0.00068232993
703	0.00067888953
704	0.00067634327
705	0.00067419948
706	0.00067088173
707	0.00066742427
708	0.0006651788
709	0.00066334395
710	0.00066161302
711	0.00065829079
712	0.00065470696
713	0.0006523588
714	0.00065053064
715	0.00064740099
716	0.00064412949
717	0.00064193543
718	0.00064022412
719	0.00063854316
720	0.00063528375
721	0.00063191014
722	0.00062947523
723	0.00062771315
724	0.00062443081
725	0.00062113356
726	0.00061899729
727	0.00061736073
728	0.00061595576
729	0.00061271618
730	0.00060958243
731	0.00060748803
732	0.00060598583
733	0.00060288334
734	0.00059973269
735	0.00059787304
736	0.00059653773
737	0.00059539859
738	0.00059215305
739	0.00058913487
740	0.000587177
741	0.00058588002
742	0.00058306716
743	0.00058009597
744	0.00057842948
745	0.00057724845
746	0.00057645044
747	0.00057346782
748	0.00057053621
749	0.00056859483
750	0.00056758013
751	0.00056503754
752	0.00056245644
753	0.00056089983
754	0.00055983478
755	0.00055939088
756	0.00055649607
757	0.00055379411
758	0.00055190861
759	0.00055128932
760	0.00054886858
761	0.00054640462
762	0.0005446571
763	0.00054400439
764	0.00054366367
765	0.00054092144
766	0.00053826058
767	0.00053634599
768	0.00053564126
769	0.00053315537
770	0.00053073358
771	0.00052920579
772	0.00052867803
773	0.00052635932
774	0.00052408792
775	0.00052267406
776	0.00052238465
777	0.0005201758
778	0.00051792359
779	0.00051648039
780	0.00051625013
781	0.00051399409
782	0.00051200082
783	0.00051055342
784	0.00051042604
785	0.00050830751
786	0.00050647066
787	0.0005050614
788	0.00050512063
789	0.0005029382
790	0.00050136743
791	0.00050028871
792	0.00050009842
793	0.00049792603
794	0.00049608886
795	0.00049477828
796	0.00049496256
797	0.00049299116
798	0.00049122654
799	0.00048988001
800	0.00048978336
801	0.00048773993
802	0.00048608026
803	0.00048503054
804	0.0004852561
805	0.00048323748
806	0.00048139105
807	0.00048024311
808	0.00048057343
809	0.00047852916
810	0.00047655894
811	0.00047551118
812	0.00047345861
813	0.0004724927
814	0.00047158362
815	0.00047188723
816	0.00046998354
817	0.00046850166
818	0.00046768604
819	0.00046610475
820	0.00046549427
821	0.00046473393
822	0.00046344026
823	0.00046297512
824	0.00046217759
825	0.00046107529
826	0.00046079119
827	0.00045995829
828	0.00045934645
829	0.00045896113
830	0.00045839783
831	0.00045828134
832	0.00045766526
833	0.00045696259
834	0.00045630478
835	0.00045533891
836	0.00045477398
837	0.0004543587
838	0.00045377047
839	0.00045340788
840	0.00045307313
841	0.00045250042
842	0.00045179117
843	0.00045135246
844	0.0004506004
845	0.00045023301
846	0.00044968831
847	0.00044928415
848	0.0004488237
849	0.00044823628
850	0.00044766504
851	0.00044717484
852	0.00044659983
853	0.00044600996
854	0.00044544749
855	0.00044489067
856	0.00044418275
857	0.00044356368
858	0.00044290736
859	0.00044254165
860	0.00044206794
861	0.00044163634
862	0.00044099555
863	0.00044070664
864	0.00044013994
865	0.00043974714
866	0.00043899825
867	0.00043842797
868	0.0004378235
869	0.00043736475
870	0.00043680436
871	0.00043633616
872	0.00043594855
873	0.0004354552
874	0.00043498217
875	0.00043444474
876	0.00043386824
877	0.0004333736
878	0.00043262663
879	0.00043222382
880	0.00043160839
881	0.00043127607
882	0.00043080042
883	0.00043043413
884	0.00042963436
885	0.00042919291
886	0.00042853443
887	0.00042794467
888	0.00042726412
889	0.00042663764
890	0.00042620847
891	0.00042559058
892	0.00042483242
893	0.00042412511
894	0.00042338186
895	0.00042268683
896	0.00042193843
897	0.0004212746
898	0.00042042824
899	0.00041976027
900	0.00041894291
901	0.00041827623
902	0.00041749988
903	0.00041698935
904	0.00041636205
905	0.00041573718
906	0.00041515334
907	0.00041465645
908	0.00041403426
909	0.00041343456
910	0.00041303446
911	0.00041246171
912	0.00041155302
913	0.00041085349
914	0.00041010616
915	0.00040947992
916	0.00040870131
917	0.00040818908
918	0.0004075512
919	0.00040683306
920	0.00040605421
921	0.00040533509
922	0.00040445115
923	0.0004038686
924	0.00040333707
925	0.00040272856
926	0.00040226392
927	0.00040168379
928	0.00040092607
929	0.00040002438
930	0.00039934425
931	0.00039857105
932	0.00039794288
933	0.00039709335
934	0.00039648481
935	0.00039583648
936	0.00039489534
937	0.00039421214
938	0.00039333981
939	0.0003925221
940	0.00039179139
941	0.00039107041
942	0.00039026833
943	0.00038940968
944	0.00038862705
945	0.00038775794
946	0.00038715245
947	0.00038634654
948	0.00038567132
949	0.00038493221
950	0.00038425522
951	0.00038368905
952	0.00038327351
953	0.00038263982
954	0.00038191513
955	0.00038100777
956	0.00038033572
957	0.00037976422
958	0.00037901566
959	0.00037831557
960	0.00037748051
961	0.00037694581
962	0.00037612517
963	0.00037532197
964	0.00037456678
965	0.00037366138
966	0.00037303457
967	0.0003723635
968	0.0003719171
969	0.00037129972
970	0.00037086381
971	0.00037032987
972	0.00036958317
973	0.00036874461
974	0.00036802487
975	0.00036737687
976	0.00036684691
977	0.00036617686
978	0.00036575294
979	0.00036516059
980	0.00036423932
981	0.00036356895
982	0.00036277732
983	0.00036210182
984	0.00036149461
985	0.00036100586
986	0.00036018142
987	0.00035927128
988	0.0003586518
989	0.00035789997
990	0.00035722457
991	0.00035671948
992	0.00035632149
993	0.00035581429
994	0.00035520315
995	0.00035470383
996	0.00035432356
997	0.00035350088
998	0.00035299518
999	0.00035262625
1000	0.0003522107
1001	0.0003515643
1002	0.00035115006
1003	0.00035086783
1004	0.00035007381
1005	0.00034949187
1006	0.00034880632
1007	0.00034836116
1008	0.00034771218
1009	0.00034721515
1010	0.00034682418
1011	0.00034663739
1012	0.00034629287
1013	0.0003460159
1014	0.00034570639
1015	0.00034480203
1016	0.00034431499
1017	0.00034373246
1018	0.00034342426
1019	0.00034305762
1020	0.00034287848
1021	0.00034255396
1022	0.00034204126
1023	0.00034153511
1024	0.00034100188
1025	0.00034059374
1026	0.00034018006
1027	0.00033973241
1028	0.00033915899
1029	0.0003385921
1030	0.00033806495
1031	0.00033756668
1032	0.00033707356
1033	0.00033679218
1034	0.00033656374
1035	0.00033602997
1036	0.0003356412
1037	0.00033533654
1038	0.00033492931
1039	0.00033455576
1040	0.00033439759
1041	0.00033416992
1042	0.00033396798
1043	0.00033355079
1044	0.00033335171
1045	0.00033335624
1046	0.00033277343
1047	0.00033224467
1048	0.00033186975
1049	0.00033144778
1050	0.00033111842
1051	0.00033087625
1052	0.00033065939
1053	0.00033060863
1054	0.0003304681
1055	0.00033038873
1056	0.00033010643
1057	0.00032937959
1058	0.00032906498
1059	0.00032872708
1060	0.0003285812
1061	0.00032854835
1062	0.00032849449
1063	0.00032816324
1064	0.00032786489
1065	0.00032743978
1066	0.00032728767
1067	0.00032726815
1068	0.00032665341
1069	0.00032633547
1070	0.00032582548
1071	0.00032535915
1072	0.00032489811
1073	0.00032441376
1074	0.0003239773
1075	0.00032391753
1076	0.00032339717
1077	0.00032304213
1078	0.00032267626
1079	0.0003224918
1080	0.00032221917
1081	0.00032201617
1082	0.0003219833
1083	0.0003218754
1084	0.0003217099
1085	0.00032138973
1086	0.00032146701
1087	0.00032112521
1088	0.00032067348
1089	0.0003201944
1090	0.00032005907
1091	0.00031971875
1092	0.00031950732
1093	0.00031945823
1094	0.00031950975
1095	0.0003194678
1096	0.0003195135
1097	0.00031942511
1098	0.00031897462
1099	0.00031851003
1100	0.00031812092
1101	0.00031790431
1102	0.00031798714
1103	0.00031825536
1104	0.00031791791
1105	0.00031795128
1106	0.00031799163
1107	0.00031792689
1108	0.00031716411
1109	0.00031665853
1110	0.00031658259
1111	0.00031633865
1112	0.00031608793
1113	0.00031531557
1114	0.00031485342
1115	0.00031465462
1116	0.00031427786
1117	0.00031391985
1118	0.00031362427
1119	0.00031328942
1120	0.00031324929
1121	0.0003132827
1122	0.00031298206
1123	0.00031305765
1124	0.00031300099
1125	0.00031293204
1126	0.00031268908
1127	0.00031293284
1128	0.00031265829
1129	0.00031216342
1130	0.0003119499
1131	0.00031180232
1132	0.00031165682
1133	0.00031150171
1134	0.00031158282
1135	0.00031170801
1136	0.00031184864
1137	0.00031205528
1138	0.00031198498
1139	0.00031150661
1140	0.0003110039
1141	0.00031078501
1142	0.00031080448
1143	0.00031096905
1144	0.00031131995
1145	0.00031123182
1146	0.00031153635
1147	0.00031143113
1148	0.00031079546
1149	0.00031007186
1150	0.00030994697
1151	0.00031000612
1152	0.00030977095
1153	0.00030954957
1154	0.00030896249
1155	0.00030848164
1156	0.00030830162
1157	0.00030782265
1158	0.00030757025
1159	0.00030723688
1160	0.00030703233
1161	0.00030698731
1162	0.00030696024
1163	0.00030679531
1164	0.00030702519
1165	0.00030698105
1166	0.00030682531
1167	0.00030684122
1168	0.00030706747
1169	0.00030658869
1170	0.0003061695
1171	0.00030604078
1172	0.00030575692
1173	0.00030594487
1174	0.00030583441
1175	0.00030608494
1176	0.00030624697
1177	0.00030650395
1178	0.00030646607
1179	0.00030641253
1180	0.00030563645
1181	0.00030532942
1182	0.00030538184
1183	0.00030539049
1184	0.00030586633
1185	0.00030594455
1186	0.00030612848
1187	0.00030616727
1188	0.00030583951
1189	0.00030483158
1190	0.00030465061
1191	0.00030467989
1192	0.00030460888
1193	0.00030433956
1194	0.00030402923
1195	0.00030332137
1196	0.00030306299
1197	0.00030262659
1198	0.00030225859
1199	0.0003019964
1200	0.00030148288
1201	0.00030154487
1202	0.00030153902
1203	0.00030129507
1204	0.00030139462
1205	0.00030145994
1206	0.00030144957
1207	0.0003012657
1208	0.00030161539
1209	0.00030156234
1210	0.00030127661
1211	0.0003009512
1212	0.00030065414
1213	0.00030040678
1214	0.00030047
1215	0.00030042032
1216	0.0003005996
1217	0.00030063638
1218	0.00030073926
1219	0.00030063768
1220	0.0003002683
1221	0.00029970739
1222	0.00029956576
1223	0.00029964105
1224	0.00029981077
1225	0.0003003337
1226	0.0003003627
1227	0.00030056094
1228	0.00030018003
1229	0.000299342
1230	0.00029885576
1231	0.00029892442
1232	0.0002989535
1233	0.00029865256
1234	0.00029847324
1235	0.00029783287
1236	0.00029743149
1237	0.00029697316
1238	0.00029659216
1239	0.00029600147
1240	0.00029562944
1241	0.00029548613
1242	0.00029563055
1243	0.0002954227
1244	0.00029534185
1245	0.00029550936
1246	0.00029548818
1247	0.00029536812
1248	0.00029541716
1249	0.00029577074
1250	0.00029526937
1251	0.00029506143
1252	0.00029461772
1253	0.00029441931
1254	0.00029452173
1255	0.00029434175
1256	0.00029442371
1257	0.00029456992
1258	0.00029464991
1259	0.00029453196
1260	0.00029450514
1261	0.00029372206
1262	0.00029358053
1263	0.00029350551
1264	0.00029375537
1265	0.00029421928
1266	0.00029446913
1267	0.00029425011
1268	0.00029419815
1269	0.00029340973
1270	0.00029293225
1271	0.00029295244
1272	0.00029292688
1273	0.00029274102
1274	0.00029242814
1275	0.00029200433
1276	0.0002913503
1277	0.00029109577
1278	0.00029041519
1279	0.00028984006
1280	0.00028935052
1281	0.0002892642
1282	0.00028931775
1283	0.00028931577
1284	0.00028916454
1285	0.00028941157
1286	0.00028956541
1287	0.00028941417
1288	0.00028955201
1289	0.00028973521
1290	0.00028918818
1291	0.00028863649
1292	0.00028851043
1293	0.00028820742
1294	0.00028838404
1295	0.00028812317
1296	0.00028831072
1297	0.00028846219
1298	0.0002886017
1299	0.00028860846
1300	0.00028852263
1301	0.00028784133
1302	0.00028749515
1303	0.00028751867
1304	0.00028763425
1305	0.00028814111
1306	0.00028847068
1307	0.00028806563
1308	0.00028817032
1309	0.00028759336
1310	0.00028709276
1311	0.00028714558
1312	0.00028708224
1313	0.00028701544
1314	0.00028671401
1315	0.00028617426
1316	0.00028554286
1317	0.00028516179
1318	0.00028468722
1319	0.00028387973
1320	0.00028347133
1321	0.00028318334
1322	0.00028331068
1323	0.00028331664
1324	0.00028306436
1325	0.00028334485
1326	0.00028359757
1327	0.00028363911
1328	0.00028366571
1329	0.00028388503
1330	0.0002835787
1331	0.00028293872
1332	0.00028266297
1333	0.00028251097
1334	0.00028239086
1335	0.00028240361
1336	0.00028251117
1337	0.00028286568
1338	0.0002829262
1339	0.00028315262
1340	0.0002829102
1341	0.00028255237
1342	0.00028210787
1343	0.00028201298
1344	0.00028210183
1345	0.00028245053
1346	0.00028291571
1347	0.00028230659
1348	0.00028231553
1349	0.00028179634
1350	0.00028156698
1351	0.00028137599
1352	0.00028146733
1353	0.00028137548
1354	0.00028115182
1355	0.00028076729
1356	0.00027998582
1357	0.00027977484
1358	0.00027902692
1359	0.00027849251
1360	0.00027786376
1361	0.00027743358
1362	0.00027729644
1363	0.00027748001
1364	0.00027722577
1365	0.00027738585
1366	0.00027747
1367	0.00027750465
1368	0.00027724889
1369	0.00027741346
1370	0.00027753583
1371	0.00027703614
1372	0.00027689857
1373	0.00027678361
1374	0.00027676039
1375	0.00027682816
1376	0.00027676056
1377	0.00027689094
1378	0.00027708568
1379	0.00027729415
1380	0.00027738845
1381	0.00027727051
1382	0.00027655694
1383	0.000276276
1384	0.0002762573
1385	0.00027650241
1386	0.00027699695
1387	0.00027653037
1388	0.00027617825
1389	0.00027572773
1390	0.00027552855
1391	0.00027514095
1392	0.00027523807
1393	0.00027534353
1394	0.00027509405
1395	0.00027501638
1396	0.00027413765
1397	0.00027371022
1398	0.00027315241
1399	0.00027245061
1400	0.00027176866
1401	0.00027107424
1402	0.00027098808
1403	0.00027106954
1404	0.00027094387
1405	0.00027072191
1406	0.00027097401
1407	0.00027101085
1408	0.00027081989
1409	0.00027069504
1410	0.00027115267
1411	0.0002702917
1412	0.00026997747
1413	0.00026982873
1414	0.0002697805
1415	0.00027023979
1416	0.00027061141
1417	0.00027105708
1418	0.00027092706
1419	0.00027083283
1420	0.0002709645
1421	0.0002711434
1422	0.00027043013
1423	0.00027021842
1424	0.00027017562
1425	0.00027024897
1426	0.00027057038
1427	0.00027006898
1428	0.00026954485
1429	0.00026919133
1430	0.00026908242
1431	0.00026871437
1432	0.00026873762
1433	0.0002688487
1434	0.00026865691
1435	0.00026847737
1436	0.00026785819
1437	0.00026712843
1438	0.00026691535
1439	0.00026594281
1440	0.00026539531
1441	0.00026475428
1442	0.00026441517
1443	0.00026441189
1444	0.00026439431
1445	0.00026397204
1446	0.00026413106
1447	0.00026425995
1448	0.00026417975
1449	0.00026405008
1450	0.00026433859
1451	0.00026409964
1452	0.00026350897
1453	0.00026331457
1454	0.00026313409
1455	0.00026338894
1456	0.0002638991
1457	0.00026449489
1458	0.00026456723
1459	0.0002642408
1460	0.00026443896
1461	0.00026472655
1462	0.00026429326
1463	0.00026353424
1464	0.00026357784
1465	0.00026344046
1466	0.00026383123
1467	0.00026364191
1468	0.00026300674
1469	0.00026288859
1470	0.00026269982
1471	0.00026247086
1472	0.0002620739
1473	0.00026223708
1474	0.00026240578
1475	0.00026209628
1476	0.00026173069
1477	0.00026085158
1478	0.00026034722
1479	0.00025946253
1480	0.00025887488
1481	0.00025832316
1482	0.00025778333
1483	0.00025787162
1484	0.00025798704
1485	0.00025775287
1486	0.00025749596
1487	0.00025766658
1488	0.00025763859
1489	0.00025744943
1490	0.00025737304
1491	0.00025773148
1492	0.0002570436
1493	0.00025678052
1494	0.00025661879
1495	0.00025663168
1496	0.00025734057
1497	0.00025795738
1498	0.00025865128
1499	0.00025800241
1500	0.00025792933
1501	0.00025827512
1502	0.00025838184
1503	0.00025775036
1504	0.00025733377
1505	0.00025721155
1506	0.00025711624
1507	0.00025752729
1508	0.00025677611
1509	0.00025643876
1510	0.00025612364
1511	0.00025620975
1512	0.00025597424
1513	0.00025598549
1514	0.00025610369
1515	0.00025593701
1516	0.00025556533
1517	0.00025497764
1518	0.00025388922
1519	0.00025343921
1520	0.00025258835
1521	0.00025216373
1522	0.00025150719
1523	0.00025116429
1524	0.00025126662
1525	0.00025143854
1526	0.00025108546
1527	0.00025131648
1528	0.00025146599
1529	0.00025133109
1530	0.00025111589
1531	0.00025116009
1532	0.0002509803
1533	0.0002503171
1534	0.00024995893
1535	0.0002499612
1536	0.00025043631
1537	0.00025120303
1538	0.00025189351
1539	0.00025189961
1540	0.00025153975
1541	0.00025185414
1542	0.00025218488
1543	0.00025189699
1544	0.00025138425
1545	0.00025091229
1546	0.00025053414
1547	0.00025122018
1548	0.00025088187
1549	0.0002504738
1550	0.00025003817
1551	0.00024998729
1552	0.00024983195
1553	0.00024958152
1554	0.00024983019
1555	0.00025013503
1556	0.0002497307
1557	0.00024948207
1558	0.00024831989
1559	0.00024751276
1560	0.00024696308
1561	0.00024625543
1562	0.00024570107
1563	0.00024476726
1564	0.00024492262
1565	0.00024516268
1566	0.0002451828
1567	0.00024489392
1568	0.00024528977
1569	0.00024551223
1570	0.0002453788
1571	0.00024532736
1572	0.00024561679
1573	0.00024476651
1574	0.00024428671
1575	0.00024390913
1576	0.00024400448
1577	0.000244764
1578	0.00024560841
1579	0.00024635411
1580	0.00024619366
1581	0.00024596452
1582	0.00024650595
1583	0.00024676945
1584	0.00024608317
1585	0.00024569456
1586	0.00024515041
1587	0.00024526359
1588	0.00024574512
1589	0.00024506538
1590	0.00024479231
1591	0.00024448755
1592	0.00024487225
1593	0.00024460392
1594	0.00024458458
1595	0.00024463557
1596	0.00024477687
1597	0.00024436571
1598	0.00024392743
1599	0.00024260004
1600	0.00024241451
1601	0.00024162558
1602	0.0002409914
1603	0.00024032477
1604	0.00023966549
1605	0.00023978659
1606	0.00024004527
1607	0.0002397173
1608	0.00023988177
1609	0.00024004176
1610	0.00024019553
1611	0.00023986084
1612	0.00024001282
1613	0.00024009259
1614	0.00023941681
1615	0.00023915997
1616	0.00023879785
1617	0.00023920779
1618	0.00023994975
1619	0.0002408387
1620	0.00024109615
1621	0.00024067975
1622	0.00024112526
1623	0.00024151667
1624	0.00024170956
1625	0.00024100431
1626	0.00024063203
1627	0.00024000229
1628	0.00024059411
1629	0.00024038043
1630	0.00023989319
1631	0.00023951421
1632	0.00023935665
1633	0.0002394478
1634	0.00023935419
1635	0.00023961351
1636	0.00023994268
1637	0.00023965783
1638	0.00023934477
1639	0.00023818775
1640	0.00023724705
1641	0.00023690721
1642	0.00023620246
1643	0.00023557163
1644	0.00023465429
1645	0.0002345015
1646	0.00023481889
1647	0.00023486837
1648	0.000234422
1649	0.00023484143
1650	0.00023501012
1651	0.00023503951
1652	0.00023478549
1653	0.00023517941
1654	0.00023467693
1655	0.00023424616
1656	0.0002341106
1657	0.0002342167
1658	0.00023500963
1659	0.00023566819
1660	0.0002366218
1661	0.00023608886
1662	0.00023578128
1663	0.00023652575
1664	0.00023700703
1665	0.00023648593
1666	0.00023604753
1667	0.00023538193
1668	0.00023523249
1669	0.00023599556
1670	0.00023516522
1671	0.00023478383
1672	0.00023442052
1673	0.00023473175
1674	0.00023471022
1675	0.00023450412
1676	0.00023484872
1677	0.00023510061
1678	0.0002347454
1679	0.00023419271
1680	0.00023292776
1681	0.00023248404
1682	0.00023183572
1683	0.00023106673
1684	0.00023029743
1685	0.0002294966
1686	0.00022970313
1687	0.00023004653
1688	0.00022989168
1689	0.00022966221
1690	0.00022999805
1691	0.00023000526
1692	0.00022990876
1693	0.00022980294
1694	0.00023029574
1695	0.00022934224
1696	0.00022909504
1697	0.00022912859
1698	0.00022939612
1699	0.00023051213
1700	0.00023143069
1701	0.00023164302
1702	0.00023122294
1703	0.00023150172
1704	0.00023220678
1705	0.00023242442
1706	0.00023178687
1707	0.00023131925
1708	0.00023075247
1709	0.00023111847
1710	0.00023122032
1711	0.00023058922
1712	0.00023024878
1713	0.0002299538
1714	0.00023034434
1715	0.00023017346
1716	0.00023020616
1717	0.00023060801
1718	0.0002302617
1719	0.0002300927
1720	0.00022900832
1721	0.00022803386
1722	0.00022796001
1723	0.00022704978
1724	0.00022636409
1725	0.00022515112
1726	0.00022488927
1727	0.00022501318
1728	0.00022517402
1729	0.00022476305
1730	0.00022493357
1731	0.0002252878
1732	0.0002252428
1733	0.00022507921
1734	0.00022522248
1735	0.00022514402
1736	0.0002245751
1737	0.00022438048
1738	0.00022460403
1739	0.00022494918
1740	0.00022606122
1741	0.00022714327
1742	0.00022657397
1743	0.0002264302
1744	0.00022720897
1745	0.0002278099
1746	0.00022758519
1747	0.00022698986
1748	0.00022594106
1749	0.00022569698
1750	0.00022667245
1751	0.00022590472
1752	0.00022558449
1753	0.00022492044
1754	0.00022514804
1755	0.00022526982
1756	0.00022509928
1757	0.00022560639
1758	0.00022582414
1759	0.00022560911
1760	0.0002249289
1761	0.00022369099
1762	0.00022323807
1763	0.00022285904
1764	0.00022213394
1765	0.00022130153
1766	0.00022018363
1767	0.0002202228
1768	0.00022049033
1769	0.00022057478
1770	0.00021993497
1771	0.00022049152
1772	0.00022065609
1773	0.00022060359
1774	0.00022043607
1775	0.00022075994
1776	0.00021989553
1777	0.00021968236
1778	0.00021974792
1779	0.00021990357
1780	0.00022081416
1781	0.00022201533
1782	0.00022215884
1783	0.00022199798
1784	0.00022242288
1785	0.00022350713
1786	0.00022414161
1787	0.00022359407
1788	0.00022293181
1789	0.00022215891
1790	0.00022242188
1791	0.00022291181
1792	0.00022207582
1793	0.00022181497
1794	0.00022132296
1795	0.0002219106
1796	0.00022176554
1797	0.00022171803
1798	0.00022215185
1799	0.00022228386
1800	0.00022212562
1801	0.00022100196
1802	0.00022003216
1803	0.00022000511
1804	0.00021918077
1805	0.00021863627
1806	0.00021778798
1807	0.00021714666
1808	0.00021736058
1809	0.00021758974
1810	0.00021732727
1811	0.00021717128
1812	0.00021760389
1813	0.00021773228
1814	0.00021762867
1815	0.00021765489
1816	0.00021787091
1817	0.00021702087
1818	0.00021677377
1819	0.00021677318
1820	0.00021718544
1821	0.00021836294
1822	0.0002196782
1823	0.00021883231
1824	0.00021897484
1825	0.00021970105
1826	0.00022065187
1827	0.00022119875
1828	0.00022049675
1829	0.00021957041
1830	0.00021909261
1831	0.0002199831
1832	0.00021957997
1833	0.00021911982
1834	0.00021869329
1835	0.00021865746
1836	0.0002192771
1837	0.00021896078
1838	0.0002192287
1839	0.00021961452
1840	0.00021925591
1841	0.00021863693
1842	0.00021761682
1843	0.00021683593
1844	0.00021662205
1845	0.00021585095
1846	0.00021508481
1847	0.00021402921
1848	0.00021399227
1849	0.00021419031
1850	0.00021458386
1851	0.00021388342
1852	0.00021423583
1853	0.00021454765
1854	0.0002147037
1855	0.0002145433
1856	0.00021484273
1857	0.00021450044
1858	0.00021403275
1859	0.0002138787
1860	0.00021384598
1861	0.00021438218
1862	0.00021552903
1863	0.00021620454
1864	0.00021581812
1865	0.0002159118
1866	0.00021702164
1867	0.00021768655
1868	0.00021774835
1869	0.00021719685
1870	0.00021628606
1871	0.00021612853
1872	0.00021687732
1873	0.00021604868
1874	0.00021570264
1875	0.00021508667
1876	0.00021541331
1877	0.00021586991
1878	0.00021564524
1879	0.00021623579
1880	0.00021646849
1881	0.00021605406
1882	0.00021516836
1883	0.0002138746
1884	0.00021356908
1885	0.00021299264
1886	0.00021226296
1887	0.00021144727
1888	0.00021022155
1889	0.00021049399
1890	0.00021078247
1891	0.00021097832
1892	0.00021051024
1893	0.00021088442
1894	0.00021113912
1895	0.00021114797
1896	0.00021100852
1897	0.0002114464
1898	0.00021065726
1899	0.00021060537
1900	0.00021033834
1901	0.00021039661
1902	0.00021127497
1903	0.00021262364
1904	0.00021195361
1905	0.00021210038
1906	0.00021279888
1907	0.00021383773
1908	0.00021450085
1909	0.0002138866
1910	0.00021331667
1911	0.0002126601
1912	0.00021292698
1913	0.00021335278
1914	0.00021226661
1915	0.00021197132
1916	0.00021164526
1917	0.00021212443
1918	0.0002122458
1919	0.00021210268
1920	0.0002127195
1921	0.00021267564
1922	0.00021211392
1923	0.00021108405
1924	0.00020983398
1925	0.0002099996
1926	0.00020896898
1927	0.00020825336
1928	0.00020724902
1929	0.00020651666
1930	0.00020686444
1931	0.00020717402
1932	0.00020698106
1933	0.00020693767
1934	0.00020741263
1935	0.00020759483
1936	0.00020735919
1937	0.00020736488
1938	0.0002076051
1939	0.00020685442
1940	0.00020693094
1941	0.00020660123
1942	0.00020714128
1943	0.00020820204
1944	0.00020890078
1945	0.00020849938
1946	0.00020836782
1947	0.00020956607
1948	0.00021022309
1949	0.00021079707
1950	0.00021006052
1951	0.00020894852
1952	0.00020887814
1953	0.00020944087
1954	0.00020921551
1955	0.00020861534
1956	0.00020794542
1957	0.00020799421
1958	0.0002083778
1959	0.0002083899
1960	0.0002085168
1961	0.00020916299
1962	0.00020870156
1963	0.0002079144
1964	0.00020689702
1965	0.00020577882
1966	0.00020584012
1967	0.00020475854
1968	0.00020398295
1969	0.00020272939
1970	0.00020252573
1971	0.00020284801
1972	0.00020306822
1973	0.0002026964
1974	0.00020311045
1975	0.00020328866
1976	0.00020358829
1977	0.00020331836
1978	0.00020359859
1979	0.00020339769
1980	0.00020295602
1981	0.00020305512
1982	0.00020277885
1983	0.00020349036
1984	0.00020472174
1985	0.00020452543
1986	0.00020465113
1987	0.0002044538
1988	0.00020599431
1989	0.00020642239
1990	0.00020647956
1991	0.00020588749
1992	0.00020472509
1993	0.00020480596
1994	0.00020520287
1995	0.00020468301
1996	0.0002041355
1997	0.00020329598
1998	0.00020387222
1999	0.00020389446
2000	0.00020409378
2001	0.00020431465
2002	0.00020500527
2003	0.0002044856
2004	0.00020340747
2005	0.00020225982
2006	0.00020139438
2007	0.00020123021
2008	0.0001999694
2009	0.00019918326
2010	0.00019790511
2011	0.00019778366
2012	0.00019838124
2013	0.00019830651
2014	0.00019823229
2015	0.00019873017
2016	0.00019890226
2017	0.00019916768
2018	0.00019857822
2019	0.00019939449
2020	0.00019851599
2021	0.00019855789
2022	0.00019837954
2023	0.00019827341
2024	0.00019943734
2025	0.00020060388
2026	0.00019995418
2027	0.00020014839
2028	0.00020059221
2029	0.0002017827
2030	0.00020207607
2031	0.00020155735
2032	0.00020089953
2033	0.00019973137
2034	0.00020019826
2035	0.00020022484
2036	0.00019959894
2037	0.00019901208
2038	0.0001986515
2039	0.0001992432
2040	0.00019911648
2041	0.000199207
2042	0.00019947192
2043	0.00019977084
2044	0.00019934589
2045	0.00019799509
2046	0.00019681613
2047	0.00019646779
2048	0.00019578067
2049	0.00019457838
2050	0.00019348765
2051	0.00019259083
2052	0.00019272943
2053	0.00019316198
2054	0.00019253471
2055	0.00019283274
2056	0.00019323231
2057	0.00019356115
2058	0.00019371996
2059	0.00019327576
2060	0.00019407578
2061	0.00019296366
2062	0.00019315509
2063	0.00019276271
2064	0.00019296928
2065	0.00019456892
2066	0.00019454423
2067	0.0001947107
2068	0.00019464184
2069	0.00019565913
2070	0.000196526
2071	0.00019658514
2072	0.000195931
2073	0.00019491131
2074	0.00019423122
2075	0.00019464115
2076	0.00019412951
2077	0.00019365636
2078	0.00019271765
2079	0.00019302957
2080	0.00019341141
2081	0.00019326889
2082	0.00019333498
2083	0.00019379387
2084	0.00019358453
2085	0.00019278381
2086	0.00019174466
2087	0.000190405
2088	0.00019044462
2089	0.00018941447
2090	0.00018821214
2091	0.00018695783
2092	0.00018643068
2093	0.00018677416
2094	0.00018703593
2095	0.00018647239
2096	0.00018695547
2097	0.00018715291
2098	0.00018761017
2099	0.00018737478
2100	0.00018753493
2101	0.00018753462
2102	0.0001869916
2103	0.00018692564
2104	0.00018660947
2105	0.00018725217
2106	0.00018866715
2107	0.00018815739
2108	0.00018855049
2109	0.00018845635
2110	0.00018995106
2111	0.0001903944
2112	0.00019034178
2113	0.00018949631
2114	0.0001883881
2115	0.00018800787
2116	0.00018813336
2117	0.00018741859
2118	0.00018694218
2119	0.000186049
2120	0.00018665542
2121	0.00018664858
2122	0.00018666015
2123	0.00018682412
2124	0.00018740513
2125	0.00018683797
2126	0.00018600309
2127	0.00018456227
2128	0.00018356547
2129	0.00018346406
2130	0.00018222451
2131	0.00018129911
2132	0.00017974809
2133	0.00017964045
2134	0.0001799424
2135	0.00017991515
2136	0.00017965354
2137	0.00018019869
2138	0.00018042381
2139	0.00018067757
2140	0.0001802681
2141	0.00018105398
2142	0.00018038262
2143	0.00018017215
2144	0.00018003743
2145	0.0001798165
2146	0.00018078573
2147	0.00018180471
2148	0.00018132252
2149	0.00018164274
2150	0.00018204725
2151	0.00018333007
2152	0.0001838744
2153	0.00018311454
2154	0.00018221228
2155	0.00018122742
2156	0.00018111051
2157	0.00018113558
2158	0.00018005131
2159	0.00017947795
2160	0.00017886046
2161	0.00017951325
2162	0.00017962573
2163	0.00017946402
2164	0.00017976983
2165	0.00018031551
2166	0.0001795909
2167	0.00017865404
2168	0.00017687574
2169	0.00017637892
2170	0.00017586085
2171	0.00017468626
2172	0.00017365023
2173	0.00017237806
2174	0.00017244118
2175	0.00017277652
2176	0.00017252515
2177	0.00017242871
2178	0.00017307729
2179	0.00017303459
2180	0.00017327621
2181	0.00017308024
2182	0.00017398457
2183	0.00017301528
2184	0.00017292114
2185	0.00017263395
2186	0.00017269048
2187	0.0001741988
2188	0.00017444091
2189	0.00017421161
2190	0.00017457241
2191	0.00017516241
2192	0.00017642126
2193	0.00017663609
2194	0.00017575115
2195	0.00017475419
2196	0.00017400921
2197	0.00017429221
2198	0.00017352037
2199	0.00017300621
2200	0.00017197146
2201	0.00017197115
2202	0.00017245464
2203	0.00017220758
2204	0.00017230784
2205	0.0001723652
2206	0.00017262588
2207	0.00017202914
2208	0.00017079029
2209	0.00016918929
2210	0.00016916103
2211	0.00016809549
2212	0.00016665649
2213	0.00016560419
2214	0.00016456905
2215	0.00016503535
2216	0.00016519148
2217	0.00016475444
2218	0.00016510885
2219	0.00016530848
2220	0.00016585942
2221	0.00016532965
2222	0.00016566511
2223	0.00016593789
2224	0.00016526115
2225	0.0001653442
2226	0.00016477181
2227	0.00016561643
2228	0.00016697475
2229	0.0001665113
2230	0.00016685077
2231	0.00016680866
2232	0.00016821885
2233	0.00016865022
2234	0.00016895439
2235	0.00016794034
2236	0.00016702651
2237	0.00016636702
2238	0.00016618454
2239	0.00016568465
2240	0.00016479489
2241	0.00016413426
2242	0.00016417497
2243	0.00016453963
2244	0.00016448898
2245	0.00016420222
2246	0.00016513493
2247	0.00016445417
2248	0.00016428414
2249	0.00016251214
2250	0.00016098007
2251	0.0001611815
2252	0.00015943678
2253	0.00015876446
2254	0.00015693529
2255	0.00015686339
2256	0.00015716416
2257	0.00015721447
2258	0.00015699713
2259	0.00015721617
2260	0.00015777983
2261	0.00015781188
2262	0.00015775836
2263	0.00015803617
2264	0.00015767438
2265	0.00015759751
2266	0.00015709417
2267	0.00015709941
2268	0.00015794225
2269	0.00015922893
2270	0.00015880688
2271	0.00015909349
2272	0.00015959731
2273	0.00016063246
2274	0.00016136878
2275	0.00016114295
2276	0.00015991531
2277	0.00015930467
2278	0.00015852076
2279	0.00015849044
2280	0.00015757517
2281	0.00015687395
2282	0.00015618956
2283	0.00015649197
2284	0.00015687448
2285	0.00015655277
2286	0.00015702192
2287	0.0001577048
2288	0.00015696455
2289	0.00015679726
2290	0.00015442678
2291	0.00015396602
2292	0.00015327998
2293	0.00015209453
2294	0.00015088761
2295	0.00014917037
2296	0.00014930175
2297	0.00014942908
2298	0.00014987668
2299	0.00014936769
2300	0.0001501708
2301	0.00015063115
2302	0.00015047039
2303	0.00015062317
2304	0.00015111261
2305	0.00015032295
2306	0.00015014953
2307	0.00014970156
2308	0.00014993091
2309	0.00015068235
2310	0.00015182541
2311	0.00015132575
2312	0.00015211634
2313	0.00015280996
2314	0.00015414079
2315	0.00015494459
2316	0.00015398939
2317	0.00015309685
2318	0.0001522658
2319	0.00015215491
2320	0.00015190542
2321	0.00015055824
2322	0.00014996432
2323	0.00014902908
2324	0.00014997052
2325	0.00014971125
2326	0.00014975184
2327	0.00015043489
2328	0.00015093146
2329	0.00015051693
2330	0.00014964468
2331	0.00014793082
2332	0.0001471449
2333	0.00014671437
2334	0.000145574
2335	0.00014413592
2336	0.00014293784
2337	0.00014266371
2338	0.00014320079
2339	0.00014279962
2340	0.00014296478
2341	0.0001435862
2342	0.00014387941
2343	0.00014416043
2344	0.00014390233
2345	0.00014506332
2346	0.00014390903
2347	0.00014402491
2348	0.00014355069
2349	0.00014379818
2350	0.00014549356
2351	0.00014495691
2352	0.00014550632
2353	0.00014582943
2354	0.00014708998
2355	0.0001483551
2356	0.00014870885
2357	0.00014774019
2358	0.00014657474
2359	0.00014647326
2360	0.00014622232
2361	0.00014564228
2362	0.00014464258
2363	0.0001441671
2364	0.00014371569
2365	0.00014420445
2366	0.00014421607
2367	0.00014386634
2368	0.00014455331
2369	0.00014465929
2370	0.00014451006
2371	0.00014347286
2372	0.00014156537
2373	0.00014183539
2374	0.00014064383
2375	0.00013961782
2376	0.00013817358
2377	0.00013715716
2378	0.00013766297
2379	0.00013781531
2380	0.00013747516
2381	0.00013771968
2382	0.00013833754
2383	0.00013846286
2384	0.00013837192
2385	0.00013878306
2386	0.00013885784
2387	0.00013853175
2388	0.00013820878
2389	0.0001381069
2390	0.00013890149
2391	0.00014030722
2392	0.00013996936
2393	0.00014039817
2394	0.00014112172
2395	0.00014233326
2396	0.00014345178
2397	0.0001436117
2398	0.00014240073
2399	0.0001416506
2400	0.00014088944
2401	0.0001411726
2402	0.00014016269
2403	0.00013962092
2404	0.00013882205
2405	0.00013894228
2406	0.00013975962
2407	0.00013911743
2408	0.00013956699
2409	0.00013999943
2410	0.00013981255
2411	0.00013971373
2412	0.00013809872
2413	0.00013701804
2414	0.00013686106
2415	0.00013606482
2416	0.00013490455
2417	0.00013336784
2418	0.00013289338
2419	0.00013305094
2420	0.00013354173
2421	0.00013281392
2422	0.00013373358
2423	0.00013391923
2424	0.00013432338
2425	0.00013422295
2426	0.00013455372
2427	0.00013450432
2428	0.00013396595
2429	0.00013397904
2430	0.00013356089
2431	0.0001348467
2432	0.00013614541
2433	0.00013593634
2434	0.00013656426
2435	0.00013692591
2436	0.00013874774
2437	0.00013922944
2438	0.00013908505
2439	0.00013783744
2440	0.00013708083
2441	0.00013658654
2442	0.00013627362
2443	0.00013568348
2444	0.00013514858
2445	0.00013434128
2446	0.00013501074
2447	0.00013530387
2448	0.00013511587
2449	0.00013522334
2450	0.00013604966
2451	0.00013547592
2452	0.00013539529
2453	0.00013347608
2454	0.00013266563
2455	0.00013255282
2456	0.00013134411
2457	0.00013060204
2458	0.00012883393
2459	0.00012882135
2460	0.00012907042
2461	0.0001293174
2462	0.0001290199
2463	0.00012977363
2464	0.00013029465
2465	0.00013015374
2466	0.00013032923
2467	0.00013107624
2468	0.00013020266
2469	0.00013005169
2470	0.00012966919
2471	0.00013001992
2472	0.00013111316
2473	0.00013202908
2474	0.00013202775
2475	0.00013272135
2476	0.00013352415
2477	0.0001350228
2478	0.00013597589
2479	0.00013504489
2480	0.00013366216
2481	0.00013330579
2482	0.00013286525
2483	0.0001330312
2484	0.00013179077
2485	0.00013114752
2486	0.00013080244
2487	0.00013161677
2488	0.0001318812
2489	0.00013141465
2490	0.00013245933
2491	0.00013287408
2492	0.00013220511
2493	0.00013180754
2494	0.00012995681
2495	0.00012952024
2496	0.00012886619
2497	0.00012820643
2498	0.00012698212
2499	0.00012580156
2500	0.00012579554
2501	0.00012617552
2502	0.00012609756
2503	0.00012602932
2504	0.00012704403
2505	0.00012702941
2506	0.00012723805
2507	0.00012747182
2508	0.00012824409
2509	0.00012735701
2510	0.00012727563
2511	0.00012702232
2512	0.00012717749
2513	0.00012912547
2514	0.0001286763
2515	0.00012926601
2516	0.00012999651
2517	0.00013099788
2518	0.00013254166
2519	0.00013297377
2520	0.00013209496
2521	0.00013060268
2522	0.00013045492
2523	0.00013038941
2524	0.00012979737
2525	0.00012917591
2526	0.00012852864
2527	0.00012843031
2528	0.00012916118
2529	0.00012925549
2530	0.00012910793
2531	0.00012960441
2532	0.00012990218
2533	0.00012937635
2534	0.00012862251
2535	0.00012640325
2536	0.00012683835
2537	0.00012580206
2538	0.00012471275
2539	0.0001236056
2540	0.00012274399
2541	0.00012336693
2542	0.00012341595
2543	0.00012329995
2544	0.00012350374
2545	0.00012423219
2546	0.00012444881
2547	0.00012406171
2548	0.00012467266
2549	0.00012471391
2550	0.00012474868
2551	0.00012429559
2552	0.00012410949
2553	0.00012495622
2554	0.00012627939
2555	0.00012602197
2556	0.00012646159
2557	0.00012724373
2558	0.00012861469
2559	0.00012975769
2560	0.00013010069
2561	0.00012896857
2562	0.00012809958
2563	0.00012728936
2564	0.00012754118
2565	0.00012676644
2566	0.00012621188
2567	0.00012546831
2568	0.00012549076
2569	0.00012661182
2570	0.00012619675
2571	0.00012662128
2572	0.00012710431
2573	0.00012680941
2574	0.00012669003
2575	0.00012499487
2576	0.00012373102
2577	0.00012356416
2578	0.00012285219
2579	0.00012174689
2580	0.00012025861
2581	0.00012032831
2582	0.00012058845
2583	0.00012097938
2584	0.00012043899
2585	0.00012145541
2586	0.00012175955
2587	0.00012205502
2588	0.00012204611
2589	0.00012256091
2590	0.00012252907
2591	0.00012240947
2592	0.00012238436
2593	0.00012193471
2594	0.00012321845
2595	0.00012451853
2596	0.00012430898
2597	0.00012501947
2598	0.00012563901
2599	0.00012754913
2600	0.00012824983
2601	0.00012846789
2602	0.00012729415
2603	0.00012656288
2604	0.00012589189
2605	0.0001259806
2606	0.00012518172
2607	0.00012455167
2608	0.00012393182
2609	0.00012443874
2610	0.00012504721
2611	0.00012498194
2612	0.00012555261
2613	0.00012632331
2614	0.00012559974
2615	0.00012556397
2616	0.00012332353
2617	0.00012243775
2618	0.0001223246
2619	0.0001212516
2620	0.00012061409
2621	0.00011872095
2622	0.00011921043
2623	0.00011950092
2624	0.00011975823
2625	0.00011942788
2626	0.00012017042
2627	0.0001208667
2628	0.00012076004
2629	0.000120939
2630	0.00012160382
2631	0.00012111729
2632	0.00012107954
2633	0.00012065049
2634	0.00012106257
2635	0.00012220187
2636	0.00012360258
2637	0.00012322322
2638	0.00012417689
2639	0.00012514011
2640	0.00012666824
2641	0.00012802519
2642	0.00012668145
2643	0.00012621057
2644	0.00012522947
2645	0.00012490489
2646	0.00012503179
2647	0.00012370518
2648	0.00012344499
2649	0.00012237528
2650	0.00012363031
2651	0.00012380192
2652	0.00012368815
2653	0.00012447432
2654	0.00012502971
2655	0.00012466261
2656	0.00012383171
2657	0.00012201767
2658	0.00012123912
2659	0.00012082752
2660	0.00011987704
2661	0.00011873769
2662	0.00011745706
2663	0.00011746626
2664	0.0001182222
2665	0.0001177368
2666	0.0001179932
2667	0.0001188248
2668	0.00011895521
2669	0.00011933505
2670	0.00011930928
2671	0.00012046997
2672	0.00011945674
2673	0.00011957452
2674	0.00011919898
2675	0.00011942998
2676	0.00012140518
2677	0.00012156205
2678	0.00012206199
2679	0.00012266681
2680	0.00012397563
2681	0.00012552763
2682	0.0001263179
2683	0.00012536649
2684	0.00012422995
2685	0.0001240212
2686	0.00012391846
2687	0.00012355766
2688	0.00012250763
2689	0.00012214308
2690	0.00012207112
2691	0.00012247498
2692	0.00012283164
2693	0.00012252839
2694	0.00012350646
2695	0.00012353873
2696	0.00012312389
2697	0.00012230717
2698	0.00012003351
2699	0.00012072366
2700	0.00011939889
2701	0.00011855999
2702	0.00011727723
2703	0.00011633657
2704	0.00011686333
2705	0.00011704158
2706	0.00011691299
2707	0.00011691647
2708	0.00011782731
2709	0.00011784483
2710	0.00011782602
2711	0.00011813393
2712	0.00011828551
2713	0.00011845438
2714	0.00011803675
2715	0.00011811846
2716	0.00011886669
2717	0.00012058536
2718	0.00012023688
2719	0.00012050219
2720	0.00012142202
2721	0.00012295232
2722	0.0001244335
2723	0.00012472883
2724	0.00012358203
2725	0.00012310557
2726	0.00012216746
2727	0.00012258365
2728	0.00012177585
2729	0.00012141631
2730	0.00012069392
2731	0.00012069141
2732	0.00012167394
2733	0.00012121452
2734	0.00012191034
2735	0.00012236518
2736	0.00012217826
2737	0.00012197105
2738	0.00011995024
2739	0.00011871614
2740	0.00011830269
2741	0.00011760722
2742	0.00011657556
2743	0.00011508442
2744	0.00011500602
2745	0.0001154213
2746	0.00011596192
2747	0.00011517081
2748	0.0001161163
2749	0.00011649157
2750	0.00011673579
2751	0.00011662395
2752	0.00011706864
2753	0.00011693735
2754	0.00011665304
2755	0.00011670716
2756	0.00011637462
2757	0.00011766122
2758	0.00011928055
2759	0.00011888908
2760	0.00011957028
2761	0.00012023277
2762	0.00012219824
2763	0.00012314196
2764	0.00012325915
2765	0.00012235412
2766	0.00012159185
2767	0.00012116234
2768	0.00012137728
2769	0.00012049032
2770	0.00012010652
2771	0.00011916552
2772	0.00012005723
2773	0.00012037295
2774	0.00012032955
2775	0.00012106879
2776	0.00012173594
2777	0.00012139994
2778	0.00012095419
2779	0.00011879158
2780	0.00011797274
2781	0.00011782442
2782	0.00011663577
2783	0.0001158662
2784	0.00011435273
2785	0.00011441084
2786	0.0001149537
2787	0.00011527648
2788	0.00011515996
2789	0.00011574388
2790	0.0001164904
2791	0.00011644264
2792	0.00011626258
2793	0.00011719614
2794	0.00011617374
2795	0.00011645468
2796	0.00011602074
2797	0.0001164146
2798	0.00011770021
2799	0.00011898564
2800	0.00011898197
2801	0.00011949738
2802	0.00012068178
2803	0.00012218472
2804	0.00012381776
2805	0.00012281424
2806	0.00012183827
2807	0.00012129684
2808	0.00012101882
2809	0.00012144442
2810	0.00011996862
2811	0.0001198104
2812	0.00011896416
2813	0.00011998582
2814	0.00012053225
2815	0.00011995612
2816	0.00012137102
2817	0.0001215634
2818	0.00012128709
2819	0.00012042001
2820	0.00011841133
2821	0.00011803939
2822	0.00011714923
2823	0.00011662786
2824	0.00011524383
2825	0.00011420932
2826	0.00011420628
2827	0.00011489143
2828	0.00011475926
2829	0.00011460655
2830	0.00011560328
2831	0.00011551929
2832	0.00011597901
2833	0.0001157688
2834	0.00011694842
2835	0.00011586896
2836	0.00011584118
2837	0.00011578222
2838	0.00011576462
2839	0.00011811466
2840	0.00011828435
2841	0.0001184948
2842	0.00011908437
2843	0.00012042134
2844	0.00012199663
2845	0.00012271385
2846	0.00012194052
2847	0.00012085047
2848	0.00012028934
2849	0.00012063636
2850	0.00012023892
2851	0.00011926097
2852	0.00011878948
2853	0.00011864178
2854	0.00011940106
2855	0.00011947362
2856	0.00011963702
2857	0.00012045416
2858	0.00012065419
2859	0.00012049229
2860	0.00011915553
2861	0.00011718451
2862	0.00011764632
2863	0.00011657215
2864	0.00011535633
2865	0.00011410618
2866	0.0001134901
2867	0.00011380639
2868	0.00011427526
2869	0.00011389961
2870	0.00011451375
2871	0.00011487821
2872	0.00011523029
2873	0.00011508762
2874	0.00011517094
2875	0.00011554628
2876	0.00011516891
2877	0.00011514599
2878	0.00011489355
2879	0.00011601325
2880	0.00011771452
2881	0.00011750588
2882	0.00011792059
2883	0.00011857292
2884	0.00012013014
2885	0.0001211696
2886	0.00012222849
2887	0.00012090289
2888	0.0001203134
2889	0.00011926005
2890	0.00011995396
2891	0.00011935782
2892	0.00011853052
2893	0.00011813114
2894	0.00011796636
2895	0.00011917368
2896	0.00011870977
2897	0.00011930925
2898	0.00012023276
2899	0.00011992098
2900	0.00011993039
2901	0.00011753486
2902	0.00011670175
2903	0.00011653901
2904	0.00011546039
2905	0.00011454704
2906	0.0001127899
2907	0.00011313828
2908	0.00011310388
2909	0.00011387156
2910	0.00011315624
2911	0.00011410866
2912	0.0001147423
2913	0.0001146429
2914	0.00011478577
2915	0.00011481939
2916	0.00011481087
2917	0.00011442632
2918	0.00011440209
2919	0.00011437864
2920	0.00011532822
2921	0.0001173248
2922	0.00011655672
2923	0.00011742959
2924	0.00011798241
2925	0.00011984581
2926	0.00012081028
2927	0.00012075387
2928	0.00012005413
2929	0.00011873325
2930	0.00011865175
2931	0.00011884726
2932	0.00011801955
2933	0.00011755073
2934	0.00011649362
2935	0.00011760189
2936	0.00011759167
2937	0.00011777697
2938	0.00011864382
2939	0.00011946519
2940	0.0001191597
2941	0.00011862575
2942	0.00011652409
2943	0.00011550932
2944	0.00011550247
2945	0.00011433763
2946	0.00011342331
2947	0.00011170552
2948	0.00011217935
2949	0.00011260142
2950	0.0001127483
2951	0.00011268482
2952	0.00011334319
2953	0.00011396495
2954	0.00011405253
2955	0.00011381496
2956	0.00011465682
2957	0.0001135137
2958	0.00011378232
2959	0.00011326785
2960	0.00011357677
2961	0.00011514304
2962	0.00011638923
2963	0.00011611395
2964	0.00011680676
2965	0.0001178071
2966	0.00011949752
2967	0.00012061553
2968	0.00012005258
2969	0.00011908468
2970	0.00011811436
2971	0.00011827977
2972	0.00011845074
2973	0.00011733267
2974	0.00011678951
2975	0.00011638264
2976	0.00011726408
2977	0.0001177058
2978	0.00011721728
2979	0.0001183882
2980	0.00011896898
2981	0.00011863624
2982	0.00011779631
2983	0.0001155367
2984	0.00011556877
2985	0.00011461617
2986	0.00011385482
2987	0.00011270934
2988	0.00011136404
2989	0.00011213661
2990	0.00011250092
2991	0.00011262708
2992	0.00011245598
2993	0.00011353248
2994	0.00011373424
2995	0.00011373533
2996	0.00011402937
2997	0.00011473251
2998	0.00011388873
2999	0.00011353001
3000	0.00011355982
3001	0.00011383151
3002	0.00011576622
3003	0.00011623481
3004	0.00011609414
3005	0.00011702476
3006	0.00011800374
3007	0.00011986659
3008	0.00012041331
3009	0.00011947321
3010	0.00011887983
3011	0.00011763564
3012	0.00011852433
3013	0.0001177492
3014	0.00011711422
3015	0.00011671464
3016	0.00011650192
3017	0.00011773069
3018	0.00011717956
3019	0.00011757593
3020	0.00011810029
3021	0.00011837101
3022	0.00011833669
3023	0.00011670262
3024	0.00011502146
3025	0.00011506153
3026	0.00011427676
3027	0.00011288829
3028	0.00011177078
3029	0.00011099598
3030	0.0001117522
3031	0.00011235173
3032	0.0001117729
3033	0.00011262864
3034	0.00011293642
3035	0.0001135412
3036	0.00011332504
3037	0.00011346739
3038	0.00011382907
3039	0.00011333773
3040	0.00011328514
3041	0.00011290653
3042	0.00011409362
3043	0.00011614102
3044	0.0001154289
3045	0.000116278
3046	0.00011671561
3047	0.00011857186
3048	0.00011953281
3049	0.0001201403
3050	0.00011896875
3051	0.00011860081
3052	0.00011750853
3053	0.00011794409
3054	0.00011737486
3055	0.00011665592
3056	0.00011613986
3057	0.00011643852
3058	0.0001172686
3059	0.00011719509
3060	0.0001173793
3061	0.00011828723
3062	0.00011795969
3063	0.00011776014
3064	0.00011574251
3065	0.00011447262
3066	0.00011474716
3067	0.00011340733
3068	0.00011254511
3069	0.0001108019
3070	0.00011081494
3071	0.00011159371
3072	0.00011209276
3073	0.0001117417
3074	0.00011245946
3075	0.00011331012
3076	0.00011339919
3077	0.00011350187
3078	0.00011423624
3079	0.00011396507
3080	0.00011379932
3081	0.00011334265
3082	0.00011356313
3083	0.00011454641
3084	0.00011653547
3085	0.00011611649
3086	0.00011663492
3087	0.00011766219
3088	0.0001191917
3089	0.00012042982
3090	0.00012000772
3091	0.00011927619
3092	0.00011870393
3093	0.00011785452
3094	0.00011846244
3095	0.0001172253
3096	0.00011695728
3097	0.00011584248
3098	0.00011716933
3099	0.00011750398
3100	0.00011714608
3101	0.00011806538
3102	0.00011868393
3103	0.00011848201
3104	0.0001178458
3105	0.00011572648
3106	0.00011500316
3107	0.00011455922
3108	0.00011376523
3109	0.00011237457
3110	0.0001111333
3111	0.00011111804
3112	0.00011199783
3113	0.00011247884
3114	0.00011202844
3115	0.00011311171
3116	0.00011332425
3117	0.00011391449
3118	0.00011349808
3119	0.00011486958
3120	0.00011370626
3121	0.0001137112
3122	0.0001134772
3123	0.00011340839
3124	0.00011548612
3125	0.00011620802
3126	0.00011653493
3127	0.00011712059
3128	0.00011814852
3129	0.00012007182
3130	0.00012086897
3131	0.00012036136
3132	0.00011886653
3133	0.00011865357
3134	0.00011856198
3135	0.00011844555
3136	0.00011743764
3137	0.00011670215
3138	0.00011667057
3139	0.0001174188
3140	0.00011790491
3141	0.00011754852
3142	0.00011841031
3143	0.00011908258
3144	0.00011835853
3145	0.00011780365
3146	0.00011525691
3147	0.00011537097
3148	0.00011437858
3149	0.00011347307
3150	0.00011247788
3151	0.0001111172
3152	0.00011166139
3153	0.00011209156
3154	0.00011244402
3155	0.00011220553
3156	0.000113215
3157	0.00011363817
3158	0.00011362249
3159	0.00011394428
3160	0.00011496707
3161	0.00011418034
3162	0.0001141026
3163	0.00011370796
3164	0.00011437013
3165	0.00011625854
3166	0.0001161679
3167	0.00011666341
3168	0.00011741817
3169	0.00011900141
3170	0.00012058083
3171	0.00012132312
3172	0.00012005652
3173	0.00011927913
3174	0.0001187996
3175	0.00011894364
3176	0.00011846494
3177	0.00011753561
3178	0.0001172844
3179	0.0001168942
3180	0.00011826377
3181	0.00011787872
3182	0.00011802637
3183	0.00011883608
3184	0.00011867277
3185	0.00011882814
3186	0.0001170849
3187	0.00011530736
3188	0.00011555013
3189	0.00011450298
3190	0.00011360353
3191	0.00011180891
3192	0.00011172422
3193	0.00011200298
3194	0.00011281513
3195	0.00011265064
3196	0.0001131631
3197	0.00011401516
3198	0.00011399359
3199	0.00011435548
3200	0.00011428959
3201	0.00011484717
3202	0.00011445294
3203	0.00011424056
3204	0.00011419575
3205	0.00011484606
3206	0.00011708391
3207	0.00011601244
3208	0.00011719553
3209	0.00011786387
3210	0.00011954227
3211	0.00012105008
3212	0.00012097381
3213	0.00012018533
3214	0.00011914855
3215	0.00011881876
3216	0.00011898028
3217	0.00011795476
3218	0.00011763425
3219	0.00011646735
3220	0.00011721683
3221	0.0001178993
3222	0.00011789109
3223	0.00011830192
3224	0.0001189103
3225	0.00011874545
3226	0.00011810519
3227	0.00011648751
3228	0.00011502314
3229	0.00011530601
3230	0.00011413402
3231	0.00011303797
3232	0.00011157649
3233	0.00011109612
3234	0.00011202611
3235	0.00011246858
3236	0.00011229951
3237	0.00011302888
3238	0.00011370019
3239	0.00011412136
3240	0.00011385804
3241	0.00011502521
3242	0.00011460799
3243	0.0001144342
3244	0.00011407604
3245	0.00011399039
3246	0.0001151947
3247	0.0001164072
3248	0.00011656345
3249	0.00011704024
3250	0.00011801441
3251	0.00011983292
3252	0.00012104821
3253	0.00012065563
3254	0.00011937024
3255	0.0001191986
3256	0.00011839895
3257	0.00011839398
3258	0.00011722871
3259	0.00011661605
3260	0.00011585064
3261	0.00011682472
3262	0.00011727931
3263	0.00011709249
3264	0.00011779488
3265	0.00011850631
3266	0.00011782645
3267	0.00011760666
3268	0.00011546925
3269	0.00011457713
3270	0.00011446583
3271	0.00011351152
3272	0.00011252931
3273	0.00011076184
3274	0.00011096911
3275	0.0001116024
3276	0.00011208449
3277	0.00011172284
3278	0.00011271002
3279	0.00011350289
3280	0.00011361289
3281	0.00011387748
3282	0.00011478686
3283	0.00011391446
3284	0.00011401288
3285	0.0001133075
3286	0.00011386479
3287	0.00011523428
3288	0.00011631316
3289	0.00011616718
3290	0.0001171336
3291	0.00011827074
3292	0.00011993316
3293	0.00012138974
3294	0.00011991295
3295	0.00011900283
3296	0.00011855336
3297	0.00011826147
3298	0.00011812068
3299	0.00011660713
3300	0.00011645726
3301	0.00011552832
3302	0.00011677586
3303	0.00011684214
3304	0.00011660198
3305	0.00011747036
3306	0.00011791734
3307	0.00011752968
3308	0.00011639604
3309	0.00011460897
3310	0.00011414239
3311	0.00011328019
3312	0.00011267219
3313	0.00011114362
3314	0.00011022013
3315	0.00011012059
3316	0.00011115338
3317	0.00011100067
3318	0.00011089153
3319	0.00011202511
3320	0.00011219746
3321	0.00011255178
3322	0.00011258728
3323	0.00011397659
3324	0.00011278997
3325	0.00011288847
3326	0.00011261879
3327	0.00011300469
3328	0.00011529783
3329	0.0001141695
3330	0.00011547321
3331	0.00011609508
3332	0.00011751391
3333	0.00011938521
3334	0.00011976729
3335	0.00011860549
3336	0.00011723873
3337	0.00011747413
3338	0.000117139
3339	0.0001165567
3340	0.00011567779
3341	0.00011500447
3342	0.00011469949
3343	0.0001154677
3344	0.00011532082
3345	0.00011528656
3346	0.00011595353
3347	0.00011612746
3348	0.00011558104
3349	0.00011477681
3350	0.00011243413
3351	0.00011276456
3352	0.00011162858
3353	0.00011079662
3354	0.00010913917
3355	0.00010827344
3356	0.00010904706
3357	0.00010961945
3358	0.00010941677
3359	0.00010988457
3360	0.00011067947
3361	0.00011090137
3362	0.00011072677
3363	0.00011117056
3364	0.00011154443
3365	0.00011121886
3366	0.00011107325
3367	0.00011075201
3368	0.00011184043
3369	0.00011364334
3370	0.00011315436
3371	0.00011419407
3372	0.0001148273
3373	0.00011690005
3374	0.00011807019
3375	0.0001183614
3376	0.0001170144
3377	0.00011616977
3378	0.00011587667
3379	0.0001156522
3380	0.00011490686
3381	0.00011402899
3382	0.00011352116
3383	0.00011337245
3384	0.0001142347
3385	0.00011402318
3386	0.00011413109
3387	0.00011497732
3388	0.00011438235
3389	0.00011430804
3390	0.00011269517
3391	0.00011103101
3392	0.00011120573
3393	0.00011002561
3394	0.00010926556
3395	0.00010697473
3396	0.00010697543
3397	0.00010755915
3398	0.00010821895
3399	0.00010765267
3400	0.00010837489
3401	0.00010944551
3402	0.00010929881
3403	0.00010947061
3404	0.00011003211
3405	0.00010998968
3406	0.00010979595
3407	0.00010912735
3408	0.00010955001
3409	0.0001103199
3410	0.00011208743
3411	0.00011196372
3412	0.00011286606
3413	0.000113763
3414	0.00011545573
3415	0.00011694821
3416	0.00011613427
3417	0.0001154429
3418	0.00011473415
3419	0.00011399454
3420	0.00011415489
3421	0.00011257148
3422	0.00011224089
3423	0.00011072757
3424	0.00011196394
3425	0.00011215045
3426	0.00011183369
3427	0.00011248928
3428	0.00011285942
3429	0.0001125041
3430	0.00011197427
3431	0.00011067364
3432	0.00010917375
3433	0.00010876253
3434	0.00010820903
3435	0.00010648176
3436	0.00010481728
3437	0.00010470109
3438	0.00010569148
3439	0.00010597941
3440	0.00010550013
3441	0.00010671522
3442	0.00010705488
3443	0.00010745087
3444	0.00010722544
3445	0.00010829083
3446	0.00010738523
3447	0.00010730352
3448	0.00010689602
3449	0.00010695891
3450	0.00010880295
3451	0.00010942533
3452	0.00010995828
3453	0.00011078744
3454	0.00011190347
3455	0.00011391193
3456	0.00011491344
3457	0.00011398029
3458	0.00011279348
3459	0.00011248916
3460	0.00011217557
3461	0.00011185574
3462	0.00011053685
3463	0.00010987142
3464	0.00010903426
3465	0.00010996488
3466	0.00010995976
3467	0.00010982394
3468	0.00011040377
3469	0.00011132366
3470	0.00011043336
3471	0.00010998009
3472	0.00010853787
3473	0.00010739139
3474	0.00010681205
3475	0.00010603345
3476	0.00010471298
3477	0.00010284865
3478	0.00010333111
3479	0.00010399197
3480	0.00010402127
3481	0.00010391491
3482	0.00010500238
3483	0.00010570983
3484	0.00010521682
3485	0.00010581959
3486	0.00010672698
3487	0.0001053344
3488	0.0001052809
3489	0.00010477438
3490	0.00010561119
3491	0.00010745998
3492	0.00010742789
3493	0.0001081856
3494	0.00010916001
3495	0.00011066639
3496	0.00011231367
3497	0.00011327684
3498	0.00011184542
3499	0.00011116791
3500	0.00011056766
3501	0.00011069201
3502	0.0001102063
3503	0.00010878168
3504	0.00010848941
3505	0.00010752322
3506	0.00010878913
3507	0.00010855832
3508	0.00010817602
3509	0.00010906991
3510	0.00010945948
3511	0.00010921586
3512	0.00010802708
3513	0.00010667241
3514	0.000106023
3515	0.00010507736
3516	0.000104329
3517	0.00010223443
3518	0.00010144713
3519	0.000101748
3520	0.00010249881
3521	0.00010201189
3522	0.00010233141
3523	0.0001031996
3524	0.00010331883
3525	0.00010346016
3526	0.00010347154
3527	0.00010451853
3528	0.00010358788
3529	0.00010348007
3530	0.00010314569
3531	0.0001038229
3532	0.00010610358
3533	0.00010519251
3534	0.00010655285
3535	0.00010735106
3536	0.00010903988
3537	0.00011046616
3538	0.00011074991
3539	0.00010992551
3540	0.00010854413
3541	0.00010881594
3542	0.00010853938
3543	0.00010781019
3544	0.00010698601
3545	0.0001061352
3546	0.00010601004
3547	0.00010670607
3548	0.00010667414
3549	0.00010648901
3550	0.00010734173
3551	0.00010750536
3552	0.00010696792
3553	0.0001061481
3554	0.00010403444
3555	0.0001041527
3556	0.00010290785
3557	0.00010187497
3558	9.9887138e-05
3559	9.9325973e-05
3560	0.00010014825
3561	0.0001005098
3562	0.00010021138
3563	0.00010090093
3564	0.00010165783
3565	0.00010170952
3566	0.00010143894
3567	0.0001020539
3568	0.00010222283
3569	0.00010170598
3570	0.00010155805
3571	0.00010150528
3572	0.00010284574
3573	0.0001043918
3574	0.00010441458
3575	0.00010500299
3576	0.00010593747
3577	0.00010797128
3578	0.00010878286
3579	0.00010921258
3580	0.00010799435
3581	0.00010724582
3582	0.00010667242
3583	0.00010680317
3584	0.00010602
3585	0.00010492835
3586	0.00010449382
3587	0.00010461502
3588	0.00010551333
3589	0.00010522722
3590	0.0001054982
3591	0.00010645406
3592	0.00010586014
3593	0.00010606234
3594	0.00010446425
3595	0.00010266058
3596	0.00010279866
3597	0.00010174389
3598	0.0001004379
3599	9.8092351e-05
3600	9.8677502e-05
3601	9.8859815e-05
3602	9.9463771e-05
3603	9.8886971e-05
3604	9.9826683e-05
3605	0.00010070288
3606	0.00010039083
3607	0.00010066659
3608	0.00010094983
3609	0.00010098553
3610	0.0001006312
3611	0.00010008056
3612	0.00010049893
3613	0.00010161508
3614	0.00010322894
3615	0.00010295513
3616	0.0001041346
3617	0.00010508835
3618	0.00010683593
3619	0.0001079068
3620	0.00010753733
3621	0.00010668625
3622	0.00010566864
3623	0.00010549599
3624	0.00010558629
3625	0.00010421205
3626	0.00010357231
3627	0.00010231101
3628	0.00010364277
3629	0.0001038451
3630	0.00010356261
3631	0.00010439328
3632	0.00010510111
3633	0.00010477829
3634	0.00010408221
3635	0.00010275165
3636	0.00010124655
3637	0.00010106526
3638	0.0001003809
3639	9.8657476e-05
3640	9.7035639e-05
3641	9.7069689e-05
3642	9.7785625e-05
3643	9.8002589e-05
3644	9.7622984e-05
3645	9.8765564e-05
3646	9.9059389e-05
3647	9.9153407e-05
3648	9.9012199e-05
3649	0.0001002219
3650	9.8934319e-05
3651	9.8978929e-05
3652	9.888001e-05
3653	9.9058264e-05
3654	0.00010093253
3655	0.0001013458
3656	0.00010181623
3657	0.000102693
3658	0.00010385042
3659	0.00010572379
3660	0.00010685418
3661	0.00010598167
3662	0.00010468491
3663	0.00010427542
3664	0.00010416717
3665	0.00010418577
3666	0.00010274328
3667	0.00010208529
3668	0.00010130209
3669	0.0001024298
3670	0.00010246757
3671	0.00010235858
3672	0.0001032233
3673	0.00010410992
3674	0.00010341035
3675	0.00010308874
3676	0.00010144879
3677	0.00010042429
3678	9.9913778e-05
3679	9.8991547e-05
3680	9.7483556e-05
3681	9.5976497e-05
3682	9.648076e-05
3683	9.6921999e-05
3684	9.7107336e-05
3685	9.7144268e-05
3686	9.7985631e-05
3687	9.8492089e-05
3688	9.7999925e-05
3689	9.8342314e-05
3690	9.9222759e-05
3691	9.7823491e-05
3692	9.7990457e-05
3693	9.7323795e-05
3694	9.8463498e-05
3695	0.00010049882
3696	0.00010028915
3697	0.00010092529
3698	0.000102175
3699	0.00010356447
3700	0.00010486837
3701	0.00010622311
3702	0.00010455835
3703	0.00010381235
3704	0.0001032862
3705	0.00010343181
3706	0.00010296825
3707	0.00010140042
3708	0.00010154217
3709	0.00010043751
3710	0.00010190762
3711	0.00010164006
3712	0.00010136223
3713	0.00010246316
3714	0.00010270696
3715	0.00010278459
3716	0.00010144385
3717	9.9669154e-05
3718	9.9675039e-05
3719	9.8364054e-05
3720	9.731952e-05
3721	9.5469664e-05
3722	9.5092421e-05
3723	9.5106365e-05
3724	9.6014324e-05
3725	9.543816e-05
3726	9.5931441e-05
3727	9.6684053e-05
3728	9.6789262e-05
3729	9.687316e-05
3730	9.6868505e-05
3731	9.7788316e-05
3732	9.66252e-05
3733	9.6616285e-05
3734	9.6516566e-05
3735	9.7315505e-05
3736	9.9593083e-05
3737	9.8683437e-05
3738	0.00010013714
3739	0.00010083866
3740	0.00010247026
3741	0.00010384754
3742	0.00010444596
3743	0.00010345697
3744	0.00010193029
3745	0.00010190441
3746	0.00010194336
3747	0.00010127208
3748	0.00010021963
3749	9.9560952e-05
3750	9.9685166e-05
3751	0.00010031924
3752	0.00010011197
3753	0.00010038935
3754	0.00010131989
3755	0.00010135822
3756	0.00010111945
3757	9.9942493e-05
3758	9.7554151e-05
3759	9.779166e-05
3760	9.6665671e-05
3761	9.5051107e-05
3762	9.3580595e-05
3763	9.3170797e-05
3764	9.3664613e-05
3765	9.4262737e-05
3766	9.3974779e-05
3767	9.4743388e-05
3768	9.5314818e-05
3769	9.5606315e-05
3770	9.5234728e-05
3771	9.5690149e-05
3772	9.5613969e-05
3773	9.5475154e-05
3774	9.51444e-05
3775	9.5046518e-05
3776	9.6619032e-05
3777	9.8170815e-05
3778	9.8123389e-05
3779	9.8778026e-05
3780	9.9931939e-05
3781	0.000101632
3782	0.00010283668
3783	0.00010339536
3784	0.00010174234
3785	0.00010135502
3786	0.00010041511
3787	0.00010080224
3788	9.9517634e-05
3789	9.8845417e-05
3790	9.8169572e-05
3791	9.8328868e-05
3792	9.9175876e-05
3793	9.8906125e-05
3794	9.9686074e-05
3795	0.00010048968
3796	0.00010006961
3797	0.00010002861
3798	9.7751008e-05
3799	9.6512777e-05
3800	9.6151899e-05
3801	9.5175041e-05
3802	9.3765252e-05
3803	9.1772572e-05
3804	9.2026873e-05
3805	9.2234169e-05
3806	9.3282158e-05
3807	9.2311155e-05
3808	9.369993e-05
3809	9.4124706e-05
3810	9.4056754e-05
3811	9.3889609e-05
3812	9.4263472e-05
3813	9.4114777e-05
3814	9.3522293e-05
3815	9.3561627e-05
3816	9.367466e-05
3817	9.5415502e-05
3818	9.6896729e-05
3819	9.661368e-05
3820	9.7782444e-05
3821	9.8378869e-05
3822	0.00010048529
3823	0.0001015985
3824	0.00010115338
3825	0.0001001008
3826	9.9157278e-05
3827	9.905595e-05
3828	9.9193758e-05
3829	9.7938156e-05
3830	9.7054466e-05
3831	9.5999159e-05
3832	9.7364453e-05
3833	9.719111e-05
3834	9.7274091e-05
3835	9.8059251e-05
3836	9.9220041e-05
3837	9.8537141e-05
3838	9.8120913e-05
3839	9.5834859e-05
3840	9.4760176e-05
3841	9.4613421e-05
3842	9.3033433e-05
3843	9.1925798e-05
3844	9.0123718e-05
3845	9.0282783e-05
3846	9.0856819e-05
3847	9.1208502e-05
3848	9.1172792e-05
3849	9.1765713e-05
3850	9.2480671e-05
3851	9.2184245e-05
3852	9.2219177e-05
3853	9.3001575e-05
3854	9.1574078e-05
3855	9.1882496e-05
3856	9.129559e-05
3857	9.192692e-05
3858	9.3796007e-05
3859	9.4510963e-05
3860	9.4830692e-05
3861	9.5747421e-05
3862	9.6599604e-05
3863	9.8491652e-05
3864	9.9897917e-05
3865	9.8631949e-05
3866	9.7463668e-05
3867	9.7055131e-05
3868	9.7287928e-05
3869	9.7019859e-05
3870	9.5816766e-05
3871	9.5364211e-05
3872	9.4705994e-05
3873	9.5689281e-05
3874	9.5946028e-05
3875	9.5674543e-05
3876	9.6805151e-05
3877	9.7575966e-05
3878	9.7015504e-05
3879	9.6382033e-05
3880	9.3948539e-05
3881	9.3798533e-05
3882	9.2472578e-05
3883	9.1617787e-05
3884	9.0254216e-05
3885	8.8765505e-05
3886	8.918749e-05
3887	8.9732104e-05
3888	8.9857932e-05
3889	8.9530536e-05
3890	9.0439373e-05
3891	9.062416e-05
3892	9.0451261e-05
3893	9.0678797e-05
3894	9.136723e-05
3895	9.0568591e-05
3896	9.0171087e-05
3897	9.0140738e-05
3898	9.0696687e-05
3899	9.2976641e-05
3900	9.2793217e-05
3901	9.3115756e-05
3902	9.4202579e-05
3903	9.5107034e-05
3904	9.7299486e-05
3905	9.7914266e-05
3906	9.6520916e-05
3907	9.5775899e-05
3908	9.4787799e-05
3909	9.5465862e-05
3910	9.4264147e-05
3911	9.3581124e-05
3912	9.3095427e-05
3913	9.2762604e-05
3914	9.4008321e-05
3915	9.3303189e-05
3916	9.3914972e-05
3917	9.4421658e-05
3918	9.507464e-05
3919	9.4888221e-05
3920	9.3615203e-05
3921	9.1599972e-05
3922	9.1668967e-05
3923	9.0624508e-05
3924	8.8899888e-05
3925	8.7705571e-05
3926	8.6960686e-05
3927	8.7638631e-05
3928	8.8275295e-05
3929	8.7708286e-05
3930	8.849163e-05
3931	8.8642888e-05
3932	8.9054156e-05
3933	8.8671169e-05
3934	8.8800537e-05
3935	8.9046701e-05
3936	8.8443267e-05
3937	8.8438504e-05
3938	8.8097177e-05
3939	8.9551468e-05
3940	9.1403126e-05
3941	9.0890912e-05
3942	9.1705834e-05
3943	9.2195117e-05
3944	9.3930611e-05
3945	9.5200837e-05
3946	9.5899044e-05
3947	9.4369336e-05
3948	9.3645197e-05
3949	9.2821736e-05
3950	9.3170637e-05
3951	9.2177856e-05
3952	9.1339358e-05
3953	9.0684228e-05
3954	9.0861959e-05
3955	9.1617859e-05
3956	9.1473544e-05
3957	9.1860106e-05
3958	9.2929938e-05
3959	9.2610283e-05
3960	9.2552439e-05
3961	9.0626106e-05
3962	8.907471e-05
3963	8.9194059e-05
3964	8.777229e-05
3965	8.6862276e-05
3966	8.502759e-05
3967	8.4761014e-05
3968	8.5597847e-05
3969	8.6189764e-05
3970	8.579483e-05
3971	8.6423035e-05
3972	8.7113172e-05
3973	8.715111e-05
3974	8.6874125e-05
3975	8.7418461e-05
3976	8.7278733e-05
3977	8.7304675e-05
3978	8.6838777e-05
3979	8.709416e-05
3980	8.822896e-05
3981	9.021249e-05
3982	9.0101444e-05
3983	9.0521956e-05
3984	9.1469419e-05
3985	9.3257848e-05
3986	9.4804241e-05
3987	9.4178943e-05
3988	9.3179476e-05
3989	9.2495057e-05
3990	9.1534368e-05
3991	9.1995583e-05
3992	9.0474949e-05
3993	8.9990932e-05
3994	8.8779634e-05
3995	8.9815919e-05
3996	9.0235335e-05
3997	8.990739e-05
3998	9.1148147e-05
3999	9.1619107e-05
4000	9.1398013e-05
4001	9.0937721e-05
4002	8.8626249e-05
4003	8.7783124e-05
4004	8.7199202e-05
4005	8.6409888e-05
4006	8.4739361e-05
4007	8.3232241e-05
4008	8.3206091e-05
4009	8.4057862e-05
4010	8.4607596e-05
4011	8.410413e-05
4012	8.5380648e-05
4013	8.5305614e-05
4014	8.574356e-05
4015	8.5223249e-05
4016	8.6436316e-05
4017	8.5514299e-05
4018	8.5408956e-05
4019	8.5300922e-05
4020	8.5180974e-05
4021	8.7352852e-05
4022	8.8312679e-05
4023	8.8465312e-05
4024	8.9220467e-05
4025	8.9971125e-05
4026	9.2222749e-05
4027	9.3014527e-05
4028	9.2412133e-05
4029	9.1075162e-05
4030	9.0553406e-05
4031	9.0467311e-05
4032	9.0260926e-05
4033	8.9031897e-05
4034	8.814875e-05
4035	8.7837236e-05
4036	8.8728399e-05
4037	8.9316476e-05
4038	8.8995546e-05
4039	9.0045139e-05
4040	9.1004812e-05
4041	9.0048418e-05
4042	8.9776531e-05
4043	8.704841e-05
4044	8.6906053e-05
4045	8.5789831e-05
4046	8.4724454e-05
4047	8.3592614e-05
4048	8.1734336e-05
4049	8.2467738e-05
4050	8.3039988e-05
4051	8.3378304e-05
4052	8.2910831e-05
4053	8.3987293e-05
4054	8.4268138e-05
4055	8.40368e-05
4056	8.4423917e-05
4057	8.5512003e-05
4058	8.453041e-05
4059	8.4409042e-05
4060	8.4164709e-05
4061	8.4630032e-05
4062	8.6817266e-05
4063	8.7087986e-05
4064	8.7579555e-05
4065	8.8104949e-05
4066	8.9461138e-05
4067	9.1576681e-05
4068	9.2344708e-05
4069	9.0973037e-05
4070	9.0130494e-05
4071	8.9680264e-05
4072	8.9817586e-05
4073	8.9279331e-05
4074	8.7995741e-05
4075	8.7707191e-05
4076	8.7193992e-05
4077	8.8327904e-05
4078	8.812261e-05
4079	8.8129062e-05
4080	8.9365916e-05
4081	8.930143e-05
4082	8.9449995e-05
4083	8.8074432e-05
4084	8.5877151e-05
4085	8.6194976e-05
4086	8.4625245e-05
4087	8.3807413e-05
4088	8.1828758e-05
4089	8.1319589e-05
4090	8.1911912e-05
4091	8.2548476e-05
4092	8.245656e-05
4093	8.2591447e-05
4094	8.3604757e-05
4095	8.3634953e-05
4096	8.4041699e-05
4097	8.3901963e-05
4098	8.4597121e-05
4099	8.4276654e-05
4100	8.4024022e-05
4101	8.4319373e-05
4102	8.4918421e-05
4103	8.7796837e-05
4104	8.671416e-05
4105	8.7867033e-05
4106	8.8421516e-05
4107	9.0052268e-05
4108	9.2040492e-05
4109	9.1918425e-05
4110	9.1208756e-05
4111	9.0046649e-05
4112	8.939295e-05
4113	8.9725931e-05
4114	8.8500619e-05
4115	8.8100287e-05
4116	8.6840203e-05
4117	8.7208105e-05
4118	8.7943102e-05
4119	8.7856856e-05
4120	8.8334692e-05
4121	8.9093483e-05
4122	8.9196267e-05
4123	8.8690541e-05
4124	8.7012141e-05
4125	8.5153787e-05
4126	8.5301873e-05
4127	8.410428e-05
4128	8.2874881e-05
4129	8.1200202e-05
4130	8.0492972e-05
4131	8.1672114e-05
4132	8.2006617e-05
4133	8.1544457e-05
4134	8.2453086e-05
4135	8.307756e-05
4136	8.34448e-05
4137	8.28831e-05
4138	8.377729e-05
4139	8.3649769e-05
4140	8.3556487e-05
4141	8.3410179e-05
4142	8.3437858e-05
4143	8.4905853e-05
4144	8.6664553e-05
4145	8.6553137e-05
4146	8.7066203e-05
4147	8.794433e-05
4148	9.0182975e-05
4149	9.1381658e-05
4150	9.1307109e-05
4151	9.0086191e-05
4152	8.9684351e-05
4153	8.8528483e-05
4154	8.9025975e-05
4155	8.7775987e-05
4156	8.6930313e-05
4157	8.5835691e-05
4158	8.6955564e-05
4159	8.7529338e-05
4160	8.737946e-05
4161	8.834693e-05
4162	8.9409615e-05
4163	8.8720794e-05
4164	8.8573756e-05
4165	8.6120626e-05
4166	8.501382e-05
4167	8.4893853e-05
4168	8.3738915e-05
4169	8.2767259e-05
4170	8.060908e-05
4171	8.1074122e-05
4172	8.1710161e-05
4173	8.2209558e-05
4174	8.1896781e-05
4175	8.2948744e-05
4176	8.3562221e-05
4177	8.3600214e-05
4178	8.3642173e-05
4179	8.4544893e-05
4180	8.3864361e-05
4181	8.3894045e-05
4182	8.3565177e-05
4183	8.3998592e-05
4184	8.5443644e-05
4185	8.7171836e-05
4186	8.6917069e-05
4187	8.7775351e-05
4188	8.8867805e-05
4189	9.0795174e-05
4190	9.2456037e-05
4191	9.1157456e-05
4192	9.0235534e-05
4193	8.9445513e-05
4194	8.9066838e-05
4195	8.9247915e-05
4196	8.7411339e-05
4197	8.7045137e-05
4198	8.5909822e-05
4199	8.7283977e-05
4200	8.7475484e-05
4201	8.7341612e-05
4202	8.8399458e-05
4203	8.908827e-05
4204	8.8612625e-05
4205	8.7791907e-05
4206	8.5516807e-05
4207	8.4684888e-05
4208	8.4012791e-05
4209	8.3093762e-05
4210	8.157353e-05
4211	8.0253553e-05
4212	8.0400993e-05
4213	8.1680373e-05
4214	8.152403e-05
4215	8.1443806e-05
4216	8.2449138e-05
4217	8.2670222e-05
4218	8.2988322e-05
4219	8.2775223e-05
4220	8.4599168e-05
4221	8.3052277e-05
4222	8.3457616e-05
4223	8.3041973e-05
4224	8.3447167e-05
4225	8.6269374e-05
4226	8.6289043e-05
4227	8.7124281e-05
4228	8.737887e-05
4229	8.9189807e-05
4230	9.1158489e-05
4231	9.1888573e-05
4232	9.0964857e-05
4233	8.9585031e-05
4234	8.9458733e-05
4235	8.9103814e-05
4236	8.8667565e-05
4237	8.7420442e-05
4238	8.6837911e-05
4239	8.6459781e-05
4240	8.7351045e-05
4241	8.7607384e-05
4242	8.7286897e-05
4243	8.8445776e-05
4244	8.8721973e-05
4245	8.8363187e-05
4246	8.737677e-05
4247	8.4539212e-05
4248	8.4833364e-05
4249	8.3296339e-05
4250	8.2471347e-05
4251	8.0566368e-05
4252	7.9778768e-05
4253	8.0701495e-05
4254	8.1174672e-05
4255	8.0851819e-05
4256	8.1223665e-05
4257	8.2249284e-05
4258	8.2227701e-05
4259	8.2195289e-05
4260	8.2484512e-05
4261	8.2938998e-05
4262	8.2369487e-05
4263	8.2408767e-05
4264	8.2267642e-05
4265	8.3535081e-05
4266	8.5935657e-05
4267	8.5271843e-05
4268	8.6109435e-05
4269	8.6875233e-05
4270	8.8819105e-05
4271	9.030278e-05
4272	9.106689e-05
4273	8.9797782e-05
4274	8.8877732e-05
4275	8.7867848e-05
4276	8.8244715e-05
4277	8.7136342e-05
4278	8.6267238e-05
4279	8.5770103e-05
4280	8.5405404e-05
4281	8.6779433e-05
4282	8.6183692e-05
4283	8.6760754e-05
4284	8.7599517e-05
4285	8.7371621e-05
4286	8.7485308e-05
4287	8.51837e-05
4288	8.3624202e-05
4289	8.3406803e-05
4290	8.2324782e-05
4291	8.1271417e-05
4292	7.9074858e-05
4293	7.9222755e-05
4294	7.9399563e-05
4295	8.0643233e-05
4296	7.9705724e-05
4297	8.0818462e-05
4298	8.1431998e-05
4299	8.1580912e-05
4300	8.1715781e-05
4301	8.1935428e-05
4302	8.2467381e-05
4303	8.1902074e-05
4304	8.2174472e-05
4305	8.1997117e-05
4306	8.3303068e-05
4307	8.5562561e-05
4308	8.4798661e-05
4309	8.5883958e-05
4310	8.6402845e-05
4311	8.888968e-05
4312	9.0058326e-05
4313	8.9884079e-05
4314	8.8998432e-05
4315	8.7896273e-05
4316	8.7153982e-05
4317	8.7286621e-05
4318	8.6189417e-05
4319	8.5491486e-05
4320	8.4180294e-05
4321	8.5204033e-05
4322	8.5340075e-05
4323	8.5529425e-05
4324	8.5992716e-05
4325	8.7006408e-05
4326	8.634565e-05
4327	8.5929183e-05
4328	8.3856457e-05
4329	8.1879163e-05
4330	8.2145676e-05
4331	8.0912256e-05
4332	7.9713038e-05
4333	7.7518458e-05
4334	7.7775644e-05
4335	7.8631685e-05
4336	7.8590189e-05
4337	7.8381381e-05
4338	7.9233016e-05
4339	7.9839103e-05
4340	7.9909688e-05
4341	7.9704512e-05
4342	8.086564e-05
4343	8.0088311e-05
4344	8.0408671e-05
4345	7.9929784e-05
4346	8.0225606e-05
4347	8.1886429e-05
4348	8.3375844e-05
4349	8.310054e-05
4350	8.3843842e-05
4351	8.5216516e-05
4352	8.705723e-05
4353	8.8375641e-05
4354	8.7887252e-05
4355	8.6677943e-05
4356	8.6014194e-05
4357	8.5428998e-05
4358	8.5588483e-05
4359	8.4118703e-05
4360	8.328982e-05
4361	8.2535809e-05
4362	8.3564453e-05
4363	8.411809e-05
4364	8.3819386e-05
4365	8.4611548e-05
4366	8.5748601e-05
4367	8.4876115e-05
4368	8.453659e-05
4369	8.2078059e-05
4370	8.1371068e-05
4371	8.080886e-05
4372	7.9681643e-05
4373	7.833718e-05
4374	7.6562533e-05
4375	7.6966538e-05
4376	7.7660092e-05
4377	7.7861081e-05
4378	7.7529875e-05
4379	7.8726532e-05
4380	7.8980439e-05
4381	7.9007408e-05
4382	7.9479815e-05
4383	8.071052e-05
4384	7.9617354e-05
4385	7.9566989e-05
4386	7.9355766e-05
4387	7.973306e-05
4388	8.1674495e-05
4389	8.25635e-05
4390	8.249853e-05
4391	8.3715468e-05
4392	8.4740816e-05
4393	8.6873721e-05
4394	8.7941936e-05
4395	8.6820916e-05
4396	8.5961187e-05
4397	8.5044745e-05
4398	8.5327061e-05
4399	8.4518412e-05
4400	8.3470735e-05
4401	8.2741106e-05
4402	8.2159982e-05
4403	8.3392592e-05
4404	8.3108151e-05
4405	8.3248331e-05
4406	8.3872714e-05
4407	8.502794e-05
4408	8.4146029e-05
4409	8.3461882e-05
4410	8.1023738e-05
4411	8.0244781e-05
4412	7.9614421e-05
4413	7.8146845e-05
4414	7.6742936e-05
4415	7.5447452e-05
4416	7.610574e-05
4417	7.6668198e-05
4418	7.6111216e-05
4419	7.6560444e-05
4420	7.7097005e-05
4421	7.7763578e-05
4422	7.7485147e-05
4423	7.7975578e-05
4424	7.8644169e-05
4425	7.7582853e-05
4426	7.7877545e-05
4427	7.6970579e-05
4428	7.8491961e-05
4429	8.0627277e-05
4430	8.0167095e-05
4431	8.0777541e-05
4432	8.1708557e-05
4433	8.3816526e-05
4434	8.4930555e-05
4435	8.6339184e-05
4436	8.4849892e-05
4437	8.3939755e-05
4438	8.323471e-05
4439	8.3213268e-05
4440	8.2585044e-05
4441	8.1404902e-05
4442	8.1179816e-05
4443	8.071945e-05
4444	8.2135976e-05
4445	8.1843994e-05
4446	8.2007948e-05
4447	8.3105095e-05
4448	8.3137094e-05
4449	8.3248318e-05
4450	8.1300046e-05
4451	7.9174103e-05
4452	7.9469239e-05
4453	7.8140886e-05
4454	7.6945351e-05
4455	7.4826554e-05
4456	7.459845e-05
4457	7.5247888e-05
4458	7.5566804e-05
4459	7.5273594e-05
4460	7.5864047e-05
4461	7.6938166e-05
4462	7.6837563e-05
4463	7.7026931e-05
4464	7.7458703e-05
4465	7.7605201e-05
4466	7.7353295e-05
4467	7.7026527e-05
4468	7.7238303e-05
4469	7.8232938e-05
4470	8.0534686e-05
4471	7.9685415e-05
4472	8.0726558e-05
4473	8.1674858e-05
4474	8.3471745e-05
4475	8.5131336e-05
4476	8.5221748e-05
4477	8.4553577e-05
4478	8.3235947e-05
4479	8.2363799e-05
4480	8.2849372e-05
4481	8.1439203e-05
4482	8.1085408e-05
4483	7.9788556e-05
4484	8.0664419e-05
4485	8.1437359e-05
4486	8.1261402e-05
4487	8.2015119e-05
4488	8.2724707e-05
4489	8.2592384e-05
4490	8.2150282e-05
4491	8.0252658e-05
4492	7.8395844e-05
4493	7.8420094e-05
4494	7.7488325e-05
4495	7.5750978e-05
4496	7.4064991e-05
4497	7.378623e-05
4498	7.4791135e-05
4499	7.5009888e-05
4500	7.4532405e-05
4501	7.564972e-05
4502	7.5785306e-05
4503	7.6231577e-05
4504	7.5678697e-05
4505	7.6855635e-05
4506	7.6355234e-05
4507	7.6305695e-05
4508	7.615739e-05
4509	7.573803e-05
4510	7.7753344e-05
4511	7.90887e-05
4512	7.9030917e-05
4513	7.9864141e-05
4514	8.1079032e-05
4515	8.3113217e-05
4516	8.3930146e-05
4517	8.4104168e-05
4518	8.2574975e-05
4519	8.204595e-05
4520	8.1360769e-05
4521	8.1590544e-05
4522	8.0249998e-05
4523	7.9238419e-05
4524	7.8825449e-05
4525	7.9604749e-05
4526	8.0447663e-05
4527	8.0287711e-05
4528	8.1271436e-05
4529	8.2485852e-05
4530	8.1416911e-05
4531	8.1536635e-05
4532	7.8664917e-05
4533	7.8012233e-05
4534	7.7700368e-05
4535	7.6502014e-05
4536	7.527733e-05
4537	7.3184707e-05
4538	7.3839804e-05
4539	7.4196104e-05
4540	7.4827272e-05
4541	7.4273227e-05
4542	7.5483216e-05
4543	7.5902041e-05
4544	7.5782826e-05
4545	7.5893192e-05
4546	7.6864685e-05
4547	7.5947617e-05
4548	7.572325e-05
4549	7.5584629e-05
4550	7.5878505e-05
4551	7.7723901e-05
4552	7.8786199e-05
4553	7.8695871e-05
4554	7.99522e-05
4555	8.1006678e-05
4556	8.2994721e-05
4557	8.4298273e-05
4558	8.3329048e-05
4559	8.1958195e-05
4560	8.1419975e-05
4561	8.1049527e-05
4562	8.1129999e-05
4563	7.9757438e-05
4564	7.9067654e-05
4565	7.8612389e-05
4566	7.97343e-05
4567	8.0247758e-05
4568	7.9920363e-05
4569	8.0979632e-05
4570	8.1981973e-05
4571	8.1311714e-05
4572	8.0638274e-05
4573	7.7991256e-05
4574	7.7618278e-05
4575	7.6805086e-05
4576	7.5863512e-05
4577	7.4313722e-05
4578	7.3088437e-05
4579	7.3381118e-05
4580	7.398253e-05
4581	7.3897343e-05
4582	7.3649731e-05
4583	7.4887328e-05
4584	7.4752821e-05
4585	7.5196864e-05
4586	7.5298677e-05
4587	7.6396113e-05
4588	7.5375964e-05
4589	7.5166698e-05
4590	7.5040928e-05
4591	7.5358379e-05
4592	7.8099098e-05
4593	7.7437883e-05
4594	7.8182989e-05
4595	7.9290346e-05
4596	8.054636e-05
4597	8.2580903e-05
4598	8.3206966e-05
4599	8.2464636e-05
4600	8.0561142e-05
4601	8.0509743e-05
4602	8.0685539e-05
4603	7.9686925e-05
4604	7.9026834e-05
4605	7.8305709e-05
4606	7.8391185e-05
4607	7.9193179e-05
4608	7.9332133e-05
4609	7.9385629e-05
4610	8.0129536e-05
4611	8.0818577e-05
4612	8.0301727e-05
4613	7.9300526e-05
4614	7.6592784e-05
4615	7.7276554e-05
4616	7.5971444e-05
4617	7.466086e-05
4618	7.3431758e-05
4619	7.2457713e-05
4620	7.3406566e-05
4621	7.3530554e-05
4622	7.3557684e-05
4623	7.3779404e-05
4624	7.466802e-05
4625	7.48112e-05
4626	7.4267724e-05
4627	7.5002273e-05
4628	7.4997411e-05
4629	7.4752355e-05
4630	7.4594682e-05
4631	7.4538932e-05
4632	7.5781233e-05
4633	7.7507987e-05
4634	7.7021511e-05
4635	7.7682835e-05
4636	7.8620189e-05
4637	8.0371564e-05
4638	8.1873856e-05
4639	8.2334768e-05
4640	8.0839385e-05
4641	7.9879112e-05
4642	7.886466e-05
4643	7.939784e-05
4644	7.8395079e-05
4645	7.7682486e-05
4646	7.7016474e-05
4647	7.7091695e-05
4648	7.8243717e-05
4649	7.7888217e-05
4650	7.8463409e-05
4651	7.9376373e-05
4652	7.9120409e-05
4653	7.8935744e-05
4654	7.670017e-05
4655	7.5078948e-05
4656	7.5328361e-05
4657	7.4122369e-05
4658	7.2991793e-05
4659	7.0982066e-05
4660	7.0863212e-05
4661	7.1408452e-05
4662	7.1766846e-05
4663	7.1390298e-05
4664	7.2138775e-05
4665	7.2926421e-05
4666	7.2994902e-05
4667	7.2927677e-05
4668	7.3444648e-05
4669	7.3305055e-05
4670	7.3154178e-05
4671	7.2956105e-05
4672	7.2897946e-05
4673	7.4228234e-05
4674	7.6164118e-05
4675	7.5536887e-05
4676	7.6521986e-05
4677	7.7368708e-05
4678	7.9203548e-05
4679	8.0728034e-05
4680	8.0524018e-05
4681	7.9347837e-05
4682	7.8326196e-05
4683	7.7495829e-05
4684	7.8069884e-05
4685	7.640737e-05
4686	7.6238607e-05
4687	7.493478e-05
4688	7.6142344e-05
4689	7.6687828e-05
4690	7.6549127e-05
4691	7.7501498e-05
4692	7.8158536e-05
4693	7.7958861e-05
4694	7.7120531e-05
4695	7.4906756e-05
4696	7.3931557e-05
4697	7.3784726e-05
4698	7.2601068e-05
4699	7.1189711e-05
4700	6.9847478e-05
4701	6.9480727e-05
4702	7.0532709e-05
4703	7.0723351e-05
4704	7.0363791e-05
4705	7.1451873e-05
4706	7.1727155e-05
4707	7.2281887e-05
4708	7.1625794e-05
4709	7.3275072e-05
4710	7.2193742e-05
4711	7.21708e-05
4712	7.2114862e-05
4713	7.2029818e-05
4714	7.39473e-05
4715	7.4700145e-05
4716	7.5103503e-05
4717	7.575252e-05
4718	7.6784128e-05
4719	7.8899841e-05
4720	8.0034591e-05
4721	7.9472596e-05
4722	7.7589476e-05
4723	7.729252e-05
4724	7.6610186e-05
4725	7.6871726e-05
4726	7.5287168e-05
4727	7.444482e-05
4728	7.4121621e-05
4729	7.4859488e-05
4730	7.5647069e-05
4731	7.5110748e-05
4732	7.6322625e-05
4733	7.7363459e-05
4734	7.6369632e-05
4735	7.6085069e-05
4736	7.3187039e-05
4737	7.3062837e-05
4738	7.2165263e-05
4739	7.1144367e-05
4740	6.9908422e-05
4741	6.825554e-05
4742	6.8512135e-05
4743	6.9021573e-05
4744	6.9298567e-05
4745	6.8876751e-05
4746	7.0006589e-05
4747	7.0266448e-05
4748	7.0383201e-05
4749	7.0733493e-05
4750	7.179144e-05
4751	7.0578405e-05
4752	7.0579867e-05
4753	7.0193585e-05
4754	7.0535613e-05
4755	7.2725639e-05
4756	7.3110541e-05
4757	7.3366593e-05
4758	7.4224573e-05
4759	7.5614466e-05
4760	7.7507589e-05
4761	7.8805616e-05
4762	7.7331381e-05
4763	7.6079555e-05
4764	7.555345e-05
4765	7.5576306e-05
4766	7.5147041e-05
4767	7.3683173e-05
4768	7.3622358e-05
4769	7.2943898e-05
4770	7.4012757e-05
4771	7.4079006e-05
4772	7.3959903e-05
4773	7.5035743e-05
4774	7.5651864e-05
4775	7.5500515e-05
4776	7.4167701e-05
4777	7.1892998e-05
4778	7.2028507e-05
4779	7.074006e-05
4780	6.9733778e-05
4781	6.8003152e-05
4782	6.7356787e-05
4783	6.7372774e-05
4784	6.8286204e-05
4785	6.7767532e-05
4786	6.8035316e-05
4787	6.9205684e-05
4788	6.9210829e-05
4789	6.9566873e-05
4790	6.9444853e-05
4791	7.0414602e-05
4792	6.9645438e-05
4793	6.9690264e-05
4794	6.9688995e-05
4795	7.0372317e-05
4796	7.2909251e-05
4797	7.1862372e-05
4798	7.3235746e-05
4799	7.3736661e-05
4800	7.5682074e-05
4801	7.7402255e-05
4802	7.7850124e-05
4803	7.6902035e-05
4804	7.5177433e-05
4805	7.484815e-05
4806	7.5028973e-05
4807	7.4165973e-05
4808	7.364841e-05
4809	7.2521526e-05
4810	7.2984146e-05
4811	7.361909e-05
4812	7.3558635e-05
4813	7.3948869e-05
4814	7.4833283e-05
4815	7.4981872e-05
4816	7.420865e-05
4817	7.2751181e-05
4818	7.0586727e-05
4819	7.1038784e-05
4820	6.9617965e-05
4821	6.8565845e-05
4822	6.6803543e-05
4823	6.5898516e-05
4824	6.6855119e-05
4825	6.6870267e-05
4826	6.6881977e-05
4827	6.7496943e-05
4828	6.8449977e-05
4829	6.8726274e-05
4830	6.8529216e-05
4831	6.9344496e-05
4832	6.8897777e-05
4833	6.9098015e-05
4834	6.884901e-05
4835	6.8680538e-05
4836	6.9985651e-05
4837	7.1816707e-05
4838	7.1632536e-05
4839	7.2214662e-05
4840	7.3281555e-05
4841	7.5401006e-05
4842	7.682383e-05
4843	7.6823948e-05
4844	7.542792e-05
4845	7.4676168e-05
4846	7.3515939e-05
4847	7.4147058e-05
4848	7.2712133e-05
4849	7.2247258e-05
4850	7.1415123e-05
4851	7.1921413e-05
4852	7.2765707e-05
4853	7.2704259e-05
4854	7.3612098e-05
4855	7.4508953e-05
4856	7.4012362e-05
4857	7.3818405e-05
4858	7.1246912e-05
4859	7.0171027e-05
4860	6.9989772e-05
4861	6.8612592e-05
4862	6.7673054e-05
4863	6.5447164e-05
4864	6.5561493e-05
4865	6.6079218e-05
4866	6.6827923e-05
4867	6.6234816e-05
4868	6.7389598e-05
4869	6.8296378e-05
4870	6.8457798e-05
4871	6.8288256e-05
4872	6.9235548e-05
4873	6.892686e-05
4874	6.8611179e-05
4875	6.8615974e-05
4876	6.8652778e-05
4877	7.0153541e-05
4878	7.2017026e-05
4879	7.1933414e-05
4880	7.293141e-05
4881	7.3818579e-05
4882	7.6104535e-05
4883	7.7445275e-05
4884	7.6467755e-05
4885	7.5611522e-05
4886	7.4436966e-05
4887	7.4151991e-05
4888	7.4129407e-05
4889	7.2916365e-05
4890	7.239748e-05
4891	7.1537414e-05
4892	7.3042245e-05
4893	7.3236095e-05
4894	7.3187716e-05
4895	7.3945992e-05
4896	7.5268717e-05
4897	7.4214024e-05
4898	7.3907379e-05
4899	7.1505221e-05
4900	7.0436692e-05
4901	7.0257384e-05
4902	6.8749172e-05
4903	6.7923487e-05
4904	6.5730247e-05
4905	6.6111056e-05
4906	6.7005287e-05
4907	6.6866475e-05
4908	6.706846e-05
4909	6.7723367e-05
4910	6.8622478e-05
4911	6.8604144e-05
4912	6.8946409e-05
4913	7.021543e-05
4914	6.8671892e-05
4915	6.9173054e-05
4916	6.8508678e-05
4917	6.9219185e-05
4918	7.1050117e-05
4919	7.2292594e-05
4920	7.2482124e-05
4921	7.3008139e-05
4922	7.4776989e-05
4923	7.6206095e-05
4924	7.7898318e-05
4925	7.6337435e-05
4926	7.5131222e-05
4927	7.4450081e-05
4928	7.4189935e-05
4929	7.4247761e-05
4930	7.2549686e-05
4931	7.2550748e-05
4932	7.1880502e-05
4933	7.2845058e-05
4934	7.3072793e-05
4935	7.2666353e-05
4936	7.3880143e-05
4937	7.4396824e-05
4938	7.3927816e-05
4939	7.2981501e-05
4940	7.047634e-05
4941	7.0180484e-05
4942	6.9026146e-05
4943	6.8104098e-05
4944	6.6565054e-05
4945	6.5384668e-05
4946	6.5474465e-05
4947	6.6329355e-05
4948	6.6095155e-05
4949	6.6016444e-05
4950	6.7320843e-05
4951	6.7506631e-05
4952	6.769674e-05
4953	6.7762679e-05
4954	6.8696832e-05
4955	6.796924e-05
4956	6.7801065e-05
4957	6.7912704e-05
4958	6.8531117e-05
4959	7.1171451e-05
4960	7.0881103e-05
4961	7.1524487e-05
4962	7.2414569e-05
4963	7.416676e-05
4964	7.6266965e-05
4965	7.6560728e-05
4966	7.5452604e-05
4967	7.422429e-05
4968	7.34705e-05
4969	7.3890422e-05
4970	7.3029759e-05
4971	7.2604329e-05
4972	7.1597644e-05
4973	7.1715244e-05
4974	7.2647895e-05
4975	7.2330966e-05
4976	7.2681609e-05
4977	7.3242608e-05
4978	7.3712865e-05
4979	7.3050525e-05
4980	7.1651325e-05
4981	6.9459813e-05
4982	6.948634e-05
4983	6.8715762e-05
4984	6.7171138e-05
4985	6.5320753e-05
4986	6.457869e-05
4987	6.5264282e-05
4988	6.5748999e-05
4989	6.512524e-05
4990	6.6025239e-05
4991	6.6666765e-05
4992	6.7118769e-05
4993	6.6852357e-05
4994	6.7588736e-05
4995	6.7964863e-05
4996	6.7692607e-05
4997	6.7855718e-05
4998	6.7407333e-05
4999	6.8927854e-05
5000	7.0961042e-05
