1	0.064168195
2	0.09539454
3	0.010256617
4	0.0048912401
5	0.00694536
6	0.0040998876
7	0.0030642833
8	0.00031268746
9	0.00033098886
10	0.0036236923
11	0.0036809708
12	0.00031020212
13	0.0034726973
14	0.0035889774
15	0.003523033
16	0.0033269035
17	0.0031055211
18	0.0029166217
19	0.0027514069
20	0.0026138753
21	0.0024770608
22	0.0023468681
23	0.0022497916
24	0.0021934773
25	0.0021658733
26	0.0021570032
27	0.0021583572
28	0.002161178
29	0.0021490705
30	0.0021246537
31	0.0020452677
32	0.0019652054
33	0.0018550932
34	0.0017397946
35	0.0016275302
36	0.0015262224
37	0.0014366103
38	0.0013601098
39	0.0012947924
40	0.0012394584
41	0.0011921387
42	0.0011508495
43	0.0011143107
44	0.0010823442
45	0.0010555128
46	0.0010338046
47	0.0010154234
48	0.0010001699
49	0.00098809504
50	0.00098038219
51	0.00098195983
52	0.00098776491
53	0.00099356118
54	0.00099902509
55	0.0010031655
56	0.0010059695
57	0.0010060892
58	0.0010036456
59	0.00099801894
60	0.00098908888
61	0.00097624536
62	0.00095955293
63	0.0009395195
64	0.00091601617
65	0.00089015867
66	0.00086229718
67	0.00083350461
68	0.00080382527
69	0.00077443899
70	0.00074507313
71	0.00071670984
72	0.00068995829
73	0.00066460602
74	0.00064165971
75	0.00062097953
76	0.00060288474
77	0.00058755027
78	0.00057608959
79	0.00056845303
80	0.00056236677
81	0.0005574738
82	0.00055377337
83	0.00055080449
84	0.00054815461
85	0.00054572497
86	0.00054344092
87	0.00054095289
88	0.00053792035
89	0.00053428854
90	0.00052976914
91	0.00052467401
92	0.00051893394
93	0.00051242643
94	0.00050562582
95	0.00049842873
96	0.00049124074
97	0.00048433834
98	0.00047727707
99	0.0004704278
100	0.00046572731
101	0.00046147017
102	0.0004568943
103	0.00045177306
104	0.00044609751
105	0.00044010771
106	0.00043351974
107	0.00042649183
108	0.00041905745
109	0.00041128494
110	0.00040320987
111	0.00039453131
112	0.0003855869
113	0.00037647437
114	0.0003671447
115	0.00035765876
116	0.00034799881
117	0.0003382378
118	0.00032847538
119	0.00031864782
120	0.00030892192
121	0.00029923273
122	0.00028977806
123	0.00028057339
124	0.00027163706
125	0.00026289234
126	0.00025444934
127	0.00024643137
128	0.0002387421
129	0.00023159396
130	0.00022499038
131	0.00021892935
132	0.0002133456
133	0.00020825811
134	0.00020365002
135	0.00019940819
136	0.0001955725
137	0.00019211797
138	0.00018892752
139	0.00018591386
140	0.00018307823
141	0.00018047573
142	0.00017797839
143	0.00017550565
144	0.00017302892
145	0.00017048221
146	0.00016793199
147	0.00016540866
148	0.00016286879
149	0.00016029436
150	0.00015770861
151	0.00015514399
152	0.00015255616
153	0.00014998771
154	0.00014746974
155	0.0001449697
156	0.00014250254
157	0.00014012532
158	0.00013782961
159	0.0001355916
160	0.00013339885
161	0.00013133924
162	0.00012940286
163	0.00012756516
164	0.00012583102
165	0.0001241888
166	0.00012259685
167	0.00012098994
168	0.00011936024
169	0.00011771833
170	0.00011610535
171	0.00011446426
172	0.00011284495
173	0.00011123332
174	0.00010964689
175	0.00010803329
176	0.00010650214
177	0.00010504942
178	0.00010363236
179	0.00010218392
180	0.00010079241
181	9.9460252e-05
182	9.8186749e-05
183	9.6963499e-05
184	9.579057e-05
185	9.4703771e-05
186	9.3666141e-05
187	9.2653063e-05
188	9.1679158e-05
189	9.0731113e-05
190	8.9851722e-05
191	8.8976441e-05
192	8.812258e-05
193	8.7309367e-05
194	8.6508452e-05
195	8.5726748e-05
196	8.4981034e-05
197	8.4277178e-05
198	8.360019e-05
199	8.2956755e-05
200	8.2337376e-05
201	8.1737974e-05
202	8.1167774e-05
203	8.0619651e-05
204	8.0117187e-05
205	7.9657242e-05
206	7.9188624e-05
207	7.8726735e-05
208	7.8317714e-05
209	7.7916301e-05
210	7.7532835e-05
211	7.7170628e-05
212	7.683122e-05
213	7.6486395e-05
214	7.6160276e-05
215	7.583497e-05
216	7.5510334e-05
217	7.5193689e-05
218	7.4873318e-05
219	7.455986e-05
220	7.4248513e-05
221	7.3940884e-05
222	7.3656816e-05
223	7.3378257e-05
224	7.3124952e-05
225	7.2858499e-05
226	7.2609856e-05
227	7.2369673e-05
228	7.2129863e-05
229	7.1888944e-05
230	7.1660747e-05
231	7.1439021e-05
232	7.1226408e-05
233	7.1021258e-05
234	7.0819514e-05
235	7.0650627e-05
236	7.0487173e-05
237	7.0309027e-05
238	7.0104707e-05
239	6.9882721e-05
240	6.9676346e-05
241	6.9506171e-05
242	6.9335281e-05
243	6.9147495e-05
244	6.8965308e-05
245	6.8810811e-05
246	6.8612879e-05
247	6.8446205e-05
248	6.8290058e-05
249	6.8162292e-05
250	6.8037789e-05
251	6.7896236e-05
252	6.7758404e-05
253	6.7608924e-05
254	6.7483695e-05
255	6.7351621e-05
256	6.7257268e-05
257	6.7168881e-05
258	6.7060633e-05
259	6.696037e-05
260	6.6879395e-05
261	6.6804773e-05
262	6.6734512e-05
263	6.6655045e-05
264	6.659402e-05
265	6.6546312e-05
266	6.6492764e-05
267	6.6450264e-05
268	6.6424869e-05
269	6.64046e-05
270	6.6391653e-05
271	6.6395052e-05
272	6.6405017e-05
273	6.6410355e-05
274	6.6417459e-05
275	6.6425484e-05
276	6.6425299e-05
277	6.6445057e-05
278	6.6480089e-05
279	6.6521632e-05
280	6.6561433e-05
281	6.6605205e-05
282	6.6641068e-05
283	6.66888e-05
284	6.6740763e-05
285	6.6793774e-05
286	6.6858956e-05
287	6.6932109e-05
288	6.7008085e-05
289	6.7076135e-05
290	6.7140911e-05
291	6.7251226e-05
292	6.7358072e-05
293	6.7445721e-05
294	6.7527245e-05
295	6.7625929e-05
296	6.7750369e-05
297	6.7854611e-05
298	6.7939545e-05
299	6.8038128e-05
300	6.8136471e-05
301	6.8239121e-05
302	6.8317848e-05
303	6.8419595e-05
304	6.8526726e-05
305	6.8623998e-05
306	6.8706267e-05
307	6.8807422e-05
308	6.8914946e-05
309	6.9014102e-05
310	6.9118504e-05
311	6.9217048e-05
312	6.9317556e-05
313	6.9410182e-05
314	6.9503344e-05
315	6.9597949e-05
316	6.9702737e-05
317	6.9827978e-05
318	6.9923516e-05
319	7.0042026e-05
320	7.0151172e-05
321	7.0260966e-05
322	7.0371913e-05
323	7.0475294e-05
324	7.0589625e-05
325	7.0698359e-05
326	7.0789073e-05
327	7.0887583e-05
328	7.1022264e-05
329	7.1153779e-05
330	7.1263559e-05
331	7.1377232e-05
332	7.1513503e-05
333	7.1635846e-05
334	7.174816e-05
335	7.1867718e-05
336	7.1993949e-05
337	7.2116219e-05
338	7.2237506e-05
339	7.2360055e-05
340	7.2482782e-05
341	7.2605841e-05
342	7.2723368e-05
343	7.2838565e-05
344	7.296688e-05
345	7.3099602e-05
346	7.320675e-05
347	7.3328864e-05
348	7.3456614e-05
349	7.3589678e-05
350	7.3718402e-05
351	7.3847485e-05
352	7.3980991e-05
353	7.4108869e-05
354	7.4235379e-05
355	7.4360465e-05
356	7.4509058e-05
357	7.463545e-05
358	7.4743408e-05
359	7.4866901e-05
360	7.5014235e-05
361	7.514493e-05
362	7.5274964e-05
363	7.5404785e-05
364	7.5536384e-05
365	7.5672444e-05
366	7.5811151e-05
367	7.5970512e-05
368	7.6117687e-05
369	7.6248113e-05
370	7.6371975e-05
371	7.6492508e-05
372	7.6624391e-05
373	7.6738099e-05
374	7.6854377e-05
375	7.6993012e-05
376	7.7109843e-05
377	7.7223531e-05
378	7.7354594e-05
379	7.7480687e-05
380	7.760356e-05
381	7.7715076e-05
382	7.7834392e-05
383	7.7972704e-05
384	7.810702e-05
385	7.8233821e-05
386	7.8335631e-05
387	7.8442346e-05
388	7.8549142e-05
389	7.867175e-05
390	7.8769347e-05
391	7.8884123e-05
392	7.8985709e-05
393	7.9055759e-05
394	7.9129718e-05
395	7.9218718e-05
396	7.9319214e-05
397	7.9419665e-05
398	7.9518635e-05
399	7.9611684e-05
400	7.9674691e-05
401	7.9737749e-05
402	7.9817397e-05
403	7.9905889e-05
404	7.9986398e-05
405	8.0053283e-05
406	8.0116682e-05
407	8.0220983e-05
408	8.0320092e-05
409	8.040427e-05
410	8.0476721e-05
411	8.0540133e-05
412	8.0596554e-05
413	8.0668601e-05
414	8.0734479e-05
415	8.079099e-05
416	8.085453e-05
417	8.0922279e-05
418	8.0987522e-05
419	8.1067551e-05
420	8.1136913e-05
421	8.1200391e-05
422	8.1261493e-05
423	8.1329822e-05
424	8.1415702e-05
425	8.1479139e-05
426	8.1510269e-05
427	8.157023e-05
428	8.1654068e-05
429	8.171386e-05
430	8.1769209e-05
431	8.1816975e-05
432	8.1866955e-05
433	8.190857e-05
434	8.1947592e-05
435	8.1996617e-05
436	8.204249e-05
437	8.2079951e-05
438	8.2132322e-05
439	8.2177208e-05
440	8.2219869e-05
441	8.2281431e-05
442	8.2331577e-05
443	8.2387593e-05
444	8.2434122e-05
445	8.2478064e-05
446	8.2515163e-05
447	8.2551724e-05
448	8.2587193e-05
449	8.2602105e-05
450	8.2636304e-05
451	8.2664034e-05
452	8.270683e-05
453	8.2733469e-05
454	8.2750857e-05
455	8.2765365e-05
456	8.2777949e-05
457	8.2783284e-05
458	8.2782806e-05
459	8.2780951e-05
460	8.2778014e-05
461	8.2791409e-05
462	8.2796015e-05
463	8.2788957e-05
464	8.2774524e-05
465	8.2783089e-05
466	8.2766365e-05
467	8.2735045e-05
468	8.2718614e-05
469	8.2722464e-05
470	8.2698455e-05
471	8.267081e-05
472	8.2632151e-05
473	8.2615684e-05
474	8.2600712e-05
475	8.2561692e-05
476	8.2522963e-05
477	8.2492181e-05
478	8.2462837e-05
479	8.2422005e-05
480	8.2364792e-05
481	8.2328527e-05
482	8.2283883e-05
483	8.223041e-05
484	8.2177707e-05
485	8.2147709e-05
486	8.2115984e-05
487	8.2068652e-05
488	8.2019822e-05
489	8.1975261e-05
490	8.1918825e-05
491	8.187629e-05
492	8.1837877e-05
493	8.1781725e-05
494	8.1722543e-05
495	8.1658266e-05
496	8.1607177e-05
497	8.1557968e-05
498	8.1498197e-05
499	8.1436348e-05
500	8.1398361e-05
501	8.1329369e-05
502	8.1258847e-05
503	8.1202157e-05
504	8.1140817e-05
505	8.1064473e-05
506	8.0987961e-05
507	8.0900641e-05
508	8.0810294e-05
509	8.0746985e-05
510	8.0673037e-05
511	8.058624e-05
512	8.0485429e-05
513	8.0392612e-05
514	8.0307683e-05
515	8.0202757e-05
516	8.0094199e-05
517	7.9992782e-05
518	7.9895555e-05
519	7.9788228e-05
520	7.9673999e-05
521	7.9549577e-05
522	7.9431058e-05
523	7.9312281e-05
524	7.9192742e-05
525	7.9065124e-05
526	7.8927679e-05
527	7.8795406e-05
528	7.866602e-05
529	7.8522903e-05
530	7.8372105e-05
531	7.8239704e-05
532	7.8104163e-05
533	7.7957186e-05
534	7.7806456e-05
535	7.7653915e-05
536	7.750375e-05
537	7.7346623e-05
538	7.7179838e-05
539	7.7014744e-05
540	7.6852808e-05
541	7.6700257e-05
542	7.6531622e-05
543	7.6362475e-05
544	7.620263e-05
545	7.6047194e-05
546	7.5869363e-05
547	7.5692928e-05
548	7.5518181e-05
549	7.5345568e-05
550	7.5164293e-05
551	7.4985303e-05
552	7.480412e-05
553	7.462042e-05
554	7.4446912e-05
555	7.4251351e-05
556	7.4058107e-05
557	7.3867098e-05
558	7.3686537e-05
559	7.3481215e-05
560	7.3293597e-05
561	7.3110401e-05
562	7.291633e-05
563	7.2710865e-05
564	7.2509691e-05
565	7.2316098e-05
566	7.2126398e-05
567	7.19222e-05
568	7.172191e-05
569	7.1525743e-05
570	7.1329418e-05
571	7.1137115e-05
572	7.0931057e-05
573	7.0731508e-05
574	7.0534759e-05
575	7.0339673e-05
576	7.0128141e-05
577	6.9918851e-05
578	6.9718909e-05
579	6.9523032e-05
580	6.9309427e-05
581	6.9103126e-05
582	6.8904838e-05
583	6.8709381e-05
584	6.8516411e-05
585	6.8311014e-05
586	6.8106984e-05
587	6.791608e-05
588	6.7729704e-05
589	6.7527887e-05
590	6.7315134e-05
591	6.7122713e-05
592	6.6927544e-05
593	6.6715841e-05
594	6.6507767e-05
595	6.6316707e-05
596	6.6123993e-05
597	6.5935233e-05
598	6.5725497e-05
599	6.551419e-05
600	6.5307754e-05
601	6.5111725e-05
602	6.489438e-05
603	6.4674023e-05
604	6.4465289e-05
605	6.4259737e-05
606	6.4064378e-05
607	6.384493e-05
608	6.3618517e-05
609	6.3417483e-05
610	6.3218415e-05
611	6.2991021e-05
612	6.2766083e-05
613	6.2543991e-05
614	6.2340581e-05
615	6.2135503e-05
616	6.1904697e-05
617	6.1658562e-05
618	6.1434047e-05
619	6.1221886e-05
620	6.0975905e-05
621	6.0731458e-05
622	6.0507224e-05
623	6.0285212e-05
624	6.0073323e-05
625	5.982938e-05
626	5.9582644e-05
627	5.9344508e-05
628	5.9121005e-05
629	5.8865072e-05
630	5.861721e-05
631	5.838351e-05
632	5.816868e-05
633	5.7950956e-05
634	5.7689404e-05
635	5.7427951e-05
636	5.7179852e-05
637	5.694001e-05
638	5.6659443e-05
639	5.6387781e-05
640	5.6149144e-05
641	5.5910826e-05
642	5.5683241e-05
643	5.5407178e-05
644	5.5131647e-05
645	5.4882296e-05
646	5.4637616e-05
647	5.434934e-05
648	5.4070059e-05
649	5.3816203e-05
650	5.3569401e-05
651	5.3331443e-05
652	5.3047536e-05
653	5.2764377e-05
654	5.2502986e-05
655	5.226023e-05
656	5.1961339e-05
657	5.1677348e-05
658	5.1422577e-05
659	5.1177955e-05
660	5.0938475e-05
661	5.0645518e-05
662	5.0349684e-05
663	5.0081413e-05
664	4.9825184e-05
665	4.9533888e-05
666	4.9241622e-05
667	4.8990526e-05
668	4.8747923e-05
669	4.8505474e-05
670	4.8235692e-05
671	4.7940986e-05
672	4.7687322e-05
673	4.7438424e-05
674	4.7132236e-05
675	4.6842863e-05
676	4.6598523e-05
677	4.6363631e-05
678	4.6121246e-05
679	4.5843716e-05
680	4.5529514e-05
681	4.5258278e-05
682	4.5018617e-05
683	4.4738257e-05
684	4.4447718e-05
685	4.4188401e-05
686	4.3961044e-05
687	4.3743125e-05
688	4.3486665e-05
689	4.3207448e-05
690	4.2963854e-05
691	4.273382e-05
692	4.2456666e-05
693	4.2180105e-05
694	4.19471e-05
695	4.173233e-05
696	4.1532235e-05
697	4.1288431e-05
698	4.1010267e-05
699	4.0778995e-05
700	4.0571091e-05
701	4.0387178e-05
702	4.0156864e-05
703	3.9897474e-05
704	3.9678351e-05
705	3.9472019e-05
706	3.9237306e-05
707	3.8991427e-05
708	3.8800961e-05
709	3.8618561e-05
710	3.8462659e-05
711	3.8246899e-05
712	3.8002848e-05
713	3.7806682e-05
714	3.7640235e-05
715	3.7429874e-05
716	3.7218977e-05
717	3.704643e-05
718	3.6885349e-05
719	3.6749998e-05
720	3.6566096e-05
721	3.6343418e-05
722	3.6146992e-05
723	3.599732e-05
724	3.5804155e-05
725	3.5589954e-05
726	3.5421647e-05
727	3.5283428e-05
728	3.5169242e-05
729	3.5007409e-05
730	3.4830103e-05
731	3.468141e-05
732	3.4577227e-05
733	3.442493e-05
734	3.4245624e-05
735	3.4110946e-05
736	3.4011089e-05
737	3.3949037e-05
738	3.3803351e-05
739	3.3630174e-05
740	3.3498838e-05
741	3.3430152e-05
742	3.3307919e-05
743	3.3152995e-05
744	3.3033432e-05
745	3.2973711e-05
746	3.2925059e-05
747	3.2807287e-05
748	3.2643887e-05
749	3.2553284e-05
750	3.2514767e-05
751	3.2411827e-05
752	3.2275817e-05
753	3.2205473e-05
754	3.2171074e-05
755	3.2147294e-05
756	3.2026827e-05
757	3.1885782e-05
758	3.1829329e-05
759	3.1806117e-05
760	3.1707491e-05
761	3.1603871e-05
762	3.1529129e-05
763	3.1509639e-05
764	3.149016e-05
765	3.1391123e-05
766	3.1260261e-05
767	3.120036e-05
768	3.115376e-05
769	3.1016858e-05
770	3.0891329e-05
771	3.0851432e-05
772	3.0836679e-05
773	3.0728485e-05
774	3.0599073e-05
775	3.0563257e-05
776	3.0555125e-05
777	3.0436715e-05
778	3.0302629e-05
779	3.0286712e-05
780	3.0271268e-05
781	3.0154965e-05
782	3.002649e-05
783	3.0019354e-05
784	3.0000133e-05
785	2.9898409e-05
786	2.9755869e-05
787	2.9768696e-05
788	2.974994e-05
789	2.9634938e-05
790	2.9506187e-05
791	2.9504289e-05
792	2.9486212e-05
793	2.9389267e-05
794	2.9268203e-05
795	2.9275272e-05
796	2.9241317e-05
797	2.9124615e-05
798	2.906991e-05
799	2.9032458e-05
800	2.8965485e-05
801	2.8872771e-05
802	2.8808149e-05
803	2.877825e-05
804	2.8707716e-05
805	2.8618742e-05
806	2.8593362e-05
807	2.85307e-05
808	2.8448276e-05
809	2.8377547e-05
810	2.8363209e-05
811	2.8292088e-05
812	2.8126318e-05
813	2.7973428e-05
814	2.7987509e-05
815	2.7915816e-05
816	2.7790872e-05
817	2.7819337e-05
818	2.7772829e-05
819	2.761851e-05
820	2.7527615e-05
821	2.7566791e-05
822	2.7451026e-05
823	2.7309365e-05
824	2.7404052e-05
825	2.7302632e-05
826	2.7173417e-05
827	2.727233e-05
828	2.7155736e-05
829	2.7132287e-05
830	2.7233793e-05
831	2.7154603e-05
832	2.7101039e-05
833	2.7190279e-05
834	2.7171703e-05
835	2.7163076e-05
836	2.7134157e-05
837	2.7098238e-05
838	2.7050299e-05
839	2.699413e-05
840	2.6966745e-05
841	2.6974679e-05
842	2.6898846e-05
843	2.6851045e-05
844	2.6835967e-05
845	2.6775852e-05
846	2.6742148e-05
847	2.670889e-05
848	2.67086e-05
849	2.6669303e-05
850	2.6582696e-05
851	2.6488749e-05
852	2.6503797e-05
853	2.649273e-05
854	2.6451476e-05
855	2.6397642e-05
856	2.632519e-05
857	2.6238071e-05
858	2.6186997e-05
859	2.6174296e-05
860	2.615357e-05
861	2.6100203e-05
862	2.6086508e-05
863	2.6005288e-05
864	2.59439e-05
865	2.5926459e-05
866	2.5931044e-05
867	2.5884109e-05
868	2.5858123e-05
869	2.5804353e-05
870	2.5714965e-05
871	2.5670544e-05
872	2.5678187e-05
873	2.5639855e-05
874	2.5620916e-05
875	2.5594181e-05
876	2.5494809e-05
877	2.5423892e-05
878	2.543403e-05
879	2.5421508e-05
880	2.5384615e-05
881	2.5342533e-05
882	2.5263267e-05
883	2.5159183e-05
884	2.5215246e-05
885	2.5166854e-05
886	2.5116914e-05
887	2.5070839e-05
888	2.5050263e-05
889	2.4964947e-05
890	2.4894733e-05
891	2.4926277e-05
892	2.4892096e-05
893	2.481671e-05
894	2.4731603e-05
895	2.4706987e-05
896	2.464809e-05
897	2.4605035e-05
898	2.4552972e-05
899	2.4509443e-05
900	2.4457238e-05
901	2.441555e-05
902	2.4355248e-05
903	2.4306657e-05
904	2.4271039e-05
905	2.4245834e-05
906	2.4219539e-05
907	2.416691e-05
908	2.4116889e-05
909	2.4073936e-05
910	2.4034729e-05
911	2.4024596e-05
912	2.4040967e-05
913	2.3984282e-05
914	2.3920918e-05
915	2.3869288e-05
916	2.3835964e-05
917	2.3809259e-05
918	2.3753562e-05
919	2.3731836e-05
920	2.3653392e-05
921	2.3583824e-05
922	2.3584592e-05
923	2.35646e-05
924	2.3537021e-05
925	2.3497146e-05
926	2.3435435e-05
927	2.3347695e-05
928	2.3381765e-05
929	2.3361183e-05
930	2.3286856e-05
931	2.3220291e-05
932	2.3169465e-05
933	2.3144318e-05
934	2.3081341e-05
935	2.3120697e-05
936	2.3066502e-05
937	2.2988182e-05
938	2.2878346e-05
939	2.2901712e-05
940	2.2869706e-05
941	2.2843434e-05
942	2.280341e-05
943	2.2766056e-05
944	2.2744595e-05
945	2.2706251e-05
946	2.2664157e-05
947	2.2623346e-05
948	2.2595108e-05
949	2.2586015e-05
950	2.2574746e-05
951	2.253384e-05
952	2.2427133e-05
953	2.243111e-05
954	2.2404236e-05
955	2.2435425e-05
956	2.2450309e-05
957	2.2407793e-05
958	2.2322474e-05
959	2.2250138e-05
960	2.2229734e-05
961	2.2248382e-05
962	2.2250918e-05
963	2.2175366e-05
964	2.2099402e-05
965	2.2114385e-05
966	2.2100282e-05
967	2.2094335e-05
968	2.2084041e-05
969	2.2040523e-05
970	2.1989737e-05
971	2.1901294e-05
972	2.195596e-05
973	2.1948536e-05
974	2.1870418e-05
975	2.1809601e-05
976	2.1779414e-05
977	2.1756065e-05
978	2.1719894e-05
979	2.1774925e-05
980	2.166747e-05
981	2.1543347e-05
982	2.1499822e-05
983	2.1581038e-05
984	2.158444e-05
985	2.1535352e-05
986	2.1528318e-05
987	2.1498573e-05
988	2.1446307e-05
989	2.1394282e-05
990	2.1338129e-05
991	2.1333324e-05
992	2.1302003e-05
993	2.1265329e-05
994	2.1279437e-05
995	2.1186233e-05
996	2.1090434e-05
997	2.1140517e-05
998	2.1179155e-05
999	2.1218346e-05
1000	2.1199162e-05
1001	2.1105671e-05
1002	2.1036526e-05
1003	2.098889e-05
1004	2.1126578e-05
1005	2.1069876e-05
1006	2.0985651e-05
1007	2.0982301e-05
1008	2.0987552e-05
1009	2.0980358e-05
1010	2.0980544e-05
1011	2.0982297e-05
1012	2.0929365e-05
1013	2.0869249e-05
1014	2.0765877e-05
1015	2.0938538e-05
1016	2.0873307e-05
1017	2.0788128e-05
1018	2.0716634e-05
1019	2.0676628e-05
1020	2.0663529e-05
1021	2.0735854e-05
1022	2.0687822e-05
1023	2.0552561e-05
1024	2.0510473e-05
1025	2.06079e-05
1026	2.0622517e-05
1027	2.0630621e-05
1028	2.063015e-05
1029	2.0597122e-05
1030	2.0527875e-05
1031	2.0456638e-05
1032	2.0405543e-05
1033	2.0424298e-05
1034	2.0429578e-05
1035	2.0407127e-05
1036	2.0350946e-05
1037	2.0295593e-05
1038	2.0255392e-05
1039	2.0291942e-05
1040	2.0367329e-05
1041	2.0410364e-05
1042	2.0387232e-05
1043	2.0322089e-05
1044	2.0196009e-05
1045	2.0162076e-05
1046	2.0401977e-05
1047	2.0281419e-05
1048	2.0267141e-05
1049	2.0291785e-05
1050	2.0274698e-05
1051	2.0291949e-05
1052	2.0306762e-05
1053	2.0273685e-05
1054	2.0252767e-05
1055	2.0196121e-05
1056	2.0081872e-05
1057	2.0316373e-05
1058	2.0262582e-05
1059	2.0166847e-05
1060	2.0068702e-05
1061	2.0042613e-05
1062	2.0016617e-05
1063	2.0117102e-05
1064	2.0026249e-05
1065	1.9890683e-05
1066	1.9936417e-05
1067	1.9981364e-05
1068	2.008245e-05
1069	2.0068075e-05
1070	2.0074701e-05
1071	1.9951113e-05
1072	1.9873653e-05
1073	1.9853765e-05
1074	1.9870826e-05
1075	1.9847351e-05
1076	1.9877689e-05
1077	1.9767418e-05
1078	1.971507e-05
1079	1.9693349e-05
1080	1.9654874e-05
1081	1.9753081e-05
1082	1.9865875e-05
1083	1.9855979e-05
1084	1.979232e-05
1085	1.9710456e-05
1086	1.9605587e-05
1087	1.9810216e-05
1088	1.9842502e-05
1089	1.9742806e-05
1090	1.973873e-05
1091	1.9780273e-05
1092	1.9773752e-05
1093	1.9814522e-05
1094	1.9854321e-05
1095	1.9795015e-05
1096	1.975686e-05
1097	1.9653502e-05
1098	1.9821759e-05
1099	1.9853053e-05
1100	1.979304e-05
1101	1.9651529e-05
1102	1.9588943e-05
1103	1.9565838e-05
1104	1.9708819e-05
1105	1.9585968e-05
1106	1.9392095e-05
1107	1.9326703e-05
1108	1.9629753e-05
1109	1.9747607e-05
1110	1.9668226e-05
1111	1.9639536e-05
1112	1.9558676e-05
1113	1.9459798e-05
1114	1.9448652e-05
1115	1.9420803e-05
1116	1.9543501e-05
1117	1.9472351e-05
1118	1.9416562e-05
1119	1.935507e-05
1120	1.9335175e-05
1121	1.9328323e-05
1122	1.9464091e-05
1123	1.9559228e-05
1124	1.9594609e-05
1125	1.9533211e-05
1126	1.9374832e-05
1127	1.932754e-05
1128	1.9579963e-05
1129	1.9579831e-05
1130	1.9522875e-05
1131	1.9520282e-05
1132	1.9560722e-05
1133	1.9565603e-05
1134	1.9625359e-05
1135	1.9678756e-05
1136	1.9630603e-05
1137	1.9573413e-05
1138	1.9497148e-05
1139	1.9733699e-05
1140	1.9715215e-05
1141	1.9632583e-05
1142	1.9526649e-05
1143	1.9404012e-05
1144	1.9385856e-05
1145	1.9567276e-05
1146	1.9314153e-05
1147	1.9201859e-05
1148	1.9298743e-05
1149	1.9526797e-05
1150	1.9586926e-05
1151	1.95531e-05
1152	1.9477218e-05
1153	1.9388974e-05
1154	1.9305245e-05
1155	1.9265755e-05
1156	1.943571e-05
1157	1.9412219e-05
1158	1.9311607e-05
1159	1.9233693e-05
1160	1.9266269e-05
1161	1.915476e-05
1162	1.9200319e-05
1163	1.9352333e-05
1164	1.949878e-05
1165	1.9422221e-05
1166	1.9336721e-05
1167	1.9176994e-05
1168	1.9082267e-05
1169	1.9502317e-05
1170	1.9434142e-05
1171	1.940897e-05
1172	1.9364807e-05
1173	1.939395e-05
1174	1.9461727e-05
1175	1.9530099e-05
1176	1.951025e-05
1177	1.9500525e-05
1178	1.9439879e-05
1179	1.9340082e-05
1180	1.9664707e-05
1181	1.9599749e-05
1182	1.9475224e-05
1183	1.9286795e-05
1184	1.9223333e-05
1185	1.9343234e-05
1186	1.9269612e-05
1187	1.9065126e-05
1188	1.9032687e-05
1189	1.9240754e-05
1190	1.942696e-05
1191	1.9442924e-05
1192	1.9341975e-05
1193	1.9246968e-05
1194	1.9151622e-05
1195	1.9081397e-05
1196	1.9029885e-05
1197	1.9332017e-05
1198	1.9229601e-05
1199	1.9059016e-05
1200	1.906112e-05
1201	1.9006767e-05
1202	1.8963693e-05
1203	1.9070874e-05
1204	1.9237061e-05
1205	1.9299487e-05
1206	1.9211556e-05
1207	1.9043161e-05
1208	1.8918676e-05
1209	1.9129376e-05
1210	1.9277854e-05
1211	1.9206534e-05
1212	1.9212526e-05
1213	1.9224225e-05
1214	1.9262472e-05
1215	1.9301184e-05
1216	1.9368563e-05
1217	1.9368927e-05
1218	1.9323742e-05
1219	1.9156907e-05
1220	1.9373145e-05
1221	1.9428653e-05
1222	1.9334687e-05
1223	1.9120404e-05
1224	1.9017834e-05
1225	1.9007498e-05
1226	1.9083165e-05
1227	1.8939506e-05
1228	1.8804191e-05
1229	1.8894818e-05
1230	1.9105075e-05
1231	1.9240323e-05
1232	1.9168096e-05
1233	1.9057869e-05
1234	1.8899749e-05
1235	1.8814741e-05
1236	1.8718472e-05
1237	1.9077259e-05
1238	1.9031146e-05
1239	1.8845445e-05
1240	1.8802813e-05
1241	1.8757477e-05
1242	1.8692383e-05
1243	1.8735944e-05
1244	1.8931081e-05
1245	1.9036986e-05
1246	1.8982355e-05
1247	1.8807832e-05
1248	1.8643619e-05
1249	1.8623188e-05
1250	1.9009382e-05
1251	1.894757e-05
1252	1.8946321e-05
1253	1.8957769e-05
1254	1.8936542e-05
1255	1.9010869e-05
1256	1.9071808e-05
1257	1.9106819e-05
1258	1.9082586e-05
1259	1.8952001e-05
1260	1.893679e-05
1261	1.9215919e-05
1262	1.9101902e-05
1263	1.8878253e-05
1264	1.8723164e-05
1265	1.8632299e-05
1266	1.8792815e-05
1267	1.8771006e-05
1268	1.8572961e-05
1269	1.8494259e-05
1270	1.8755417e-05
1271	1.893329e-05
1272	1.8932608e-05
1273	1.8779295e-05
1274	1.8628138e-05
1275	1.8495206e-05
1276	1.8406734e-05
1277	1.8731012e-05
1278	1.8796617e-05
1279	1.8592272e-05
1280	1.8505406e-05
1281	1.8451616e-05
1282	1.8358436e-05
1283	1.8386361e-05
1284	1.8589757e-05
1285	1.8760798e-05
1286	1.8719308e-05
1287	1.8554501e-05
1288	1.8339432e-05
1289	1.8209041e-05
1290	1.8753042e-05
1291	1.8668185e-05
1292	1.8610254e-05
1293	1.8646122e-05
1294	1.8624709e-05
1295	1.872147e-05
1296	1.8776182e-05
1297	1.8809972e-05
1298	1.8813807e-05
1299	1.8706316e-05
1300	1.8532571e-05
1301	1.8953854e-05
1302	1.8831076e-05
1303	1.8611236e-05
1304	1.8423448e-05
1305	1.8318203e-05
1306	1.8478581e-05
1307	1.8567765e-05
1308	1.8279065e-05
1309	1.8143547e-05
1310	1.8344572e-05
1311	1.8630134e-05
1312	1.868585e-05
1313	1.8534381e-05
1314	1.8337931e-05
1315	1.820535e-05
1316	1.8114221e-05
1317	1.8314197e-05
1318	1.8514214e-05
1319	1.8347491e-05
1320	1.8197883e-05
1321	1.8182782e-05
1322	1.8061142e-05
1323	1.8033379e-05
1324	1.8209575e-05
1325	1.8413034e-05
1326	1.8445703e-05
1327	1.8304984e-05
1328	1.8103147e-05
1329	1.794303e-05
1330	1.8300205e-05
1331	1.8352431e-05
1332	1.8302416e-05
1333	1.8337485e-05
1334	1.8261302e-05
1335	1.8341828e-05
1336	1.8448124e-05
1337	1.8508053e-05
1338	1.8518775e-05
1339	1.8404306e-05
1340	1.8258768e-05
1341	1.8628843e-05
1342	1.8547484e-05
1343	1.8325703e-05
1344	1.8073976e-05
1345	1.7994361e-05
1346	1.8124087e-05
1347	1.825823e-05
1348	1.8011248e-05
1349	1.775598e-05
1350	1.7909228e-05
1351	1.8231291e-05
1352	1.8408886e-05
1353	1.8228764e-05
1354	1.8071395e-05
1355	1.7885372e-05
1356	1.781169e-05
1357	1.7751309e-05
1358	1.8222619e-05
1359	1.8058425e-05
1360	1.7886875e-05
1361	1.785677e-05
1362	1.7745709e-05
1363	1.7662024e-05
1364	1.7800216e-05
1365	1.8036119e-05
1366	1.8134324e-05
1367	1.8022657e-05
1368	1.7836301e-05
1369	1.7615384e-05
1370	1.7759876e-05
1371	1.8050391e-05
1372	1.7992198e-05
1373	1.7965151e-05
1374	1.7910944e-05
1375	1.7920555e-05
1376	1.8041995e-05
1377	1.812731e-05
1378	1.8141789e-05
1379	1.8076958e-05
1380	1.7965559e-05
1381	1.8252366e-05
1382	1.8280171e-05
1383	1.8007894e-05
1384	1.7714453e-05
1385	1.7646869e-05
1386	1.7764342e-05
1387	1.788898e-05
1388	1.777076e-05
1389	1.7414571e-05
1390	1.7443635e-05
1391	1.7777812e-05
1392	1.8070462e-05
1393	1.797465e-05
1394	1.7792493e-05
1395	1.7587273e-05
1396	1.7487196e-05
1397	1.7353369e-05
1398	1.7852321e-05
1399	1.7807747e-05
1400	1.7589325e-05
1401	1.7510733e-05
1402	1.7405242e-05
1403	1.7283718e-05
1404	1.7332659e-05
1405	1.7590664e-05
1406	1.7762754e-05
1407	1.7708594e-05
1408	1.7539488e-05
1409	1.7249852e-05
1410	1.7072759e-05
1411	1.7700921e-05
1412	1.7625934e-05
1413	1.7552569e-05
1414	1.7476954e-05
1415	1.7424653e-05
1416	1.7467683e-05
1417	1.7468818e-05
1418	1.7727148e-05
1419	1.7692259e-05
1420	1.7589513e-05
1421	1.7711723e-05
1422	1.7889377e-05
1423	1.7596254e-05
1424	1.7325772e-05
1425	1.7247112e-05
1426	1.7308854e-05
1427	1.7538488e-05
1428	1.7491352e-05
1429	1.718834e-05
1430	1.6956419e-05
1431	1.7236017e-05
1432	1.763304e-05
1433	1.7684679e-05
1434	1.751641e-05
1435	1.7277387e-05
1436	1.7091991e-05
1437	1.7006482e-05
1438	1.7218736e-05
1439	1.7517839e-05
1440	1.7324911e-05
1441	1.7128518e-05
1442	1.7104959e-05
1443	1.6955226e-05
1444	1.6902699e-05
1445	1.7120827e-05
1446	1.7365002e-05
1447	1.7389266e-05
1448	1.7230109e-05
1449	1.6981293e-05
1450	1.6752605e-05
1451	1.713688e-05
1452	1.7214974e-05
1453	1.7178871e-05
1454	1.7094139e-05
1455	1.7011259e-05
1456	1.6985779e-05
1457	1.698637e-05
1458	1.7224921e-05
1459	1.7371555e-05
1460	1.7252804e-05
1461	1.712312e-05
1462	1.7490531e-05
1463	1.7273121e-05
1464	1.6957887e-05
1465	1.6804409e-05
1466	1.6788501e-05
1467	1.7189875e-05
1468	1.7116041e-05
1469	1.6988805e-05
1470	1.6619702e-05
1471	1.6704829e-05
1472	1.708363e-05
1473	1.7359379e-05
1474	1.721617e-05
1475	1.7028224e-05
1476	1.6770783e-05
1477	1.6684316e-05
1478	1.6530518e-05
1479	1.7100311e-05
1480	1.7015352e-05
1481	1.6781877e-05
1482	1.6756062e-05
1483	1.662634e-05
1484	1.6505928e-05
1485	1.6593839e-05
1486	1.6865164e-05
1487	1.7037603e-05
1488	1.6937033e-05
1489	1.6731794e-05
1490	1.6396997e-05
1491	1.6267559e-05
1492	1.6908255e-05
1493	1.6842174e-05
1494	1.6782819e-05
1495	1.6705539e-05
1496	1.6583346e-05
1497	1.6570734e-05
1498	1.6460779e-05
1499	1.6973247e-05
1500	1.6971127e-05
1501	1.6838783e-05
1502	1.6932693e-05
1503	1.701064e-05
1504	1.6707596e-05
1505	1.6452279e-05
1506	1.6382029e-05
1507	1.6562095e-05
1508	1.6740111e-05
1509	1.669254e-05
1510	1.6386911e-05
1511	1.6152941e-05
1512	1.6481001e-05
1513	1.694173e-05
1514	1.6990917e-05
1515	1.6803165e-05
1516	1.6546991e-05
1517	1.632049e-05
1518	1.625101e-05
1519	1.6342399e-05
1520	1.6752587e-05
1521	1.6565889e-05
1522	1.632207e-05
1523	1.6307051e-05
1524	1.6170241e-05
1525	1.6116235e-05
1526	1.6352305e-05
1527	1.6640741e-05
1528	1.6687266e-05
1529	1.6514094e-05
1530	1.6233489e-05
1531	1.5930124e-05
1532	1.6262857e-05
1533	1.6405873e-05
1534	1.6364469e-05
1535	1.6283327e-05
1536	1.6198747e-05
1537	1.6156693e-05
1538	1.612976e-05
1539	1.6397974e-05
1540	1.6641676e-05
1541	1.6557524e-05
1542	1.640358e-05
1543	1.668251e-05
1544	1.644645e-05
1545	1.6177297e-05
1546	1.5989084e-05
1547	1.5965037e-05
1548	1.6458896e-05
1549	1.6312067e-05
1550	1.6240715e-05
1551	1.5819629e-05
1552	1.5819727e-05
1553	1.6228884e-05
1554	1.659881e-05
1555	1.6470088e-05
1556	1.6287581e-05
1557	1.5991249e-05
1558	1.5900648e-05
1559	1.5776176e-05
1560	1.6249442e-05
1561	1.6269525e-05
1562	1.6033036e-05
1563	1.5944929e-05
1564	1.5790875e-05
1565	1.5652833e-05
1566	1.5692983e-05
1567	1.6021097e-05
1568	1.6272814e-05
1569	1.6208488e-05
1570	1.599781e-05
1571	1.5648525e-05
1572	1.5412564e-05
1573	1.6125071e-05
1574	1.5990884e-05
1575	1.5886815e-05
1576	1.5785711e-05
1577	1.5654785e-05
1578	1.5663006e-05
1579	1.5627259e-05
1580	1.6126728e-05
1581	1.6198696e-05
1582	1.6079885e-05
1583	1.6031427e-05
1584	1.619387e-05
1585	1.5851933e-05
1586	1.5659419e-05
1587	1.5536645e-05
1588	1.5702321e-05
1589	1.5977162e-05
1590	1.5949043e-05
1591	1.5703212e-05
1592	1.5337521e-05
1593	1.5603493e-05
1594	1.6113175e-05
1595	1.6274386e-05
1596	1.6080253e-05
1597	1.5831052e-05
1598	1.5541895e-05
1599	1.5513581e-05
1600	1.5355199e-05
1601	1.6040008e-05
1602	1.5854248e-05
1603	1.5574706e-05
1604	1.5533863e-05
1605	1.537883e-05
1606	1.5287973e-05
1607	1.5478944e-05
1608	1.5805456e-05
1609	1.591211e-05
1610	1.5762597e-05
1611	1.5494539e-05
1612	1.5163513e-05
1613	1.5332952e-05
1614	1.5683738e-05
1615	1.5629288e-05
1616	1.5584574e-05
1617	1.5519483e-05
1618	1.5365849e-05
1619	1.5343222e-05
1620	1.5525284e-05
1621	1.5944663e-05
1622	1.5931446e-05
1623	1.5801924e-05
1624	1.598678e-05
1625	1.5834758e-05
1626	1.5514063e-05
1627	1.5369553e-05
1628	1.5312314e-05
1629	1.5786007e-05
1630	1.5697306e-05
1631	1.5668494e-05
1632	1.5295944e-05
1633	1.5163835e-05
1634	1.5546243e-05
1635	1.6042977e-05
1636	1.5998864e-05
1637	1.5786874e-05
1638	1.5490648e-05
1639	1.5342755e-05
1640	1.5227441e-05
1641	1.554355e-05
1642	1.5775346e-05
1643	1.5552651e-05
1644	1.540916e-05
1645	1.5306835e-05
1646	1.5128318e-05
1647	1.5115998e-05
1648	1.5442321e-05
1649	1.5783668e-05
1650	1.5782401e-05
1651	1.5589216e-05
1652	1.5255413e-05
1653	1.4992991e-05
1654	1.5586655e-05
1655	1.5589471e-05
1656	1.5567916e-05
1657	1.5517927e-05
1658	1.5391152e-05
1659	1.52959e-05
1660	1.5232476e-05
1661	1.5790955e-05
1662	1.5887895e-05
1663	1.5795198e-05
1664	1.5623399e-05
1665	1.5919072e-05
1666	1.5540752e-05
1667	1.5364101e-05
1668	1.5179941e-05
1669	1.5269604e-05
1670	1.5659034e-05
1671	1.5594242e-05
1672	1.5474005e-05
1673	1.5002111e-05
1674	1.5097083e-05
1675	1.557775e-05
1676	1.591831e-05
1677	1.5751303e-05
1678	1.552363e-05
1679	1.5252e-05
1680	1.5196825e-05
1681	1.5026625e-05
1682	1.5661794e-05
1683	1.5547384e-05
1684	1.5263986e-05
1685	1.5232019e-05
1686	1.5047667e-05
1687	1.4929719e-05
1688	1.5053832e-05
1689	1.5416149e-05
1690	1.5615677e-05
1691	1.5479514e-05
1692	1.5212139e-05
1693	1.4807754e-05
1694	1.4648641e-05
1695	1.5353422e-05
1696	1.5320168e-05
1697	1.5301188e-05
1698	1.5150425e-05
1699	1.4931423e-05
1700	1.4861664e-05
1701	1.5201547e-05
1702	1.5559552e-05
1703	1.5567508e-05
1704	1.5440384e-05
1705	1.5454061e-05
1706	1.5426885e-05
1707	1.5097537e-05
1708	1.4953145e-05
1709	1.4849586e-05
1710	1.5277109e-05
1711	1.5278212e-05
1712	1.5230826e-05
1713	1.4882404e-05
1714	1.4552283e-05
1715	1.4895066e-05
1716	1.5465991e-05
1717	1.5523684e-05
1718	1.530745e-05
1719	1.5015021e-05
1720	1.4840806e-05
1721	1.4732655e-05
1722	1.4801927e-05
1723	1.5320465e-05
1724	1.5098993e-05
1725	1.4864717e-05
1726	1.4742383e-05
1727	1.4567149e-05
1728	1.4515061e-05
1729	1.4805698e-05
1730	1.5163835e-05
1731	1.5216015e-05
1732	1.5004439e-05
1733	1.4669304e-05
1734	1.431353e-05
1735	1.4644037e-05
1736	1.4842707e-05
1737	1.4893887e-05
1738	1.4871426e-05
1739	1.4685404e-05
1740	1.4487533e-05
1741	1.441586e-05
1742	1.5077742e-05
1743	1.5179317e-05
1744	1.5150614e-05
1745	1.5002698e-05
1746	1.5172687e-05
1747	1.4845284e-05
1748	1.4619889e-05
1749	1.4408217e-05
1750	1.4487222e-05
1751	1.4975416e-05
1752	1.4830375e-05
1753	1.4813041e-05
1754	1.4292717e-05
1755	1.420575e-05
1756	1.4658436e-05
1757	1.5158853e-05
1758	1.5034383e-05
1759	1.4799793e-05
1760	1.4533574e-05
1761	1.4391585e-05
1762	1.4245658e-05
1763	1.4732716e-05
1764	1.4828493e-05
1765	1.4551162e-05
1766	1.444402e-05
1767	1.4250298e-05
1768	1.4061236e-05
1769	1.4094976e-05
1770	1.4512137e-05
1771	1.4867571e-05
1772	1.4815986e-05
1773	1.4568728e-05
1774	1.4133254e-05
1775	1.3851253e-05
1776	1.4646768e-05
1777	1.4623313e-05
1778	1.4582102e-05
1779	1.4441008e-05
1780	1.4207364e-05
1781	1.4047638e-05
1782	1.4393771e-05
1783	1.4790392e-05
1784	1.4856595e-05
1785	1.4799588e-05
1786	1.470532e-05
1787	1.4827135e-05
1788	1.4477926e-05
1789	1.430209e-05
1790	1.4140469e-05
1791	1.4445905e-05
1792	1.4647103e-05
1793	1.4639484e-05
1794	1.4438919e-05
1795	1.3900286e-05
1796	1.4063985e-05
1797	1.4638693e-05
1798	1.4941559e-05
1799	1.4737829e-05
1800	1.4459883e-05
1801	1.4230198e-05
1802	1.4141187e-05
1803	1.3957029e-05
1804	1.4732571e-05
1805	1.4570631e-05
1806	1.4249755e-05
1807	1.4182758e-05
1808	1.4001279e-05
1809	1.3909713e-05
1810	1.4116024e-05
1811	1.4528942e-05
1812	1.4707924e-05
1813	1.4546022e-05
1814	1.422926e-05
1815	1.3803017e-05
1816	1.3799808e-05
1817	1.4397488e-05
1818	1.4428641e-05
1819	1.4380436e-05
1820	1.417816e-05
1821	1.3907251e-05
1822	1.3806486e-05
1823	1.4569025e-05
1824	1.4689444e-05
1825	1.4716137e-05
1826	1.4621703e-05
1827	1.463465e-05
1828	1.4491509e-05
1829	1.4281753e-05
1830	1.4074674e-05
1831	1.3980445e-05
1832	1.4482063e-05
1833	1.4393836e-05
1834	1.4379371e-05
1835	1.3963886e-05
1836	1.3665472e-05
1837	1.4038329e-05
1838	1.4692556e-05
1839	1.4682119e-05
1840	1.4456385e-05
1841	1.4221535e-05
1842	1.3995365e-05
1843	1.3877327e-05
1844	1.4028892e-05
1845	1.4505831e-05
1846	1.4225306e-05
1847	1.4005535e-05
1848	1.3857091e-05
1849	1.3670002e-05
1850	1.3656066e-05
1851	1.4015371e-05
1852	1.4446818e-05
1853	1.4457017e-05
1854	1.4227315e-05
1855	1.3835883e-05
1856	1.3503975e-05
1857	1.394891e-05
1858	1.4156791e-05
1859	1.4184036e-05
1860	1.4086475e-05
1861	1.3857588e-05
1862	1.361365e-05
1863	1.3829238e-05
1864	1.4361997e-05
1865	1.4451065e-05
1866	1.4447491e-05
1867	1.4285279e-05
1868	1.4448558e-05
1869	1.407421e-05
1870	1.3913072e-05
1871	1.3693931e-05
1872	1.3896883e-05
1873	1.4300857e-05
1874	1.4131968e-05
1875	1.4098919e-05
1876	1.3474889e-05
1877	1.3403379e-05
1878	1.3922815e-05
1879	1.4478369e-05
1880	1.4332311e-05
1881	1.4070844e-05
1882	1.3806817e-05
1883	1.3628676e-05
1884	1.3467995e-05
1885	1.4035026e-05
1886	1.4101963e-05
1887	1.3736936e-05
1888	1.3608872e-05
1889	1.3392225e-05
1890	1.3201824e-05
1891	1.3298384e-05
1892	1.3793192e-05
1893	1.4158099e-05
1894	1.4080214e-05
1895	1.3773221e-05
1896	1.3294166e-05
1897	1.3047159e-05
1898	1.3957349e-05
1899	1.3939044e-05
1900	1.3841375e-05
1901	1.3643084e-05
1902	1.3371891e-05
1903	1.3176869e-05
1904	1.3834173e-05
1905	1.4060083e-05
1906	1.4146074e-05
1907	1.4094844e-05
1908	1.3962245e-05
1909	1.3989097e-05
1910	1.3589923e-05
1911	1.3456834e-05
1912	1.3311008e-05
1913	1.3731662e-05
1914	1.3819318e-05
1915	1.3788775e-05
1916	1.3524475e-05
1917	1.2934427e-05
1918	1.3150303e-05
1919	1.3836364e-05
1920	1.4154098e-05
1921	1.3927695e-05
1922	1.3617645e-05
1923	1.3336138e-05
1924	1.3202765e-05
1925	1.2998924e-05
1926	1.3826563e-05
1927	1.3602756e-05
1928	1.3227604e-05
1929	1.3064785e-05
1930	1.2849532e-05
1931	1.2763911e-05
1932	1.3040175e-05
1933	1.3580044e-05
1934	1.3781024e-05
1935	1.3599607e-05
1936	1.3212519e-05
1937	1.2773166e-05
1938	1.283658e-05
1939	1.3430817e-05
1940	1.3460532e-05
1941	1.3361495e-05
1942	1.3135335e-05
1943	1.2804948e-05
1944	1.2964587e-05
1945	1.3547346e-05
1946	1.3689414e-05
1947	1.37723e-05
1948	1.3667508e-05
1949	1.3662977e-05
1950	1.3435717e-05
1951	1.316445e-05
1952	1.2974026e-05
1953	1.3008271e-05
1954	1.3504213e-05
1955	1.3356819e-05
1956	1.3339152e-05
1957	1.2817084e-05
1958	1.2452028e-05
1959	1.2851866e-05
1960	1.3622772e-05
1961	1.3657684e-05
1962	1.339079e-05
1963	1.3107651e-05
1964	1.28559e-05
1965	1.2684724e-05
1966	1.2848243e-05
1967	1.3354565e-05
1968	1.3013962e-05
1969	1.2747245e-05
1970	1.2522296e-05
1971	1.2314333e-05
1972	1.2281905e-05
1973	1.2740211e-05
1974	1.3283841e-05
1975	1.3346569e-05
1976	1.3087713e-05
1977	1.261779e-05
1978	1.2304884e-05
1979	1.274877e-05
1980	1.2944774e-05
1981	1.2968535e-05
1982	1.2846231e-05
1983	1.2595306e-05
1984	1.2320814e-05
1985	1.2793573e-05
1986	1.3181763e-05
1987	1.327922e-05
1988	1.3349524e-05
1989	1.3199105e-05
1990	1.3298161e-05
1991	1.2857691e-05
1992	1.2667381e-05
1993	1.246684e-05
1994	1.2747047e-05
1995	1.3117659e-05
1996	1.2949157e-05
1997	1.288448e-05
1998	1.2160629e-05
1999	1.2009888e-05
2000	1.2563669e-05
2001	1.3244457e-05
2002	1.3132095e-05
2003	1.2836193e-05
2004	1.2525168e-05
2005	1.2322337e-05
2006	1.2128122e-05
2007	1.2701464e-05
2008	1.2780302e-05
2009	1.2338213e-05
2010	1.2177232e-05
2011	1.1918201e-05
2012	1.1694225e-05
2013	1.1771477e-05
2014	1.2382573e-05
2015	1.2837979e-05
2016	1.2796799e-05
2017	1.2492533e-05
2018	1.1960608e-05
2019	1.1724977e-05
2020	1.2591864e-05
2021	1.2513085e-05
2022	1.2400047e-05
2023	1.2218025e-05
2024	1.1930325e-05
2025	1.1811782e-05
2026	1.2500305e-05
2027	1.2742994e-05
2028	1.2867795e-05
2029	1.2875343e-05
2030	1.2696868e-05
2031	1.2714768e-05
2032	1.2220858e-05
2033	1.2104137e-05
2034	1.1951089e-05
2035	1.2365228e-05
2036	1.2429054e-05
2037	1.240823e-05
2038	1.2155797e-05
2039	1.1460148e-05
2040	1.1555389e-05
2041	1.2301903e-05
2042	1.2762047e-05
2043	1.2547716e-05
2044	1.2162617e-05
2045	1.1879845e-05
2046	1.1718635e-05
2047	1.1478254e-05
2048	1.2333579e-05
2049	1.2102583e-05
2050	1.1592612e-05
2051	1.1403502e-05
2052	1.1146652e-05
2053	1.104109e-05
2054	1.1325662e-05
2055	1.1994804e-05
2056	1.229523e-05
2057	1.2118896e-05
2058	1.1751779e-05
2059	1.1299012e-05
2060	1.1300976e-05
2061	1.1893928e-05
2062	1.1850658e-05
2063	1.1716762e-05
2064	1.1477831e-05
2065	1.1183032e-05
2066	1.1447867e-05
2067	1.1959577e-05
2068	1.2195229e-05
2069	1.2331118e-05
2070	1.2275091e-05
2071	1.219574e-05
2072	1.1990367e-05
2073	1.1581595e-05
2074	1.1435827e-05
2075	1.1507179e-05
2076	1.1929516e-05
2077	1.1783314e-05
2078	1.1764404e-05
2079	1.1219411e-05
2080	1.0776111e-05
2081	1.1110781e-05
2082	1.1995722e-05
2083	1.2123631e-05
2084	1.1833476e-05
2085	1.1467201e-05
2086	1.1181222e-05
2087	1.0992173e-05
2088	1.1040794e-05
2089	1.163104e-05
2090	1.1247951e-05
2091	1.0870266e-05
2092	1.0596047e-05
2093	1.0370276e-05
2094	1.0341169e-05
2095	1.0833482e-05
2096	1.1506301e-05
2097	1.1650543e-05
2098	1.1412484e-05
2099	1.0954503e-05
2100	1.0664457e-05
2101	1.0943e-05
2102	1.1111601e-05
2103	1.1139759e-05
2104	1.1003259e-05
2105	1.0740039e-05
2106	1.0520428e-05
2107	1.1031729e-05
2108	1.1394598e-05
2109	1.1583229e-05
2110	1.1752567e-05
2111	1.1648897e-05
2112	1.1639796e-05
2113	1.1218069e-05
2114	1.0885236e-05
2115	1.0722234e-05
2116	1.1032441e-05
2117	1.1381364e-05
2118	1.1155294e-05
2119	1.107588e-05
2120	1.0366616e-05
2121	1.0104619e-05
2122	1.0585159e-05
2123	1.1455405e-05
2124	1.1419615e-05
2125	1.1058627e-05
2126	1.0711224e-05
2127	1.0459971e-05
2128	1.0250601e-05
2129	1.0678652e-05
2130	1.0886997e-05
2131	1.0373688e-05
2132	1.0113689e-05
2133	9.7853923e-06
2134	9.5461286e-06
2135	9.5913446e-06
2136	1.0251787e-05
2137	1.0878943e-05
2138	1.0920237e-05
2139	1.0633142e-05
2140	1.0111037e-05
2141	9.9554156e-06
2142	1.0605086e-05
2143	1.0497437e-05
2144	1.0398012e-05
2145	1.0241906e-05
2146	9.9453648e-06
2147	9.9211416e-06
2148	1.0513047e-05
2149	1.0783909e-05
2150	1.0991953e-05
2151	1.111689e-05
2152	1.0954686e-05
2153	1.093014e-05
2154	1.0407863e-05
2155	1.0219391e-05
2156	1.0058184e-05
2157	1.0427288e-05
2158	1.0531149e-05
2159	1.0441285e-05
2160	1.0273969e-05
2161	9.5078823e-06
2162	9.4415103e-06
2163	1.0138917e-05
2164	1.0882745e-05
2165	1.0726297e-05
2166	1.0273461e-05
2167	9.9123369e-06
2168	9.7199116e-06
2169	9.4908127e-06
2170	1.0162267e-05
2171	1.0035e-05
2172	9.3637073e-06
2173	9.1330365e-06
2174	8.8893075e-06
2175	8.7238834e-06
2176	8.936619e-06
2177	9.7089028e-06
2178	1.0206987e-05
2179	1.0111331e-05
2180	9.7769448e-06
2181	9.3143945e-06
2182	9.2515704e-06
2183	9.8920922e-06
2184	9.7681304e-06
2185	9.5878217e-06
2186	9.4085708e-06
2187	9.1487604e-06
2188	9.3558624e-06
2189	9.8908206e-06
2190	1.0188713e-05
2191	1.0415143e-05
2192	1.0470645e-05
2193	1.0314163e-05
2194	1.0133536e-05
2195	9.6623769e-06
2196	9.5054974e-06
2197	9.5147323e-06
2198	9.8716586e-06
2199	9.7603647e-06
2200	9.7181295e-06
2201	9.2112772e-06
2202	8.674228e-06
2203	8.8544799e-06
2204	9.8053605e-06
2205	1.0249499e-05
2206	9.9817549e-06
2207	9.4921737e-06
2208	9.1940248e-06
2209	8.9619043e-06
2210	8.8106665e-06
2211	9.4500685e-06
2212	9.0996404e-06
2213	8.5730242e-06
2214	8.2156655e-06
2215	8.0170243e-06
2216	7.9818877e-06
2217	8.4088739e-06
2218	9.2134209e-06
2219	9.5360321e-06
2220	9.3614161e-06
2221	8.9209975e-06
2222	8.6536435e-06
2223	8.7583617e-06
2224	8.9078064e-06
2225	8.9634438e-06
2226	8.8575051e-06
2227	8.6173373e-06
2228	8.4567332e-06
2229	8.8661303e-06
2230	9.2540891e-06
2231	9.5610798e-06
2232	9.8235727e-06
2233	9.8184838e-06
2234	9.7375328e-06
2235	9.3679983e-06
2236	8.9540829e-06
2237	8.8016381e-06
2238	9.0438443e-06
2239	9.3542145e-06
2240	9.0368109e-06
2241	9.0133533e-06
2242	8.3487297e-06
2243	7.984166e-06
2244	8.2708307e-06
2245	9.3244622e-06
2246	9.5542096e-06
2247	9.1754959e-06
2248	8.7358437e-06
2249	8.4640449e-06
2250	8.2007277e-06
2251	8.3411417e-06
2252	8.7020727e-06
2253	8.1581606e-06
2254	7.7209e-06
2255	7.4195981e-06
2256	7.2173002e-06
2257	7.257104e-06
2258	7.871662e-06
2259	8.642973e-06
2260	8.8256661e-06
2261	8.6220017e-06
2262	8.1591623e-06
2263	8.0220739e-06
2264	8.2729195e-06
2265	8.2098554e-06
2266	8.1802256e-06
2267	8.1299652e-06
2268	7.9337984e-06
2269	7.9059329e-06
2270	8.358822e-06
2271	8.7033904e-06
2272	8.9917447e-06
2273	9.2535425e-06
2274	9.1882607e-06
2275	9.0781105e-06
2276	8.5712512e-06
2277	8.2765807e-06
2278	8.1721279e-06
2279	8.5041148e-06
2280	8.6569513e-06
2281	8.4434258e-06
2282	8.2727833e-06
2283	7.5517164e-06
2284	7.3344083e-06
2285	7.7928202e-06
2286	8.8053139e-06
2287	8.8964517e-06
2288	8.467705e-06
2289	8.0457953e-06
2290	7.7913923e-06
2291	7.5667393e-06
2292	7.8901021e-06
2293	7.9285801e-06
2294	7.3109245e-06
2295	6.8938128e-06
2296	6.6159586e-06
2297	6.5129312e-06
2298	6.6143988e-06
2299	7.3487167e-06
2300	8.1242286e-06
2301	8.210487e-06
2302	7.8963623e-06
2303	7.4615808e-06
2304	7.4552592e-06
2305	7.8127982e-06
2306	7.6273048e-06
2307	7.5516709e-06
2308	7.4287633e-06
2309	7.2590758e-06
2310	7.3942896e-06
2311	7.8972265e-06
2312	8.2177068e-06
2313	8.5604768e-06
2314	8.7587339e-06
2315	8.6425815e-06
2316	8.4745349e-06
2317	7.9774046e-06
2318	7.7542274e-06
2319	7.7020638e-06
2320	7.9971715e-06
2321	7.8902119e-06
2322	7.8601617e-06
2323	7.6098042e-06
2324	6.9422221e-06
2325	6.8280366e-06
2326	7.4772812e-06
2327	8.3909833e-06
2328	8.2687323e-06
2329	7.8144837e-06
2330	7.4717916e-06
2331	7.2225866e-06
2332	7.0266233e-06
2333	7.5086119e-06
2334	7.2409795e-06
2335	6.4876178e-06
2336	6.1906723e-06
2337	5.9947565e-06
2338	5.9596699e-06
2339	6.2377675e-06
2340	7.0470631e-06
2341	7.5953977e-06
2342	7.5976743e-06
2343	7.2858169e-06
2344	6.9324776e-06
2345	6.979519e-06
2346	7.1656867e-06
2347	7.018546e-06
2348	6.9318138e-06
2349	6.8575177e-06
2350	6.7668937e-06
2351	6.9996621e-06
2352	7.523798e-06
2353	7.8633033e-06
2354	8.181578e-06
2355	8.3345407e-06
2356	8.1886184e-06
2357	7.9121424e-06
2358	7.472146e-06
2359	7.2844718e-06
2360	7.4001086e-06
2361	7.6467354e-06
2362	7.4315284e-06
2363	7.3744044e-06
2364	6.8471504e-06
2365	6.4717824e-06
2366	6.5050851e-06
2367	7.3783839e-06
2368	8.0248725e-06
2369	7.7820366e-06
2370	7.2665532e-06
2371	7.0181749e-06
2372	6.7625641e-06
2373	6.6318679e-06
2374	6.996667e-06
2375	6.6292742e-06
2376	5.9964598e-06
2377	5.6371925e-06
2378	5.557867e-06
2379	5.5849133e-06
2380	5.9609487e-06
2381	6.8532051e-06
2382	7.2769092e-06
2383	7.1305939e-06
2384	6.7491292e-06
2385	6.6270292e-06
2386	6.6436423e-06
2387	6.5256213e-06
2388	6.6062054e-06
2389	6.5646477e-06
2390	6.440026e-06
2391	6.4634084e-06
2392	6.7892608e-06
2393	7.197699e-06
2394	7.5981018e-06
2395	7.9468649e-06
2396	7.9998574e-06
2397	7.8748935e-06
2398	7.4547758e-06
2399	7.0649228e-06
2400	6.9185662e-06
2401	7.1834506e-06
2402	7.3898025e-06
2403	7.0520796e-06
2404	7.0296017e-06
2405	6.4382013e-06
2406	6.1912772e-06
2407	6.3181392e-06
2408	7.3800817e-06
2409	7.6935997e-06
2410	7.3187175e-06
2411	6.9127104e-06
2412	6.6601048e-06
2413	6.4191515e-06
2414	6.5065036e-06
2415	6.7422144e-06
2416	6.1421333e-06
2417	5.6465482e-06
2418	5.3668128e-06
2419	5.3125154e-06
2420	5.3870628e-06
2421	5.9354711e-06
2422	6.785867e-06
2423	7.0475662e-06
2424	6.9073238e-06
2425	6.4964087e-06
2426	6.4511162e-06
2427	6.5896011e-06
2428	6.4054871e-06
2429	6.3650918e-06
2430	6.3585692e-06
2431	6.2486063e-06
2432	6.3421653e-06
2433	6.7597418e-06
2434	7.1564885e-06
2435	7.5148033e-06
2436	7.843922e-06
2437	7.8327455e-06
2438	7.6667766e-06
2439	7.16381e-06
2440	6.8851434e-06
2441	6.7957347e-06
2442	7.0927956e-06
2443	7.1788327e-06
2444	6.9959006e-06
2445	6.8184825e-06
2446	6.2155996e-06
2447	6.0396813e-06
2448	6.3700583e-06
2449	7.4139662e-06
2450	7.5598079e-06
2451	7.1101174e-06
2452	6.704262e-06
2453	6.4738992e-06
2454	6.2770238e-06
2455	6.5193358e-06
2456	6.5458068e-06
2457	5.9030923e-06
2458	5.4466026e-06
2459	5.214087e-06
2460	5.217776e-06
2461	5.3337641e-06
2462	6.0125782e-06
2463	6.8730306e-06
2464	7.0044817e-06
2465	6.7070763e-06
2466	6.3344351e-06
2467	6.3727759e-06
2468	6.5932933e-06
2469	6.380591e-06
2470	6.3395261e-06
2471	6.2423931e-06
2472	6.131084e-06
2473	6.3033282e-06
2474	6.8179527e-06
2475	7.1645822e-06
2476	7.5635461e-06
2477	7.8097941e-06
2478	7.7110936e-06
2479	7.5217214e-06
2480	7.0179258e-06
2481	6.8044964e-06
2482	6.7731082e-06
2483	7.0592184e-06
2484	6.9369584e-06
2485	6.89467e-06
2486	6.6874185e-06
2487	6.0996641e-06
2488	6.0031537e-06
2489	6.5349984e-06
2490	7.5136457e-06
2491	7.3989836e-06
2492	6.9240247e-06
2493	6.5839997e-06
2494	6.36192e-06
2495	6.1842124e-06
2496	6.6436987e-06
2497	6.405208e-06
2498	5.5853829e-06
2499	5.2977994e-06
2500	5.1524839e-06
2501	5.1842306e-06
2502	5.3852754e-06
2503	6.2111155e-06
2504	6.8433923e-06
2505	6.8488213e-06
2506	6.5389149e-06
2507	6.2414076e-06
2508	6.2914366e-06
2509	6.4536253e-06
2510	6.3166608e-06
2511	6.1793492e-06
2512	6.13767e-06
2513	6.0780082e-06
2514	6.2951989e-06
2515	6.8248072e-06
2516	7.2105235e-06
2517	7.5712121e-06
2518	7.7286845e-06
2519	7.5861579e-06
2520	7.3264744e-06
2521	6.8692687e-06
2522	6.720254e-06
2523	6.823837e-06
2524	7.0674196e-06
2525	6.8803042e-06
2526	6.8569948e-06
2527	6.3277744e-06
2528	6.0026984e-06
2529	5.9945972e-06
2530	6.8696502e-06
2531	7.5252196e-06
2532	7.2775567e-06
2533	6.7542052e-06
2534	6.4767465e-06
2535	6.2513153e-06
2536	6.1245058e-06
2537	6.4973214e-06
2538	6.1507358e-06
2539	5.5133399e-06
2540	5.1403919e-06
2541	5.100579e-06
2542	5.1404959e-06
2543	5.501917e-06
2544	6.3906559e-06
2545	6.8901979e-06
2546	6.7345093e-06
2547	6.3146305e-06
2548	6.2155793e-06
2549	6.240381e-06
2550	6.1265774e-06
2551	6.2221308e-06
2552	6.1860645e-06
2553	6.0303856e-06
2554	6.0481146e-06
2555	6.3574275e-06
2556	6.8158048e-06
2557	7.1977395e-06
2558	7.5771499e-06
2559	7.6420412e-06
2560	7.5339529e-06
2561	7.1381419e-06
2562	6.7336258e-06
2563	6.5976348e-06
2564	6.848849e-06
2565	7.0727853e-06
2566	6.7307516e-06
2567	6.70349e-06
2568	6.1290506e-06
2569	5.9098356e-06
2570	6.0125473e-06
2571	7.1084547e-06
2572	7.4350871e-06
2573	7.0267778e-06
2574	6.6047482e-06
2575	6.3213721e-06
2576	6.0645487e-06
2577	6.1545085e-06
2578	6.4841852e-06
2579	5.8465523e-06
2580	5.3158864e-06
2581	5.071706e-06
2582	5.0421489e-06
2583	5.1278671e-06
2584	5.64604e-06
2585	6.5625738e-06
2586	6.7807423e-06
2587	6.6131147e-06
2588	6.1855802e-06
2589	6.1445816e-06
2590	6.2765346e-06
2591	6.1260071e-06
2592	6.1104506e-06
2593	6.065493e-06
2594	5.9728344e-06
2595	6.0524109e-06
2596	6.4239961e-06
2597	6.8631159e-06
2598	7.2362032e-06
2599	7.5437129e-06
2600	7.5555138e-06
2601	7.4168247e-06
2602	6.922588e-06
2603	6.6265396e-06
2604	6.5279718e-06
2605	6.8399803e-06
2606	6.9318915e-06
2607	6.7527627e-06
2608	6.6019432e-06
2609	5.9655709e-06
2610	5.8273906e-06
2611	6.1431027e-06
2612	7.1789298e-06
2613	7.3173037e-06
2614	6.8685998e-06
2615	6.475099e-06
2616	6.1908188e-06
2617	5.9804738e-06
2618	6.2703053e-06
2619	6.3034426e-06
2620	5.6804351e-06
2621	5.2265658e-06
2622	4.9722719e-06
2623	5.0049126e-06
2624	5.1112592e-06
2625	5.7569067e-06
2626	6.6148353e-06
2627	6.7731687e-06
2628	6.4766133e-06
2629	6.0489055e-06
2630	6.1053127e-06
2631	6.3806299e-06
2632	6.1302856e-06
2633	6.1142866e-06
2634	6.0378469e-06
2635	5.8983026e-06
2636	6.0744699e-06
2637	6.5694316e-06
2638	6.9259511e-06
2639	7.3091414e-06
2640	7.5540553e-06
2641	7.5089533e-06
2642	7.317785e-06
2643	6.8236349e-06
2644	6.610126e-06
2645	6.558034e-06
2646	6.8543861e-06
2647	6.7549734e-06
2648	6.6805299e-06
2649	6.466418e-06
2650	5.8917296e-06
2651	5.8268017e-06
2652	6.3241452e-06
2653	7.3198853e-06
2654	7.2286114e-06
2655	6.7284247e-06
2656	6.3946026e-06
2657	6.1328562e-06
2658	5.9377454e-06
2659	6.4311999e-06
2660	6.256432e-06
2661	5.3877403e-06
2662	5.0854426e-06
2663	4.964445e-06
2664	5.0209829e-06
2665	5.1820388e-06
2666	6.0115333e-06
2667	6.6698841e-06
2668	6.6142171e-06
2669	6.3374725e-06
2670	6.0016791e-06
2671	6.0730301e-06
2672	6.2547547e-06
2673	6.1496893e-06
2674	5.9946117e-06
2675	5.9469624e-06
2676	5.8795256e-06
2677	6.1035375e-06
2678	6.5988922e-06
2679	7.0126866e-06
2680	7.3868743e-06
2681	7.5257832e-06
2682	7.4447519e-06
2683	7.1938143e-06
2684	6.7143385e-06
2685	6.577896e-06
2686	6.6441175e-06
2687	6.912058e-06
2688	6.7005193e-06
2689	6.6864231e-06
2690	6.1768881e-06
2691	5.8678298e-06
2692	5.8790154e-06
2693	6.7327855e-06
2694	7.3518757e-06
2695	7.1449819e-06
2696	6.643015e-06
2697	6.3496171e-06
2698	6.088598e-06
2699	5.9243572e-06
2700	6.3906837e-06
2701	5.9972231e-06
2702	5.3632409e-06
2703	5.0250717e-06
2704	4.9943666e-06
2705	5.055275e-06
2706	5.3933977e-06
2707	6.2209481e-06
2708	6.7376128e-06
2709	6.6147733e-06
2710	6.1564006e-06
2711	6.0253435e-06
2712	6.0653858e-06
2713	6.0112997e-06
2714	6.0547145e-06
2715	6.0432854e-06
2716	5.9353309e-06
2717	5.9405526e-06
2718	6.2488308e-06
2719	6.6986471e-06
2720	7.0443331e-06
2721	7.4376067e-06
2722	7.5243278e-06
2723	7.4404235e-06
2724	7.0386645e-06
2725	6.6221919e-06
2726	6.5215039e-06
2727	6.7595427e-06
2728	6.981297e-06
2729	6.6593524e-06
2730	6.620302e-06
2731	6.0611121e-06
2732	5.8554163e-06
2733	5.9586982e-06
2734	7.0178856e-06
2735	7.3384833e-06
2736	6.9493184e-06
2737	6.5375047e-06
2738	6.2430564e-06
2739	6.0004374e-06
2740	6.0258867e-06
2741	6.4184798e-06
2742	5.8302226e-06
2743	5.2363562e-06
2744	5.0222779e-06
2745	5.0036772e-06
2746	5.1075572e-06
2747	5.5702661e-06
2748	6.494175e-06
2749	6.706963e-06
2750	6.5148901e-06
2751	6.1006712e-06
2752	6.0450099e-06
2753	6.1682433e-06
2754	6.0593438e-06
2755	6.0673761e-06
2756	5.9950791e-06
2757	5.9327249e-06
2758	6.0093262e-06
2759	6.3728464e-06
2760	6.7861628e-06
2761	7.1358008e-06
2762	7.4710837e-06
2763	7.5067889e-06
2764	7.393459e-06
2765	6.9101731e-06
2766	6.6058274e-06
2767	6.5169097e-06
2768	6.8322814e-06
2769	6.9103115e-06
2770	6.7173556e-06
2771	6.585265e-06
2772	5.9681294e-06
2773	5.8539807e-06
2774	6.13044e-06
2775	7.1648911e-06
2776	7.2552671e-06
2777	6.86182e-06
2778	6.4832589e-06
2779	6.1635235e-06
2780	5.9733349e-06
2781	6.2465215e-06
2782	6.2769389e-06
2783	5.6496483e-06
2784	5.223376e-06
2785	4.994386e-06
2786	5.0408798e-06
2787	5.1090864e-06
2788	5.764291e-06
2789	6.5791631e-06
2790	6.7600838e-06
2791	6.4694885e-06
2792	6.0026774e-06
2793	6.0652704e-06
2794	6.3788018e-06
2795	6.1153149e-06
2796	6.0680744e-06
2797	6.0121426e-06
2798	5.9177263e-06
2799	6.0799144e-06
2800	6.5644822e-06
2801	6.9095228e-06
2802	7.2350011e-06
2803	7.5285265e-06
2804	7.5021128e-06
2805	7.315874e-06
2806	6.8284981e-06
2807	6.6365899e-06
2808	6.5715515e-06
2809	6.8684925e-06
2810	6.7640291e-06
2811	6.7130222e-06
2812	6.4549963e-06
2813	5.9198434e-06
2814	5.8742714e-06
2815	6.3511147e-06
2816	7.3358156e-06
2817	7.2413365e-06
2818	6.7381705e-06
2819	6.4280692e-06
2820	6.1674327e-06
2821	5.9636863e-06
2822	6.3989676e-06
2823	6.2610113e-06
2824	5.4313195e-06
2825	5.0986852e-06
2826	5.006558e-06
2827	5.078595e-06
2828	5.2280026e-06
2829	6.0352904e-06
2830	6.7299897e-06
2831	6.6398862e-06
2832	6.3434036e-06
2833	6.0067017e-06
2834	6.0714073e-06
2835	6.2423597e-06
2836	6.1741396e-06
2837	6.0319056e-06
2838	5.9509226e-06
2839	5.9198709e-06
2840	6.1680544e-06
2841	6.6658344e-06
2842	7.0464674e-06
2843	7.3820224e-06
2844	7.5256954e-06
2845	7.4777859e-06
2846	7.217052e-06
2847	6.7488997e-06
2848	6.6152152e-06
2849	6.686753e-06
2850	6.9690086e-06
2851	6.7318648e-06
2852	6.7408945e-06
2853	6.2239602e-06
2854	5.9375393e-06
2855	5.9443536e-06
2856	6.7976984e-06
2857	7.3800076e-06
2858	7.1589108e-06
2859	6.6705592e-06
2860	6.3845672e-06
2861	6.1227329e-06
2862	5.9938389e-06
2863	6.484867e-06
2864	5.9867312e-06
2865	5.3988849e-06
2866	5.0862333e-06
2867	5.0582938e-06
2868	5.1373857e-06
2869	5.4450847e-06
2870	6.2901369e-06
2871	6.7683515e-06
2872	6.6496956e-06
2873	6.1901259e-06
2874	6.045836e-06
2875	6.1067093e-06
2876	6.0542652e-06
2877	6.0598287e-06
2878	6.0680988e-06
2879	5.9713375e-06
2880	5.9813137e-06
2881	6.3015704e-06
2882	6.7657428e-06
2883	7.098225e-06
2884	7.4356209e-06
2885	7.5128537e-06
2886	7.4906405e-06
2887	7.0682823e-06
2888	6.6783006e-06
2889	6.5637817e-06
2890	6.7955962e-06
2891	7.0275619e-06
2892	6.732975e-06
2893	6.6650322e-06
2894	6.090461e-06
2895	5.8819218e-06
2896	6.0223195e-06
2897	7.0587188e-06
2898	7.352724e-06
2899	6.9826585e-06
2900	6.5655481e-06
2901	6.2887557e-06
2902	6.058852e-06
2903	6.0863481e-06
2904	6.4482881e-06
2905	5.8724609e-06
2906	5.2576805e-06
2907	5.050733e-06
2908	5.0350466e-06
2909	5.1620893e-06
2910	5.6249983e-06
2911	6.5544973e-06
2912	6.7993193e-06
2913	6.5550111e-06
2914	6.1354999e-06
2915	6.0824069e-06
2916	6.2219011e-06
2917	6.1056963e-06
2918	6.1298161e-06
2919	6.0361758e-06
2920	5.956652e-06
2921	6.0503506e-06
2922	6.46988e-06
2923	6.8610004e-06
2924	7.1930909e-06
2925	7.4881392e-06
2926	7.5168173e-06
2927	7.4304022e-06
2928	6.9521673e-06
2929	6.6598756e-06
2930	6.5701321e-06
2931	6.8682338e-06
2932	6.94377e-06
2933	6.7693393e-06
2934	6.6362262e-06
2935	6.0162912e-06
2936	5.9088604e-06
2937	6.2002626e-06
2938	7.2431349e-06
2939	7.2900907e-06
2940	6.8933417e-06
2941	6.5202345e-06
2942	6.1993353e-06
2943	6.0176964e-06
2944	6.3410577e-06
2945	6.3178635e-06
2946	5.6144062e-06
2947	5.2359232e-06
2948	5.0290117e-06
2949	5.1072591e-06
2950	5.1617531e-06
2951	5.84718e-06
2952	6.637866e-06
2953	6.8012803e-06
2954	6.5108528e-06
2955	6.0405756e-06
2956	6.1002759e-06
2957	6.4271186e-06
2958	6.1686948e-06
2959	6.0866703e-06
2960	6.059263e-06
2961	5.9508634e-06
2962	6.1227764e-06
2963	6.6495392e-06
2964	7.0095468e-06
2965	7.3065953e-06
2966	7.5460795e-06
2967	7.4910377e-06
2968	7.3439556e-06
2969	6.8703331e-06
2970	6.6686261e-06
2971	6.6265133e-06
2972	6.8873765e-06
2973	6.7867738e-06
2974	6.780952e-06
2975	6.4640949e-06
2976	5.9665567e-06
2977	5.9114043e-06
2978	6.4192467e-06
2979	7.3585294e-06
2980	7.2477083e-06
2981	6.753435e-06
2982	6.4340106e-06
2983	6.1766015e-06
2984	5.9962763e-06
2985	6.4666483e-06
2986	6.2927925e-06
2987	5.4342423e-06
2988	5.0721971e-06
2989	5.0281519e-06
2990	5.0992596e-06
2991	5.282869e-06
2992	6.1080626e-06
2993	6.7703835e-06
2994	6.6993227e-06
2995	6.3462751e-06
2996	6.0274089e-06
2997	6.1071337e-06
2998	6.2353968e-06
2999	6.2045424e-06
3000	6.0912934e-06
3001	5.9745517e-06
3002	5.9453823e-06
3003	6.2198091e-06
3004	6.7264753e-06
3005	7.1044945e-06
3006	7.4278519e-06
3007	7.5561641e-06
3008	7.4879662e-06
3009	7.223725e-06
3010	6.7985534e-06
3011	6.6440787e-06
3012	6.763466e-06
3013	7.0237902e-06
3014	6.7585737e-06
3015	6.7976585e-06
3016	6.2558306e-06
3017	5.9902833e-06
3018	5.9928384e-06
3019	6.9124847e-06
3020	7.4473076e-06
3021	7.1733469e-06
3022	6.6878562e-06
3023	6.3932799e-06
3024	6.1310204e-06
3025	6.0476303e-06
3026	6.5695982e-06
3027	5.9783545e-06
3028	5.3744836e-06
3029	5.0717496e-06
3030	5.0841497e-06
3031	5.1791889e-06
3032	5.5163196e-06
3033	6.4282089e-06
3034	6.8203739e-06
3035	6.6979583e-06
3036	6.2399462e-06
3037	6.1050898e-06
3038	6.172915e-06
3039	6.0861194e-06
3040	6.1070675e-06
3041	6.1228698e-06
3042	6.0138373e-06
3043	6.0376701e-06
3044	6.3759912e-06
3045	6.8659392e-06
3046	7.211593e-06
3047	7.5360678e-06
3048	7.58276e-06
3049	7.5271078e-06
3050	7.108316e-06
3051	6.7591679e-06
3052	6.6274261e-06
3053	6.8904664e-06
3054	7.1097063e-06
3055	6.8051749e-06
3056	6.7479182e-06
3057	6.1512965e-06
3058	5.9475939e-06
3059	6.1069467e-06
3060	7.1505977e-06
3061	7.4235934e-06
3062	7.0394581e-06
3063	6.6068659e-06
3064	6.3245708e-06
3065	6.0954746e-06
3066	6.1963139e-06
3067	6.5361083e-06
3068	5.9047274e-06
3069	5.2645467e-06
3070	5.0323891e-06
3071	5.0814345e-06
3072	5.2098312e-06
3073	5.7082178e-06
3074	6.6932809e-06
3075	6.9126751e-06
3076	6.6218343e-06
3077	6.2006335e-06
3078	6.1665051e-06
3079	6.3699017e-06
3080	6.197422e-06
3081	6.2140322e-06
3082	6.1259453e-06
3083	6.0178167e-06
3084	6.1464303e-06
3085	6.6010645e-06
3086	6.9753962e-06
3087	7.3407125e-06
3088	7.642077e-06
3089	7.6275697e-06
3090	7.4986798e-06
3091	7.0149583e-06
3092	6.7874905e-06
3093	6.678364e-06
3094	6.9769289e-06
3095	7.0410443e-06
3096	6.8602947e-06
3097	6.7642759e-06
3098	6.1192101e-06
3099	6.0027656e-06
3100	6.3310338e-06
3101	7.4145872e-06
3102	7.4142066e-06
3103	6.9891608e-06
3104	6.5879219e-06
3105	6.2817081e-06
3106	6.0860425e-06
3107	6.4767126e-06
3108	6.4627324e-06
3109	5.6559508e-06
3110	5.2641212e-06
3111	5.0653589e-06
3112	5.2028481e-06
3113	5.2574058e-06
3114	5.9992581e-06
3115	6.8066572e-06
3116	6.8998427e-06
3117	6.5884834e-06
3118	6.1558742e-06
3119	6.2286631e-06
3120	6.5765235e-06
3121	6.3198956e-06
3122	6.2047725e-06
3123	6.1663395e-06
3124	6.057777e-06
3125	6.2218668e-06
3126	6.7731619e-06
3127	7.1682853e-06
3128	7.496023e-06
3129	7.7340748e-06
3130	7.6457758e-06
3131	7.4735282e-06
3132	6.986951e-06
3133	6.8212107e-06
3134	6.7930278e-06
3135	7.0751214e-06
3136	6.9526018e-06
3137	6.9267702e-06
3138	6.5945968e-06
3139	6.1132628e-06
3140	6.045087e-06
3141	6.6148877e-06
3142	7.5632342e-06
3143	7.4234135e-06
3144	6.91107e-06
3145	6.5685304e-06
3146	6.2998561e-06
3147	6.1114213e-06
3148	6.6481978e-06
3149	6.4566479e-06
3150	5.5322578e-06
3151	5.1361315e-06
3152	5.104579e-06
3153	5.2002137e-06
3154	5.4307029e-06
3155	6.3109726e-06
3156	7.0089959e-06
3157	6.8789019e-06
3158	6.4645163e-06
3159	6.1999614e-06
3160	6.2838929e-06
3161	6.401415e-06
3162	6.3659416e-06
3163	6.2785363e-06
3164	6.1344973e-06
3165	6.1135273e-06
3166	6.3699713e-06
3167	6.8961379e-06
3168	7.2975772e-06
3169	7.6650001e-06
3170	7.7896869e-06
3171	7.7007409e-06
3172	7.4079615e-06
3173	6.9776326e-06
3174	6.8394559e-06
3175	6.9785792e-06
3176	7.2510136e-06
3177	6.9784702e-06
3178	6.9718558e-06
3179	6.435003e-06
3180	6.1833972e-06
3181	6.1652438e-06
3182	7.1766954e-06
3183	7.7053482e-06
3184	7.3812395e-06
3185	6.8823957e-06
3186	6.576168e-06
3187	6.2874284e-06
3188	6.2251701e-06
3189	6.794837e-06
3190	6.1880854e-06
3191	5.5402407e-06
3192	5.2132718e-06
3193	5.2230216e-06
3194	5.3552024e-06
3195	5.7231918e-06
3196	6.6966778e-06
3197	7.0707262e-06
3198	6.9146917e-06
3199	6.4419159e-06
3200	6.3267362e-06
3201	6.379459e-06
3202	6.3223849e-06
3203	6.3469108e-06
3204	6.3402564e-06
3205	6.2048168e-06
3206	6.2374021e-06
3207	6.5657432e-06
3208	7.0662135e-06
3209	7.4634723e-06
3210	7.7956013e-06
3211	7.8598206e-06
3212	7.7768473e-06
3213	7.330099e-06
3214	6.9791491e-06
3215	6.8648569e-06
3216	7.137981e-06
3217	7.3499655e-06
3218	7.0600904e-06
3219	6.968311e-06
3220	6.373202e-06
3221	6.1835501e-06
3222	6.3339922e-06
3223	7.4169859e-06
3224	7.6912458e-06
3225	7.2974652e-06
3226	6.814931e-06
3227	6.5302777e-06
3228	6.2763504e-06
3229	6.4137312e-06
3230	6.7472597e-06
3231	6.0934018e-06
3232	5.487715e-06
3233	5.2344959e-06
3234	5.2891905e-06
3235	5.4160354e-06
3236	5.9265161e-06
3237	6.9372559e-06
3238	7.1790117e-06
3239	6.8477695e-06
3240	6.4049325e-06
3241	6.3940291e-06
3242	6.6079235e-06
3243	6.42323e-06
3244	6.4490782e-06
3245	6.3772601e-06
3246	6.2407367e-06
3247	6.36952e-06
3248	6.8154228e-06
3249	7.1951333e-06
3250	7.596469e-06
3251	7.9108346e-06
3252	7.9093225e-06
3253	7.7704904e-06
3254	7.2613478e-06
3255	7.0192919e-06
3256	6.940441e-06
3257	7.2070591e-06
3258	7.2799742e-06
3259	7.1176624e-06
3260	7.0048931e-06
3261	6.3605061e-06
3262	6.2654863e-06
3263	6.5564441e-06
3264	7.6587744e-06
3265	7.6726012e-06
3266	7.2416145e-06
3267	6.8035693e-06
3268	6.5150069e-06
3269	6.2885442e-06
3270	6.7049624e-06
3271	6.7114856e-06
3272	5.8658547e-06
3273	5.4938666e-06
3274	5.2991811e-06
3275	5.488455e-06
3276	5.4918868e-06
3277	6.214424e-06
3278	7.0481905e-06
3279	7.1409675e-06
3280	6.8113051e-06
3281	6.3937858e-06
3282	6.4647923e-06
3283	6.8004291e-06
3284	6.5687255e-06
3285	6.437535e-06
3286	6.4099985e-06
3287	6.2978592e-06
3288	6.4516133e-06
3289	6.9710119e-06
3290	7.3816804e-06
3291	7.7559175e-06
3292	8.004633e-06
3293	7.9278362e-06
3294	7.7460078e-06
3295	7.2586263e-06
3296	7.0626051e-06
3297	7.0435441e-06
3298	7.3279726e-06
3299	7.2108058e-06
3300	7.1990292e-06
3301	6.8835422e-06
3302	6.3757334e-06
3303	6.2988644e-06
3304	6.8328684e-06
3305	7.795378e-06
3306	7.6623876e-06
3307	7.1787097e-06
3308	6.7995375e-06
3309	6.5344637e-06
3310	6.3375438e-06
3311	6.8652127e-06
3312	6.6725402e-06
3313	5.7763172e-06
3314	5.4134679e-06
3315	5.3786778e-06
3316	5.4754354e-06
3317	5.6652162e-06
3318	6.4763588e-06
3319	7.2033251e-06
3320	7.0904886e-06
3321	6.6934551e-06
3322	6.4021114e-06
3323	6.491248e-06
3324	6.643174e-06
3325	6.5620428e-06
3326	6.4933721e-06
3327	6.3647806e-06
3328	6.3629513e-06
3329	6.5737763e-06
3330	7.0807539e-06
3331	7.4987611e-06
3332	7.8897455e-06
3333	8.0393467e-06
3334	7.9395116e-06
3335	7.6632617e-06
3336	7.2381741e-06
3337	7.0832557e-06
3338	7.1945004e-06
3339	7.4598172e-06
3340	7.217598e-06
3341	7.2016818e-06
3342	6.6959916e-06
3343	6.4458508e-06
3344	6.4031203e-06
3345	7.3374087e-06
3346	7.9066764e-06
3347	7.6029564e-06
3348	7.101669e-06
3349	6.786272e-06
3350	6.5053003e-06
3351	6.4109542e-06
3352	6.9851143e-06
3353	6.3696479e-06
3354	5.7571155e-06
3355	5.4404203e-06
3356	5.4973391e-06
3357	5.655676e-06
3358	5.8928737e-06
3359	6.8202758e-06
3360	7.2076377e-06
3361	7.0516405e-06
3362	6.6064337e-06
3363	6.4698081e-06
3364	6.5169951e-06
3365	6.5284548e-06
3366	6.5034422e-06
3367	6.4833528e-06
3368	6.3619015e-06
3369	6.4142201e-06
3370	6.7142795e-06
3371	7.1984883e-06
3372	7.5997241e-06
3373	7.9638734e-06
3374	8.0266786e-06
3375	7.9316499e-06
3376	7.5323208e-06
3377	7.1833796e-06
3378	7.0424418e-06
3379	7.287925e-06
3380	7.5001337e-06
3381	7.2117269e-06
3382	7.1614432e-06
3383	6.6065158e-06
3384	6.4120539e-06
3385	6.5030995e-06
3386	7.4906807e-06
3387	7.8334221e-06
3388	7.4594615e-06
3389	6.9945064e-06
3390	6.7086424e-06
3391	6.436743e-06
3392	6.5211496e-06
3393	6.8510482e-06
3394	6.2507497e-06
3395	5.6804218e-06
3396	5.4548205e-06
3397	5.5187527e-06
3398	5.6368145e-06
3399	6.027414e-06
3400	6.9670114e-06
3401	7.2364206e-06
3402	6.9448037e-06
3403	6.5321418e-06
3404	6.4800239e-06
3405	6.6142245e-06
3406	6.4872833e-06
3407	6.5133935e-06
3408	6.4928249e-06
3409	6.3738811e-06
3410	6.488291e-06
3411	6.8758603e-06
3412	7.2649401e-06
3413	7.6630673e-06
3414	7.991647e-06
3415	8.0153571e-06
3416	7.8667673e-06
3417	7.4113369e-06
3418	7.1680243e-06
3419	7.0686865e-06
3420	7.3057523e-06
3421	7.4216541e-06
3422	7.2350097e-06
3423	7.1286988e-06
3424	6.5492493e-06
3425	6.4573228e-06
3426	6.6257624e-06
3427	7.6535184e-06
3428	7.7426892e-06
3429	7.3551404e-06
3430	6.911127e-06
3431	6.6536264e-06
3432	6.416291e-06
3433	6.6898407e-06
3434	6.7797955e-06
3435	6.0054739e-06
3436	5.6511194e-06
3437	5.4639949e-06
3438	5.7238851e-06
3439	5.6552508e-06
3440	6.2175858e-06
3441	7.0248042e-06
3442	7.1396716e-06
3443	6.8642342e-06
3444	6.447277e-06
3445	6.5115611e-06
3446	6.7515367e-06
3447	6.5396064e-06
3448	6.4624318e-06
3449	6.4627366e-06
3450	6.3711771e-06
3451	6.5120656e-06
3452	6.9555588e-06
3453	7.3528651e-06
3454	7.7215258e-06
3455	8.0043147e-06
3456	7.9368455e-06
3457	7.8068318e-06
3458	7.3474693e-06
3459	7.1298756e-06
3460	7.0837888e-06
3461	7.3335024e-06
3462	7.2566973e-06
3463	7.2469147e-06
3464	7.0219426e-06
3465	6.5028262e-06
3466	6.3927503e-06
3467	6.7616276e-06
3468	7.7065975e-06
3469	7.6680675e-06
3470	7.2419863e-06
3471	6.8536581e-06
3472	6.5941373e-06
3473	6.3814759e-06
3474	6.7930612e-06
3475	6.674318e-06
3476	5.850792e-06
3477	5.5329236e-06
3478	5.484813e-06
3479	5.5825205e-06
3480	5.7041117e-06
3481	6.3489007e-06
3482	7.0783075e-06
3483	7.0468886e-06
3484	6.7276841e-06
3485	6.3816379e-06
3486	6.4641523e-06
3487	6.6669207e-06
3488	6.5203423e-06
3489	6.4339378e-06
3490	6.3774601e-06
3491	6.3768783e-06
3492	6.5257746e-06
3493	6.9941469e-06
3494	7.4019739e-06
3495	7.7908968e-06
3496	7.9750579e-06
3497	7.9260416e-06
3498	7.6824321e-06
3499	7.2726614e-06
3500	7.1204306e-06
3501	7.1583258e-06
3502	7.4035979e-06
3503	7.2311394e-06
3504	7.2353757e-06
3505	6.8209702e-06
3506	6.5181219e-06
3507	6.4646471e-06
3508	7.0774606e-06
3509	7.8044408e-06
3510	7.6087066e-06
3511	7.1454551e-06
3512	6.8313621e-06
3513	6.5829526e-06
3514	6.3911685e-06
3515	6.9202749e-06
3516	6.4340794e-06
3517	5.7633081e-06
3518	5.5030122e-06
3519	5.5627814e-06
3520	5.7888307e-06
3521	5.8068762e-06
3522	6.5935199e-06
3523	7.0618569e-06
3524	6.9650757e-06
3525	6.5806642e-06
3526	6.3911647e-06
3527	6.4572622e-06
3528	6.5370966e-06
3529	6.4431578e-06
3530	6.4187702e-06
3531	6.3371768e-06
3532	6.4039717e-06
3533	6.6205643e-06
3534	7.0704791e-06
3535	7.4732018e-06
3536	7.8277078e-06
3537	7.9132328e-06
3538	7.8649205e-06
3539	7.5780995e-06
3540	7.1999147e-06
3541	7.0319936e-06
3542	7.2177096e-06
3543	7.4008771e-06
3544	7.1527659e-06
3545	7.1406287e-06
3546	6.6661373e-06
3547	6.4708054e-06
3548	6.4607274e-06
3549	7.2955813e-06
3550	7.7478387e-06
3551	7.4642961e-06
3552	7.0083883e-06
3553	6.7312552e-06
3554	6.4478585e-06
3555	6.4079151e-06
3556	6.7875953e-06
3557	6.2639994e-06
3558	5.6923562e-06
3559	5.5009336e-06
3560	5.5562879e-06
3561	5.6606838e-06
3562	5.9029651e-06
3563	6.7392788e-06
3564	7.0634377e-06
3565	6.8648087e-06
3566	6.4560551e-06
3567	6.3422514e-06
3568	6.4051869e-06
3569	6.3353678e-06
3570	6.3850511e-06
3571	6.3799859e-06
3572	6.3040026e-06
3573	6.4012633e-06
3574	6.6915369e-06
3575	7.0875324e-06
3576	7.470034e-06
3577	7.8049621e-06
3578	7.8552937e-06
3579	7.7854692e-06
3580	7.3664575e-06
3581	7.0862687e-06
3582	6.9977256e-06
3583	7.1840365e-06
3584	7.3483537e-06
3585	7.1259908e-06
3586	7.061505e-06
3587	6.5579104e-06
3588	6.4663324e-06
3589	6.4981971e-06
3590	7.4048786e-06
3591	7.6377378e-06
3592	7.3033104e-06
3593	6.8802461e-06
3594	6.6312401e-06
3595	6.3774821e-06
3596	6.4645529e-06
3597	6.6937056e-06
3598	6.0240176e-06
3599	5.6312916e-06
3600	5.4576835e-06
3601	5.6858295e-06
3602	5.6284449e-06
3603	6.0251159e-06
3604	6.7815174e-06
3605	6.9855487e-06
3606	6.7562824e-06
3607	6.3570484e-06
3608	6.370945e-06
3609	6.4887275e-06
3610	6.3730868e-06
3611	6.3419787e-06
3612	6.3686137e-06
3613	6.288051e-06
3614	6.4320145e-06
3615	6.7565426e-06
3616	7.1562336e-06
3617	7.5048463e-06
3618	7.800554e-06
3619	7.8108198e-06
3620	7.7106594e-06
3621	7.2867418e-06
3622	7.0191962e-06
3623	6.9900713e-06
3624	7.2155929e-06
3625	7.2275626e-06
3626	7.125861e-06
3627	6.94495e-06
3628	6.4697483e-06
3629	6.3752378e-06
3630	6.5853176e-06
3631	7.4920099e-06
3632	7.5620956e-06
3633	7.2129653e-06
3634	6.8223322e-06
3635	6.5247442e-06
3636	6.3201389e-06
3637	6.5676648e-06
3638	6.6104099e-06
3639	5.8633343e-06
3640	5.5214292e-06
3641	5.438184e-06
3642	5.5236005e-06
3643	5.6603361e-06
3644	6.1293709e-06
3645	6.8686824e-06
3646	6.9411441e-06
3647	6.6553127e-06
3648	6.2610808e-06
3649	6.3480313e-06
3650	6.5618156e-06
3651	6.398817e-06
3652	6.3296544e-06
3653	6.290542e-06
3654	6.2805185e-06
3655	6.3994479e-06
3656	6.8186432e-06
3657	7.2161537e-06
3658	7.5474894e-06
3659	7.7782193e-06
3660	7.8220781e-06
3661	7.621407e-06
3662	7.1788548e-06
3663	7.020101e-06
3664	7.0010343e-06
3665	7.1964581e-06
3666	7.0757307e-06
3667	7.0927196e-06
3668	6.8500099e-06
3669	6.4429378e-06
3670	6.4215515e-06
3671	6.7262969e-06
3672	7.5648997e-06
3673	7.4999955e-06
3674	7.0885948e-06
3675	6.7520749e-06
3676	6.5035222e-06
3677	6.3050979e-06
3678	6.696821e-06
3679	6.4189058e-06
3680	5.6921899e-06
3681	5.4542316e-06
3682	5.457984e-06
3683	5.7458724e-06
3684	5.6538203e-06
3685	6.2745509e-06
3686	6.8312502e-06
3687	6.8516499e-06
3688	6.5275464e-06
3689	6.2400788e-06
3690	6.3370505e-06
3691	6.4822227e-06
3692	6.3341466e-06
3693	6.257245e-06
3694	6.2313399e-06
3695	6.289836e-06
3696	6.4414413e-06
3697	6.8801684e-06
3698	7.2709638e-06
3699	7.6050516e-06
3700	7.7498709e-06
3701	7.7607408e-06
3702	7.5137352e-06
3703	7.1076125e-06
3704	6.9541306e-06
3705	7.0617454e-06
3706	7.2412181e-06
3707	7.0526605e-06
3708	7.0529991e-06
3709	6.6413699e-06
3710	6.4213705e-06
3711	6.3877556e-06
3712	7.0002928e-06
3713	7.6189576e-06
3714	7.4304373e-06
3715	7.001912e-06
3716	6.6919029e-06
3717	6.4109944e-06
3718	6.2873971e-06
3719	6.670627e-06
3720	6.2555969e-06
3721	5.6359386e-06
3722	5.4520751e-06
3723	5.4690039e-06
3724	5.6498786e-06
3725	5.7582268e-06
3726	6.4494908e-06
3727	6.9182716e-06
3728	6.7560935e-06
3729	6.3804748e-06
3730	6.1987695e-06
3731	6.3171582e-06
3732	6.3162358e-06
3733	6.2953418e-06
3734	6.2603624e-06
3735	6.2332813e-06
3736	6.303227e-06
3737	6.5018524e-06
3738	6.9298724e-06
3739	7.3017689e-06
3740	7.601062e-06
3741	7.7514111e-06
3742	7.7299444e-06
3743	7.3490751e-06
3744	7.0217424e-06
3745	6.9367342e-06
3746	7.058348e-06
3747	7.22581e-06
3748	6.9986352e-06
3749	6.9878132e-06
3750	6.5260925e-06
3751	6.4513872e-06
3752	6.3949743e-06
3753	7.1963113e-06
3754	7.5305118e-06
3755	7.2895834e-06
3756	6.8504841e-06
3757	6.582878e-06
3758	6.3333652e-06
3759	6.2718368e-06
3760	6.5902154e-06
3761	6.0323823e-06
3762	5.579693e-06
3763	5.3851555e-06
3764	5.667003e-06
3765	5.6068907e-06
3766	5.8172903e-06
3767	6.5381146e-06
3768	6.8465422e-06
3769	6.6764523e-06
3770	6.2626187e-06
3771	6.226448e-06
3772	6.2583176e-06
3773	6.1973064e-06
3774	6.2217721e-06
3775	6.2470401e-06
3776	6.1897789e-06
3777	6.316066e-06
3778	6.5813265e-06
3779	6.9586432e-06
3780	7.2928015e-06
3781	7.6202007e-06
3782	7.6805773e-06
3783	7.6235273e-06
3784	7.2075129e-06
3785	6.9123971e-06
3786	6.8623928e-06
3787	7.0757232e-06
3788	7.1765786e-06
3789	6.9679226e-06
3790	6.8526719e-06
3791	6.4162457e-06
3792	6.315795e-06
3793	6.4291877e-06
3794	7.2568655e-06
3795	7.4287718e-06
3796	7.1283395e-06
3797	6.7460074e-06
3798	6.4465697e-06
3799	6.2413848e-06
3800	6.3337069e-06
3801	6.4757374e-06
3802	5.8685115e-06
3803	5.4519287e-06
3804	5.3425112e-06
3805	5.4213682e-06
3806	5.6043009e-06
3807	5.9027306e-06
3808	6.6452334e-06
3809	6.8047172e-06
3810	6.5322065e-06
3811	6.1335623e-06
3812	6.2011005e-06
3813	6.3734411e-06
3814	6.2232916e-06
3815	6.1764041e-06
3816	6.181168e-06
3817	6.1657203e-06
3818	6.2882143e-06
3819	6.656195e-06
3820	7.0284508e-06
3821	7.3009957e-06
3822	7.6080758e-06
3823	7.6928723e-06
3824	7.4930483e-06
3825	7.0757012e-06
3826	6.9057926e-06
3827	6.8609531e-06
3828	7.0290926e-06
3829	7.0081503e-06
3830	6.9396557e-06
3831	6.7623856e-06
3832	6.376233e-06
3833	6.3777569e-06
3834	6.5170393e-06
3835	7.3252086e-06
3836	7.351619e-06
3837	7.0035866e-06
3838	6.6404466e-06
3839	6.3681297e-06
3840	6.1862329e-06
3841	6.4066091e-06
3842	6.2842766e-06
3843	5.6382114e-06
3844	5.3514601e-06
3845	5.3158409e-06
3846	5.6787873e-06
3847	5.5349234e-06
3848	5.9797492e-06
3849	6.6021198e-06
3850	6.6817285e-06
3851	6.3902628e-06
3852	6.0640829e-06
3853	6.1929703e-06
3854	6.3748658e-06
3855	6.1814703e-06
3856	6.0903588e-06
3857	6.1082819e-06
3858	6.1203697e-06
3859	6.296964e-06
3860	6.693063e-06
3861	7.0385237e-06
3862	7.3197641e-06
3863	7.5607255e-06
3864	7.5776922e-06
3865	7.3615697e-06
3866	6.9789195e-06
3867	6.8124844e-06
3868	6.8737622e-06
3869	7.0500883e-06
3870	6.8847454e-06
3871	6.8762687e-06
3872	6.597316e-06
3873	6.3322482e-06
3874	6.3068985e-06
3875	6.663491e-06
3876	7.3492411e-06
3877	7.2591053e-06
3878	6.8687244e-06
3879	6.5797119e-06
3880	6.2854534e-06
3881	6.1459346e-06
3882	6.4296839e-06
3883	6.1917003e-06
3884	5.495868e-06
3885	5.3136932e-06
3886	5.3315758e-06
3887	5.5170759e-06
3888	5.5931153e-06
3889	6.1082228e-06
3890	6.6293076e-06
3891	6.5306177e-06
3892	6.2108258e-06
3893	5.9995116e-06
3894	6.146071e-06
3895	6.1841856e-06
3896	6.1045746e-06
3897	6.0543691e-06
3898	6.0589099e-06
3899	6.1234216e-06
3900	6.2966598e-06
3901	6.6951366e-06
3902	7.0223295e-06
3903	7.3061605e-06
3904	7.5058271e-06
3905	7.5088612e-06
3906	7.182484e-06
3907	6.8649187e-06
3908	6.7701659e-06
3909	6.8352756e-06
3910	6.9793688e-06
3911	6.7894342e-06
3912	6.774618e-06
3913	6.3748462e-06
3914	6.3521381e-06
3915	6.2536861e-06
3916	6.8828971e-06
3917	7.2788218e-06
3918	7.1094408e-06
3919	6.6910645e-06
3920	6.4407371e-06
3921	6.1940016e-06
3922	6.0654802e-06
3923	6.391463e-06
3924	5.9163382e-06
3925	5.4311965e-06
3926	5.2216548e-06
3927	5.5289332e-06
3928	5.591915e-06
3929	5.5836484e-06
3930	6.2504243e-06
3931	6.570838e-06
3932	6.4356996e-06
3933	6.0505386e-06
3934	6.0159123e-06
3935	6.0505427e-06
3936	5.9968197e-06
3937	6.0084006e-06
3938	6.0267817e-06
3939	5.9826663e-06
3940	6.1315942e-06
3941	6.3287191e-06
3942	6.6803882e-06
3943	6.9840234e-06
3944	7.3300198e-06
3945	7.4362084e-06
3946	7.3884225e-06
3947	7.0281679e-06
3948	6.7276962e-06
3949	6.6378653e-06
3950	6.8503479e-06
3951	6.9328164e-06
3952	6.6804109e-06
3953	6.6271664e-06
3954	6.2723375e-06
3955	6.1636925e-06
3956	6.217416e-06
3957	6.9325741e-06
3958	7.1542743e-06
3959	6.8951889e-06
3960	6.5430422e-06
3961	6.2616436e-06
3962	6.026565e-06
3963	6.0340041e-06
3964	6.2286215e-06
3965	5.6937011e-06
3966	5.2643883e-06
3967	5.1724172e-06
3968	5.2502252e-06
3969	5.4415277e-06
3970	5.6308453e-06
3971	6.3203754e-06
3972	6.4908108e-06
3973	6.2599739e-06
3974	5.9108433e-06
3975	5.943231e-06
3976	6.0834871e-06
3977	5.9585733e-06
3978	5.9376822e-06
3979	5.9658348e-06
3980	5.9477433e-06
3981	6.090181e-06
3982	6.401284e-06
3983	6.7285137e-06
3984	6.9975213e-06
3985	7.3113854e-06
3986	7.4303469e-06
3987	7.2354317e-06
3988	6.8505167e-06
3989	6.6738037e-06
3990	6.607478e-06
3991	6.7588693e-06
3992	6.7859864e-06
3993	6.6465821e-06
3994	6.5022847e-06
3995	6.1810236e-06
3996	6.2014833e-06
3997	6.2639127e-06
3998	6.9935747e-06
3999	7.0527864e-06
4000	6.7431818e-06
4001	6.4026612e-06
4002	6.1416101e-06
4003	5.9513563e-06
4004	6.062709e-06
4005	6.0712195e-06
4006	5.4541186e-06
4007	5.1372548e-06
4008	5.0934398e-06
4009	5.4769018e-06
4010	5.3539832e-06
4011	5.688037e-06
4012	6.2991199e-06
4013	6.3681503e-06
4014	6.11499e-06
4015	5.8139193e-06
4016	5.9584262e-06
4017	6.1201307e-06
4018	5.9388247e-06
4019	5.8578489e-06
4020	5.8756049e-06
4021	5.8937486e-06
4022	6.0869199e-06
4023	6.4188496e-06
4024	6.7151265e-06
4025	7.0088251e-06
4026	7.2806007e-06
4027	7.2922506e-06
4028	7.1167506e-06
4029	6.7532243e-06
4030	6.5888681e-06
4031	6.5930818e-06
4032	6.7471178e-06
4033	6.5741508e-06
4034	6.567362e-06
4035	6.3858271e-06
4036	6.1377484e-06
4037	6.074113e-06
4038	6.3525577e-06
4039	7.018867e-06
4040	6.9476037e-06
4041	6.6017914e-06
4042	6.3419171e-06
4043	6.0530816e-06
4044	5.8832168e-06
4045	6.1049409e-06
4046	5.9451438e-06
4047	5.2735093e-06
4048	5.0645108e-06
4049	5.1268209e-06
4050	5.2530011e-06
4051	5.3510448e-06
4052	5.77637e-06
4053	6.2967151e-06
4054	6.2343067e-06
4055	5.9692021e-06
4056	5.7722709e-06
4057	5.9111967e-06
4058	5.9683484e-06
4059	5.8829102e-06
4060	5.8105478e-06
4061	5.815023e-06
4062	5.90978e-06
4063	6.0381465e-06
4064	6.4359902e-06
4065	6.7385032e-06
4066	7.0283742e-06
4067	7.2383684e-06
4068	7.2589261e-06
4069	6.9795153e-06
4070	6.6424137e-06
4071	6.5691858e-06
4072	6.615972e-06
4073	6.7242435e-06
4074	6.542464e-06
4075	6.5254073e-06
4076	6.1678715e-06
4077	6.1414474e-06
4078	6.0707434e-06
4079	6.5617611e-06
4080	7.028891e-06
4081	6.871937e-06
4082	6.490128e-06
4083	6.2373362e-06
4084	5.9703559e-06
4085	5.8087458e-06
4086	6.1456067e-06
4087	5.6991349e-06
4088	5.1816062e-06
4089	4.9657109e-06
4090	5.247266e-06
4091	5.4648688e-06
4092	5.3347279e-06
4093	5.9561292e-06
4094	6.2957423e-06
4095	6.1782547e-06
4096	5.8392468e-06
4097	5.8009201e-06
4098	5.8514907e-06
4099	5.8226506e-06
4100	5.8192967e-06
4101	5.8253451e-06
4102	5.7871759e-06
4103	5.9617546e-06
4104	6.1261444e-06
4105	6.4666979e-06
4106	6.7995992e-06
4107	7.1289612e-06
4108	7.2649837e-06
4109	7.1992478e-06
4110	6.8887107e-06
4111	6.5763163e-06
4112	6.467197e-06
4113	6.671813e-06
4114	6.7365982e-06
4115	6.4872971e-06
4116	6.4675888e-06
4117	6.1287586e-06
4118	6.0230507e-06
4119	6.0448824e-06
4120	6.7322564e-06
4121	6.9652308e-06
4122	6.719068e-06
4123	6.3847321e-06
4124	6.1042926e-06
4125	5.8387347e-06
4126	5.8331813e-06
4127	6.0468525e-06
4128	5.5480488e-06
4129	5.0809488e-06
4130	5.0127277e-06
4131	5.0969378e-06
4132	5.2722861e-06
4133	5.4281266e-06
4134	6.1000915e-06
4135	6.281916e-06
4136	6.085527e-06
4137	5.7630226e-06
4138	5.7642957e-06
4139	5.8833414e-06
4140	5.7640434e-06
4141	5.7955102e-06
4142	5.7937925e-06
4143	5.7916308e-06
4144	5.9388221e-06
4145	6.1946126e-06
4146	6.5254367e-06
4147	6.8272037e-06
4148	7.1194865e-06
4149	7.2524211e-06
4150	7.1097277e-06
4151	6.7085056e-06
4152	6.5226363e-06
4153	6.4685887e-06
4154	6.6324433e-06
4155	6.6491867e-06
4156	6.4747899e-06
4157	6.3690282e-06
4158	6.0358207e-06
4159	6.0722522e-06
4160	6.1223529e-06
4161	6.8366361e-06
4162	6.942559e-06
4163	6.6512931e-06
4164	6.2884984e-06
4165	6.026461e-06
4166	5.824471e-06
4167	5.9645557e-06
4168	6.0082742e-06
4169	5.3599416e-06
4170	5.0261092e-06
4171	4.9619025e-06
4172	5.3814947e-06
4173	5.303072e-06
4174	5.5408976e-06
4175	6.1768327e-06
4176	6.254317e-06
4177	6.0143548e-06
4178	5.724949e-06
4179	5.8721754e-06
4180	6.0231879e-06
4181	5.8672963e-06
4182	5.774744e-06
4183	5.7952053e-06
4184	5.7962501e-06
4185	5.9975924e-06
4186	6.3057003e-06
4187	6.6008793e-06
4188	6.9338214e-06
4189	7.2004467e-06
4190	7.224722e-06
4191	7.0606341e-06
4192	6.7001622e-06
4193	6.5265268e-06
4194	6.4959565e-06
4195	6.6690869e-06
4196	6.4979288e-06
4197	6.4871738e-06
4198	6.3202094e-06
4199	6.0534738e-06
4200	5.9675055e-06
4201	6.2293781e-06
4202	6.9188417e-06
4203	6.8509816e-06
4204	6.5441498e-06
4205	6.253453e-06
4206	5.95395e-06
4207	5.7643043e-06
4208	6.0022184e-06
4209	5.8634505e-06
4210	5.1785794e-06
4211	4.9495626e-06
4212	5.0320087e-06
4213	5.1737673e-06
4214	5.2539492e-06
4215	5.6564364e-06
4216	6.2078259e-06
4217	6.1636905e-06
4218	5.9236198e-06
4219	5.692807e-06
4220	5.8405166e-06
4221	5.9227161e-06
4222	5.8289414e-06
4223	5.7470927e-06
4224	5.7584394e-06
4225	5.8706774e-06
4226	5.9849481e-06
4227	6.3747722e-06
4228	6.7058824e-06
4229	7.0142672e-06
4230	7.2113727e-06
4231	7.2503832e-06
4232	7.0086379e-06
4233	6.6328088e-06
4234	6.5679938e-06
4235	6.5976785e-06
4236	6.6830243e-06
4237	6.523503e-06
4238	6.5161512e-06
4239	6.1977065e-06
4240	6.125959e-06
4241	6.09567e-06
4242	6.5117477e-06
4243	7.0148213e-06
4244	6.8851042e-06
4245	6.5145213e-06
4246	6.2271857e-06
4247	5.9563614e-06
4248	5.8035651e-06
4249	6.1212138e-06
4250	5.6955167e-06
4251	5.1504765e-06
4252	4.9729299e-06
4253	5.1784093e-06
4254	5.5719083e-06
4255	5.302299e-06
4256	5.8925321e-06
4257	6.253473e-06
4258	6.1423199e-06
4259	5.7973657e-06
4260	5.7557836e-06
4261	5.8294444e-06
4262	5.7888828e-06
4263	5.7776994e-06
4264	5.7524706e-06
4265	5.7727218e-06
4266	5.8996349e-06
4267	6.0565742e-06
4268	6.4051083e-06
4269	6.7473698e-06
4270	7.0873477e-06
4271	7.2163162e-06
4272	7.1552821e-06
4273	6.8845336e-06
4274	6.5662911e-06
4275	6.4257227e-06
4276	6.6133132e-06
4277	6.6745816e-06
4278	6.4453355e-06
4279	6.4503974e-06
4280	6.1195067e-06
4281	6.0234266e-06
4282	5.9898333e-06
4283	6.6679895e-06
4284	6.9375674e-06
4285	6.6969759e-06
4286	6.3799147e-06
4287	6.0833191e-06
4288	5.7882089e-06
4289	5.7877921e-06
4290	5.9931518e-06
4291	5.539434e-06
4292	5.0706983e-06
4293	5.0228721e-06
4294	5.1276529e-06
4295	5.2524856e-06
4296	5.3867068e-06
4297	6.0169694e-06
4298	6.2115987e-06
4299	6.0667618e-06
4300	5.7677285e-06
4301	5.7380031e-06
4302	5.8427797e-06
4303	5.7489707e-06
4304	5.7898516e-06
4305	5.802359e-06
4306	5.8107185e-06
4307	5.9460896e-06
4308	6.1459287e-06
4309	6.5053652e-06
4310	6.8107651e-06
4311	7.0953454e-06
4312	7.2402935e-06
4313	7.128111e-06
4314	6.743126e-06
4315	6.5277098e-06
4316	6.480979e-06
4317	6.6253643e-06
4318	6.6445846e-06
4319	6.4766577e-06
4320	6.3834839e-06
4321	6.0509436e-06
4322	6.0890196e-06
4323	6.0958522e-06
4324	6.7483213e-06
4325	6.8904291e-06
4326	6.636248e-06
4327	6.2631863e-06
4328	6.0000914e-06
4329	5.7834601e-06
4330	5.880488e-06
4331	5.9474776e-06
4332	5.3221697e-06
4333	4.9989715e-06
4334	4.9352912e-06
4335	5.3617232e-06
4336	5.3186621e-06
4337	5.4547028e-06
4338	6.0617861e-06
4339	6.1484386e-06
4340	5.9497557e-06
4341	5.6566532e-06
4342	5.8047841e-06
4343	5.918066e-06
4344	5.7737736e-06
4345	5.6973053e-06
4346	5.7455373e-06
4347	5.7357081e-06
4348	5.9307902e-06
4349	6.1975323e-06
4350	6.5153999e-06
4351	6.8230129e-06
4352	7.104035e-06
4353	7.1517654e-06
4354	7.0034857e-06
4355	6.6622946e-06
4356	6.4913091e-06
4357	6.4207879e-06
4358	6.59125e-06
4359	6.456304e-06
4360	6.4012535e-06
4361	6.2939728e-06
4362	6.0450186e-06
4363	5.9767939e-06
4364	6.161312e-06
4365	6.7993857e-06
4366	6.8005597e-06
4367	6.5057156e-06
4368	6.2098731e-06
4369	5.9114085e-06
4370	5.7206036e-06
4371	5.9319439e-06
4372	5.7982977e-06
4373	5.1621946e-06
4374	4.9520709e-06
4375	5.0387283e-06
4376	5.2223789e-06
4377	5.2303493e-06
4378	5.5529117e-06
4379	6.0785163e-06
4380	6.0878046e-06
4381	5.8818536e-06
4382	5.6657723e-06
4383	5.7832098e-06
4384	5.9212592e-06
4385	5.7762692e-06
4386	5.6680232e-06
4387	5.7361537e-06
4388	5.8172825e-06
4389	5.9268587e-06
4390	6.2577155e-06
4391	6.6162463e-06
4392	6.8881463e-06
4393	7.0941603e-06
4394	7.186232e-06
4395	6.955215e-06
4396	6.5757148e-06
4397	6.516466e-06
4398	6.5226823e-06
4399	6.5565511e-06
4400	6.4333449e-06
4401	6.4427397e-06
4402	6.1984412e-06
4403	6.0646108e-06
4404	6.0632856e-06
4405	6.3324405e-06
4406	6.8554377e-06
4407	6.80823e-06
4408	6.4520847e-06
4409	6.1435064e-06
4410	5.8965269e-06
4411	5.7317014e-06
4412	5.9843655e-06
4413	5.6448075e-06
4414	5.0841912e-06
4415	4.9376382e-06
4416	5.0706568e-06
4417	5.5203127e-06
4418	5.2149493e-06
4419	5.6950527e-06
4420	6.0710571e-06
4421	6.0130632e-06
4422	5.7118163e-06
4423	5.6604283e-06
4424	5.7591241e-06
4425	5.7425945e-06
4426	5.6923444e-06
4427	5.6570956e-06
4428	5.6966333e-06
4429	5.807377e-06
4430	5.9343386e-06
4431	6.2612974e-06
4432	6.5795624e-06
4433	6.917493e-06
4434	7.0589699e-06
4435	7.0491983e-06
4436	6.8219499e-06
4437	6.5071542e-06
4438	6.368007e-06
4439	6.4884422e-06
4440	6.5428378e-06
4441	6.3542816e-06
4442	6.3590766e-06
4443	6.0889464e-06
4444	6.0174187e-06
4445	5.925063e-06
4446	6.5104614e-06
4447	6.8294496e-06
4448	6.6392939e-06
4449	6.3360188e-06
4450	6.0478267e-06
4451	5.7543556e-06
4452	5.7146776e-06
4453	5.9044078e-06
4454	5.4890934e-06
4455	5.0410505e-06
4456	5.023108e-06
4457	5.1594215e-06
4458	5.2077983e-06
4459	5.2897469e-06
4460	5.8309321e-06
4461	6.0760305e-06
4462	5.965445e-06
4463	5.6853848e-06
4464	5.6526632e-06
4465	5.7238335e-06
4466	5.6459881e-06
4467	5.6741358e-06
4468	5.6921639e-06
4469	5.7319237e-06
4470	5.8513067e-06
4471	5.9808643e-06
4472	6.3632797e-06
4473	6.6655281e-06
4474	6.9324456e-06
4475	7.0948424e-06
4476	7.0514574e-06
4477	6.6827977e-06
4478	6.4426665e-06
4479	6.3922273e-06
4480	6.5162411e-06
4481	6.5132917e-06
4482	6.3733869e-06
4483	6.305808e-06
4484	5.9939585e-06
4485	6.0208627e-06
4486	6.0169661e-06
4487	6.5969713e-06
4488	6.7898525e-06
4489	6.5790458e-06
4490	6.2077882e-06
4491	5.9352178e-06
4492	5.7417509e-06
4493	5.753059e-06
4494	5.8523149e-06
4495	5.306533e-06
4496	4.9830232e-06
4497	4.8843668e-06
4498	5.2689119e-06
4499	5.3099199e-06
4500	5.3418169e-06
4501	5.9069136e-06
4502	6.0223218e-06
4503	5.8679476e-06
4504	5.5817256e-06
4505	5.7010884e-06
4506	5.7851624e-06
4507	5.6443909e-06
4508	5.6221324e-06
4509	5.6583151e-06
4510	5.6389781e-06
4511	5.8320843e-06
4512	6.072812e-06
4513	6.3890384e-06
4514	6.6696325e-06
4515	6.9742854e-06
4516	7.0462468e-06
4517	6.9176607e-06
4518	6.5877109e-06
4519	6.4076426e-06
4520	6.3094153e-06
4521	6.4848969e-06
4522	6.4005904e-06
4523	6.2990753e-06
4524	6.2326613e-06
4525	5.9953667e-06
4526	5.9392586e-06
4527	6.0520303e-06
4528	6.6731922e-06
4529	6.7382112e-06
4530	6.4614261e-06
4531	6.1641967e-06
4532	5.8622164e-06
4533	5.656343e-06
4534	5.8141128e-06
4535	5.7251713e-06
4536	5.148127e-06
4537	4.9419763e-06
4538	5.031444e-06
4539	5.2077011e-06
4540	5.1899491e-06
4541	5.4457635e-06
4542	5.9728349e-06
4543	6.0206154e-06
4544	5.8422896e-06
4545	5.6007345e-06
4546	5.6853424e-06
4547	5.8522731e-06
4548	5.6863385e-06
4549	5.6137765e-06
4550	5.6721514e-06
4551	5.738767e-06
4552	5.8553817e-06
4553	6.1538253e-06
4554	6.5031208e-06
4555	6.7450992e-06
4556	6.9676556e-06
4557	7.1200379e-06
4558	6.9033142e-06
4559	6.5008246e-06
4560	6.4382809e-06
4561	6.4082276e-06
4562	6.4484542e-06
4563	6.335335e-06
4564	6.3541995e-06
4565	6.1914278e-06
4566	5.9942753e-06
4567	6.0517463e-06
4568	6.1788296e-06
4569	6.7344858e-06
4570	6.731257e-06
4571	6.4030233e-06
4572	6.0680939e-06
4573	5.8475582e-06
4574	5.692465e-06
4575	5.8735036e-06
4576	5.62943e-06
4577	5.0624061e-06
4578	4.9157091e-06
4579	4.9895605e-06
4580	5.4364412e-06
4581	5.1583179e-06
4582	5.5197976e-06
4583	5.9642513e-06
4584	5.9321062e-06
4585	5.6865776e-06
4586	5.5831039e-06
4587	5.7290979e-06
4588	5.7317049e-06
4589	5.6437327e-06
4590	5.5978466e-06
4591	5.6396643e-06
4592	5.7261329e-06
4593	5.8713054e-06
4594	6.189265e-06
4595	6.4939284e-06
4596	6.8011636e-06
4597	6.9923446e-06
4598	7.0063072e-06
4599	6.7925036e-06
4600	6.4665048e-06
4601	6.3373377e-06
4602	6.419906e-06
4603	6.4813411e-06
4604	6.3281644e-06
4605	6.3175516e-06
4606	6.0800805e-06
4607	6.006891e-06
4608	5.904688e-06
4609	6.3888709e-06
4610	6.7588799e-06
4611	6.6236429e-06
4612	6.3060486e-06
4613	6.0487913e-06
4614	5.7490605e-06
4615	5.6754317e-06
4616	5.8673452e-06
4617	5.4821193e-06
4618	5.0526006e-06
4619	5.0123691e-06
4620	5.1794014e-06
4621	5.2144551e-06
4622	5.2469131e-06
4623	5.7222181e-06
4624	6.0316618e-06
4625	5.9375585e-06
4626	5.6453404e-06
4627	5.591751e-06
4628	5.6737393e-06
4629	5.6272188e-06
4630	5.6459794e-06
4631	5.6291616e-06
4632	5.6845416e-06
4633	5.7944193e-06
4634	5.8916576e-06
4635	6.2636109e-06
4636	6.5682591e-06
4637	6.8417709e-06
4638	7.0204023e-06
4639	7.0259529e-06
4640	6.654174e-06
4641	6.3850941e-06
4642	6.32968e-06
4643	6.4441549e-06
4644	6.4331026e-06
4645	6.30762e-06
4646	6.2782529e-06
4647	5.9634735e-06
4648	6.0054577e-06
4649	5.9805774e-06
4650	6.5001683e-06
4651	6.7071123e-06
4652	6.5312973e-06
4653	6.1654435e-06
4654	5.8812742e-06
4655	5.6984411e-06
4656	5.6635271e-06
4657	5.7534248e-06
4658	5.2958619e-06
4659	4.9659216e-06
4660	4.854748e-06
4661	5.1937718e-06
4662	5.3165987e-06
4663	5.2488201e-06
4664	5.7653538e-06
4665	5.9376201e-06
4666	5.8053546e-06
4667	5.5152695e-06
4668	5.6092239e-06
4669	5.6646681e-06
4670	5.5301257e-06
4671	5.5572283e-06
4672	5.5929226e-06
4673	5.5691074e-06
4674	5.7656e-06
4675	5.9787667e-06
4676	6.2784759e-06
4677	6.52057e-06
4678	6.8480594e-06
4679	6.969768e-06
4680	6.8224011e-06
4681	6.5295229e-06
4682	6.3214993e-06
4683	6.1907006e-06
4684	6.3916106e-06
4685	6.3438581e-06
4686	6.2192008e-06
4687	6.1497099e-06
4688	5.9350345e-06
4689	5.9076229e-06
4690	5.9405249e-06
4691	6.53529e-06
4692	6.6012925e-06
4693	6.3641038e-06
4694	6.0583687e-06
4695	5.785751e-06
4696	5.5537885e-06
4697	5.6604563e-06
4698	5.61259e-06
4699	5.098957e-06
4700	4.8790306e-06
4701	4.9570841e-06
4702	5.1217188e-06
4703	5.1049267e-06
4704	5.3004718e-06
4705	5.7974507e-06
4706	5.8772497e-06
4707	5.7363184e-06
4708	5.4758699e-06
4709	5.5841055e-06
4710	5.7211957e-06
4711	5.5806021e-06
4712	5.5161512e-06
4713	5.5718608e-06
4714	5.6238644e-06
4715	5.7670264e-06
4716	6.0239026e-06
4717	6.3566764e-06
4718	6.5684508e-06
4719	6.8300486e-06
4720	7.0137993e-06
4721	6.7987565e-06
4722	6.4099333e-06
4723	6.3269151e-06
4724	6.2777827e-06
4725	6.3275674e-06
4726	6.2207406e-06
4727	6.2438335e-06
4728	6.1155128e-06
4729	5.9164437e-06
4730	6.0000822e-06
4731	6.0461369e-06
4732	6.5493225e-06
4733	6.5844739e-06
4734	6.2864657e-06
4735	5.9756706e-06
4736	5.7374125e-06
4737	5.5988404e-06
4738	5.6918579e-06
4739	5.5086339e-06
4740	5.0150628e-06
4741	4.8403649e-06
4742	4.8573306e-06
4743	5.3325518e-06
4744	5.0807197e-06
4745	5.3235699e-06
4746	5.7824337e-06
4747	5.794266e-06
4748	5.5888933e-06
4749	5.4330928e-06
4750	5.6301134e-06
4751	5.6270959e-06
4752	5.5190881e-06
4753	5.459047e-06
4754	5.5161502e-06
4755	5.5725477e-06
4756	5.7591828e-06
4757	6.0329169e-06
4758	6.2828752e-06
4759	6.5977753e-06
4760	6.8329437e-06
4761	6.8929459e-06
4762	6.6562852e-06
4763	6.3588259e-06
4764	6.2240398e-06
4765	6.2484024e-06
4766	6.338205e-06
4767	6.1882878e-06
4768	6.1564213e-06
4769	5.9671115e-06
4770	5.9156184e-06
4771	5.7921484e-06
4772	6.1504171e-06
4773	6.5607685e-06
4774	6.4703667e-06
4775	6.1582278e-06
4776	5.9298095e-06
4777	5.6256658e-06
4778	5.493933e-06
4779	5.6556061e-06
4780	5.3441984e-06
4781	4.8799777e-06
4782	4.8479011e-06
4783	5.0301881e-06
4784	5.0590419e-06
4785	5.0417322e-06
4786	5.440183e-06
4787	5.7806596e-06
4788	5.6998367e-06
4789	5.4626437e-06
4790	5.3841501e-06
4791	5.4756393e-06
4792	5.4821526e-06
4793	5.4603294e-06
4794	5.4089971e-06
4795	5.4877803e-06
4796	5.6353659e-06
4797	5.6909025e-06
4798	6.0464202e-06
4799	6.3340887e-06
4800	6.6199977e-06
4801	6.8249188e-06
4802	6.8573807e-06
4803	6.5210103e-06
4804	6.2205467e-06
4805	6.1715657e-06
4806	6.2803443e-06
4807	6.2473769e-06
4808	6.1646714e-06
4809	6.1368275e-06
4810	5.8537686e-06
4811	5.8958327e-06
4812	5.8510518e-06
4813	6.3009767e-06
4814	6.5214727e-06
4815	6.3963861e-06
4816	6.0312433e-06
4817	5.7756074e-06
4818	5.5833023e-06
4819	5.5031705e-06
4820	5.580223e-06
4821	5.2159699e-06
4822	4.8591264e-06
4823	4.7440891e-06
4824	5.0573638e-06
4825	5.2087704e-06
4826	5.08431e-06
4827	5.5583207e-06
4828	5.7643652e-06
4829	5.6519237e-06
4830	5.369427e-06
4831	5.4632878e-06
4832	5.4987681e-06
4833	5.3880816e-06
4834	5.4312771e-06
4835	5.4496489e-06
4836	5.4471435e-06
4837	5.6450381e-06
4838	5.8207267e-06
4839	6.0980716e-06
4840	6.3313425e-06
4841	6.7050165e-06
4842	6.829955e-06
4843	6.6952182e-06
4844	6.4178565e-06
4845	6.1967781e-06
4846	6.0637319e-06
4847	6.2645362e-06
4848	6.2410344e-06
4849	6.088502e-06
4850	6.027515e-06
4851	5.8444542e-06
4852	5.8245687e-06
4853	5.8098527e-06
4854	6.3669002e-06
4855	6.468362e-06
4856	6.2186427e-06
4857	5.9620672e-06
4858	5.6992857e-06
4859	5.4667419e-06
4860	5.5039055e-06
4861	5.4923233e-06
4862	5.0390217e-06
4863	4.758859e-06
4864	4.8213165e-06
4865	5.0145679e-06
4866	4.9385634e-06
4867	5.1298747e-06
4868	5.6011327e-06
4869	5.7005295e-06
4870	5.5705762e-06
4871	5.3381212e-06
4872	5.4321854e-06
4873	5.548089e-06
4874	5.412026e-06
4875	5.3524525e-06
4876	5.3967392e-06
4877	5.4565378e-06
4878	5.6357228e-06
4879	5.8178343e-06
4880	6.1573207e-06
4881	6.3880452e-06
4882	6.6566673e-06
4883	6.8406834e-06
4884	6.6415792e-06
4885	6.2878361e-06
4886	6.1414043e-06
4887	6.1218059e-06
4888	6.1871746e-06
4889	6.1019249e-06
4890	6.1052418e-06
4891	5.9922756e-06
4892	5.7756397e-06
4893	5.8758954e-06
4894	5.9035996e-06
4895	6.3820342e-06
4896	6.4460044e-06
4897	6.189633e-06
4898	5.8980391e-06
4899	5.6386909e-06
4900	5.4852979e-06
4901	5.5523524e-06
4902	5.4446285e-06
4903	4.9423682e-06
4904	4.7516805e-06
4905	4.7373634e-06
4906	5.1886763e-06
4907	5.0237295e-06
4908	5.2087752e-06
4909	5.6911625e-06
4910	5.7280548e-06
4911	5.5367878e-06
4912	5.3651662e-06
4913	5.5699488e-06
4914	5.5989577e-06
4915	5.4712881e-06
4916	5.3935918e-06
4917	5.4637327e-06
4918	5.509147e-06
4919	5.7172888e-06
4920	5.9699205e-06
4921	6.2121422e-06
4922	6.5426641e-06
4923	6.788144e-06
4924	6.8750571e-06
4925	6.6326285e-06
4926	6.3348429e-06
4927	6.180178e-06
4928	6.1850029e-06
4929	6.3012023e-06
4930	6.1469535e-06
4931	6.1076095e-06
4932	5.9755657e-06
4933	5.8928988e-06
4934	5.8034476e-06
4935	6.0505101e-06
4936	6.5076319e-06
4937	6.4383996e-06
4938	6.135524e-06
4939	5.9234704e-06
4940	5.6097397e-06
4941	5.4321277e-06
4942	5.6103139e-06
4943	5.3598425e-06
4944	4.8345852e-06
4945	4.7988227e-06
4946	5.0071456e-06
4947	5.0237047e-06
4948	4.9923654e-06
4949	5.3502518e-06
4950	5.7201714e-06
4951	5.6431941e-06
4952	5.4474358e-06
4953	5.3502625e-06
4954	5.444153e-06
4955	5.4641087e-06
4956	5.4054461e-06
4957	5.3406002e-06
4958	5.4247718e-06
4959	5.5953119e-06
4960	5.6508342e-06
4961	5.9534199e-06
4962	6.2609319e-06
4963	6.5678846e-06
4964	6.7231475e-06
4965	6.8049178e-06
4966	6.4931917e-06
4967	6.1512859e-06
4968	6.1111161e-06
4969	6.2194494e-06
4970	6.1959177e-06
4971	6.0889455e-06
4972	6.0711549e-06
4973	5.8067037e-06
4974	5.8306838e-06
4975	5.7817579e-06
4976	6.1889504e-06
4977	6.4108592e-06
4978	6.3315416e-06
4979	5.9987222e-06
4980	5.7117925e-06
4981	5.496933e-06
4982	5.4098319e-06
4983	5.546902e-06
4984	5.1682218e-06
4985	4.7910134e-06
4986	4.6756451e-06
4987	4.8732837e-06
4988	5.120962e-06
4989	4.9938481e-06
4990	5.4217024e-06
4991	5.6701818e-06
4992	5.5664274e-06
4993	5.2772827e-06
4994	5.3544225e-06
4995	5.4524687e-06
4996	5.3440411e-06
4997	5.3748587e-06
4998	5.3860673e-06
4999	5.4198465e-06
5000	5.5971088e-06
