1	2.04
2	2.77
3	3.61
4	4.25
5	5.01
6	5.86
7	6.45
8	7.13
9	7.85
10	8.53
11	9.29
12	10.2
13	10.84
14	11.47
15	12.12
16	12.74
17	13.33
18	13.86
19	14.41
20	15.06
21	15.63
22	16.21
23	16.76
24	17.33
25	17.88
26	18.45
27	19.07
28	19.56
29	20.08
30	20.59
31	21.12
32	21.67
33	22.21
34	22.74
35	23.3
36	23.88
37	24.5
38	25.05
39	25.62
40	26.23
41	26.87
42	27.49
43	28.09
44	28.7
45	29.24
46	29.79
47	30.33
48	30.88
49	31.44
50	31.97
51	32.5
52	33.03
53	33.59
54	34.17
55	34.72
56	35.26
57	35.81
58	36.35
59	36.9
60	37.49
61	38.2
62	38.9
63	39.64
64	40.39
65	41.19
66	41.86
67	42.62
68	43.4
69	44.16
70	44.95
71	45.92
72	46.54
73	47.23
74	47.85
75	48.51
76	49.2
77	49.89
78	50.55
79	51.19
80	51.89
81	52.58
82	53.21
83	53.81
84	54.4
85	55.03
86	55.64
87	56.22
88	56.86
89	57.47
90	58.09
91	58.7
92	59.35
93	59.97
94	60.57
95	61.15
96	61.78
97	62.39
98	62.94
99	63.52
100	64.11
101	64.67
102	65.3
103	65.93
104	66.6
105	67.14
106	67.73
107	68.34
108	68.97
109	69.69
110	70.46
111	71.06
112	71.65
113	72.54
114	73.4
115	74.08
116	74.78
117	75.48
118	76.13
119	76.85
120	77.59
121	78.81
122	79.59
123	80.55
124	81.6
125	82.33
126	83.05
127	83.7
128	84.5
129	85.43
130	86.2
131	87.91
132	89.24
133	90.04
134	90.7
135	91.38
136	92.11
137	92.87
138	93.55
139	94.27
140	94.97
141	95.66
142	96.71
143	97.5
144	98.18
145	98.84
146	99.46
147	100.19
148	100.86
149	101.47
150	102.23
151	102.92
152	103.54
153	104.16
154	104.79
155	105.39
156	106
157	106.71
158	107.47
159	108.13
160	108.81
161	109.4
162	110.03
163	110.59
164	111.17
165	111.73
166	112.33
167	112.92
168	113.52
169	114.1
170	114.65
171	115.18
172	115.73
173	116.24
174	116.84
175	117.53
176	118.16
177	118.72
178	119.46
179	120.1
180	120.67
181	121.36
182	121.91
183	122.44
184	123.02
185	123.77
186	124.45
187	125.04
188	125.67
189	126.29
190	126.82
191	127.33
192	127.89
193	128.4
194	128.89
195	129.39
196	129.95
197	130.63
198	131.26
199	132.4
200	134.07
201	135.29
202	136.32
203	137.01
204	137.68
205	138.25
206	138.97
207	139.92
208	140.68
209	141.68
210	142.47
211	144.23
212	144.81
213	145.51
214	146.06
215	146.65
216	147.2
217	147.74
218	148.31
219	148.99
220	149.53
221	150.1
222	150.63
223	151.17
224	151.79
225	152.35
226	152.9
227	153.46
228	154.06
229	154.6
230	155.15
231	155.69
232	157.38
233	158.42
234	159.52
235	160.52
236	161.35
237	162.11
238	162.95
239	163.74
240	164.57
241	165.3
242	166.03
243	166.75
244	167.47
245	168.21
246	168.91
247	169.65
248	170.37
249	171.1
250	171.82
251	172.54
252	173.34
253	174.05
254	174.81
255	175.54
256	176.29
257	177.04
258	177.82
259	178.54
260	179.25
261	179.99
262	180.71
263	181.44
264	182.17
265	182.9
266	183.71
267	184.46
268	185.21
269	185.96
270	186.73
271	187.47
272	188.26
273	189.03
274	189.91
275	190.69
276	191.47
277	192.23
278	193.03
279	193.77
280	194.54
281	195.34
282	196.1
283	196.85
284	197.56
285	198.31
286	199.06
287	199.81
288	200.57
289	201.34
290	202.07
291	202.89
292	204.19
293	204.81
294	205.41
295	206.07
296	206.74
297	207.41
298	207.97
299	208.6
300	209.34
301	210.05
302	210.73
303	211.53
304	212.3
305	212.97
306	213.64
307	214.29
308	214.99
309	215.67
310	216.34
311	217.01
312	217.67
313	218.33
314	219.01
315	219.68
316	220.42
317	221.11
318	221.77
319	222.49
320	223.2
321	223.86
322	224.57
323	225.31
324	225.98
325	226.7
326	227.4
327	228.07
328	228.75
329	229.43
330	230.13
331	230.83
332	231.51
333	232.2
334	232.86
335	233.53
336	234.23
337	234.92
338	235.6
339	236.3
340	236.98
341	237.68
342	238.35
343	239.05
344	239.73
345	240.44
346	241.11
347	241.84
348	242.54
349	243.24
350	243.94
351	244.63
352	245.32
353	246.01
354	246.7
355	247.39
356	248.05
357	248.73
358	249.43
359	250.17
360	250.88
361	251.54
362	252.21
363	252.92
364	253.59
365	254.24
366	254.93
367	255.61
368	256.29
369	257.05
370	258.09
371	258.6
372	259.1
373	259.6
374	260.12
375	260.65
376	261.17
377	261.69
378	262.2
379	262.71
380	263.22
381	263.73
382	264.22
383	264.72
384	265.21
385	265.76
386	266.25
387	266.76
388	267.24
389	267.72
390	268.22
391	268.71
392	269.21
393	269.68
394	270.16
395	270.61
396	271.07
397	271.52
398	271.98
399	272.44
400	272.92
401	273.9
402	274.67
403	275.37
404	276.16
405	276.85
406	277.52
407	278.18
408	278.85
409	279.55
410	280.22
411	280.91
412	281.59
413	282.26
414	283
415	283.75
416	284.46
417	285.19
418	285.87
419	286.57
420	287.25
421	287.92
422	288.63
423	289.31
424	290.03
425	290.7
426	291.4
427	292.07
428	292.75
429	293.44
430	294.14
431	294.83
432	295.55
433	296.24
434	296.93
435	297.62
436	298.31
437	299.01
438	299.74
439	300.46
440	301.17
441	301.82
442	302.5
443	303.21
444	303.9
445	304.58
446	305.29
447	305.98
448	306.67
449	307.36
450	308.05
451	308.75
452	309.42
453	310.14
454	311.23
455	311.76
456	312.35
457	313.02
458	313.6
459	314.14
460	314.65
461	315.16
462	315.67
463	316.19
464	316.73
465	317.24
466	317.75
467	318.28
468	318.79
469	319.33
470	319.86
471	320.37
472	320.87
473	321.4
474	321.9
475	322.41
476	322.9
477	323.39
478	324.11
479	324.7
480	325.38
481	325.91
482	326.44
483	326.98
484	327.59
485	328.19
486	328.81
487	329.36
488	329.89
489	330.39
490	330.87
491	331.34
492	331.82
493	332.3
494	332.78
495	333.28
496	333.75
497	334.4
498	334.95
499	335.54
500	336.37
501	336.94
502	337.47
503	338.03
504	338.61
505	339.15
506	339.69
507	340.21
508	340.72
509	341.29
510	341.83
511	342.3
512	342.83
513	343.38
514	343.95
515	344.59
516	345.15
517	345.64
518	346.15
519	346.82
520	347.5
521	348.39
522	348.94
523	349.45
524	350.01
525	350.63
526	351.22
527	352.13
528	353.02
529	353.73
530	354.42
531	355.13
532	356.01
533	356.66
534	357.37
535	358.11
536	358.83
537	359.35
538	359.84
539	360.37
540	360.89
541	361.42
542	361.92
543	362.41
544	362.92
545	363.46
546	364.11
547	364.79
548	365.41
549	365.92
550	366.43
551	366.98
552	367.52
553	368.1
554	368.6
555	369.09
556	369.56
557	370.04
558	370.58
559	371.13
560	371.59
561	372.09
562	372.54
563	373.05
564	373.54
565	374.07
566	374.54
567	375.02
568	375.49
569	375.96
570	376.42
571	376.88
572	377.36
573	377.81
574	378.29
575	378.73
576	379.19
577	379.64
578	380.1
579	380.59
580	381.05
581	381.53
582	382.01
583	382.48
584	382.95
585	383.45
586	383.9
587	384.38
588	384.88
589	385.38
590	385.86
591	386.35
592	386.8
593	387.26
594	387.72
595	388.19
596	388.67
597	389.15
598	389.61
599	390.06
600	390.54
601	391.01
602	391.46
603	391.91
604	392.39
605	392.87
606	393.34
607	393.8
608	394.27
609	394.73
610	395.19
611	395.66
612	396.12
613	396.59
614	397.09
615	397.54
616	398.01
617	398.47
618	398.94
619	399.41
620	399.88
621	400.36
622	400.83
623	401.31
624	401.77
625	402.24
626	402.7
627	403.17
628	403.64
629	404.09
630	404.56
631	405.02
632	405.5
633	405.95
634	406.43
635	406.89
636	407.35
637	407.79
638	408.24
639	408.71
640	409.17
641	409.67
642	410.11
643	410.56
644	411
645	411.48
646	411.93
647	412.39
648	412.86
649	413.32
650	413.8
651	414.27
652	414.75
653	415.23
654	415.69
655	416.13
656	416.6
657	417.08
658	417.54
659	418.01
660	418.47
661	418.94
662	419.4
663	419.9
664	420.36
665	420.82
666	421.27
667	421.74
668	422.22
669	422.67
670	423.24
671	423.81
672	424.28
673	424.74
674	425.3
675	425.8
676	426.28
677	426.79
678	427.36
679	427.92
680	428.37
681	428.87
682	429.32
683	429.77
684	430.23
685	430.7
686	431.16
687	431.64
688	432.13
689	432.57
690	433.03
691	433.51
692	434.01
693	434.46
694	434.92
695	435.39
696	435.85
697	436.32
698	436.78
699	437.23
700	437.74
701	438.21
702	438.68
703	439.14
704	439.76
705	440.25
706	440.78
707	441.28
708	441.77
709	442.31
710	442.79
711	443.26
712	443.72
713	444.27
714	444.76
715	445.28
716	445.75
717	446.24
718	446.72
719	447.23
720	447.68
721	448.18
722	448.68
723	449.16
724	449.68
725	450.14
726	450.62
727	451.18
728	451.66
729	452.15
730	452.64
731	453.12
732	453.65
733	454.14
734	454.64
735	455.15
736	455.66
737	456.21
738	456.69
739	457.16
740	457.64
741	458.12
742	458.6
743	459.06
744	459.55
745	460.02
746	460.5
747	460.94
748	461.44
749	461.92
750	462.39
751	462.86
752	463.29
753	463.78
754	464.24
755	464.77
756	465.28
757	465.73
758	466.18
759	466.65
760	467.11
761	467.55
762	468.01
763	468.46
764	468.91
765	469.35
766	469.79
767	470.23
768	470.67
769	471.15
770	471.59
771	472.04
772	472.49
773	472.93
774	473.39
775	473.84
776	474.3
777	474.73
778	475.19
779	475.66
780	476.11
781	476.56
782	476.99
783	477.46
784	477.9
785	478.33
786	478.76
787	479.23
788	479.69
789	480.12
790	480.56
791	481.02
792	481.44
793	481.89
794	482.31
795	482.76
796	483.21
797	483.62
798	484.05
799	484.51
800	484.95
801	485.4
802	485.83
803	486.29
804	486.74
805	487.17
806	487.65
807	488.11
808	488.57
809	488.99
810	489.41
811	489.86
812	490.29
813	490.74
814	491.21
815	491.67
816	492.13
817	492.61
818	493.05
819	493.59
820	494.11
821	494.67
822	495.29
823	495.97
824	496.62
825	497.15
826	497.8
827	498.51
828	499.19
829	499.89
830	500.38
831	501.02
832	501.7
833	502.17
834	502.69
835	503.19
836	503.71
837	504.31
838	504.83
839	505.39
840	505.96
841	506.44
842	506.94
843	507.4
844	507.86
845	508.32
846	508.78
847	509.34
848	509.87
849	510.35
850	510.85
851	511.4
852	511.97
853	512.48
854	512.99
855	513.48
856	514.1
857	514.71
858	515.4
859	516.02
860	516.62
861	517.19
862	517.72
863	518.24
864	518.76
865	519.31
866	519.84
867	520.51
868	521.21
869	522.01
870	522.6
871	523.13
872	523.74
873	524.24
874	524.78
875	525.32
876	525.79
877	526.27
878	526.73
879	527.18
880	527.63
881	528.08
882	528.56
883	529.04
884	529.51
885	529.99
886	530.43
887	530.92
888	531.4
889	531.9
890	532.37
891	532.85
892	533.33
893	533.82
894	534.3
895	534.78
896	535.25
897	535.72
898	536.16
899	536.65
900	537.11
901	537.6
902	538.07
903	538.54
904	539
905	539.47
906	539.98
907	540.46
908	540.94
909	541.43
910	541.92
911	542.4
912	542.88
913	543.36
914	543.84
915	544.31
916	544.79
917	545.27
918	545.75
919	546.27
920	546.77
921	547.25
922	547.75
923	548.23
924	548.71
925	549.2
926	549.67
927	550.15
928	550.62
929	551.09
930	551.57
931	552.06
932	552.54
933	553.04
934	553.51
935	554
936	554.49
937	554.98
938	555.47
939	555.95
940	556.52
941	557.08
942	557.62
943	558.24
944	558.79
945	559.3
946	559.82
947	560.32
948	560.81
949	561.3
950	561.77
951	562.24
952	562.72
953	563.17
954	563.64
955	564.15
956	564.64
957	565.12
958	565.6
959	566.08
960	566.57
961	567.08
962	567.64
963	568.15
964	568.63
965	569.15
966	569.65
967	570.14
968	570.63
969	571.12
970	571.61
971	572.1
972	572.61
973	573.1
974	573.59
975	574.08
976	574.56
977	575.05
978	575.54
979	576.03
980	576.51
981	577.02
982	577.51
983	578.01
984	578.48
985	579
986	579.45
987	579.92
988	580.4
989	580.89
990	581.38
991	581.89
992	582.38
993	582.87
994	583.35
995	583.82
996	584.3
997	584.78
998	585.27
999	585.9
1000	587.1
1001	588.33
1002	588.96
1003	589.53
1004	590.1
1005	590.74
1006	591.34
1007	591.9
1008	592.51
1009	593.09
1010	593.7
1011	594.3
1012	595.01
1013	595.66
1014	596.29
1015	596.92
1016	597.46
1017	597.95
1018	598.51
1019	599.02
1020	599.57
1021	600.2
1022	600.73
1023	601.28
1024	601.92
1025	602.46
1026	603.01
1027	603.53
1028	604.04
1029	604.57
1030	605.1
1031	605.62
1032	606.14
1033	606.7
1034	607.21
1035	607.73
1036	608.26
1037	608.85
1038	609.51
1039	609.98
1040	610.47
1041	610.98
1042	611.57
1043	612.16
1044	612.7
1045	613.24
1046	613.74
1047	614.38
1048	614.89
1049	615.44
1050	616.02
1051	616.53
1052	617.07
1053	617.62
1054	618.19
1055	618.77
1056	619.36
1057	619.87
1058	620.48
1059	621.01
1060	621.53
1061	622.11
1062	622.64
1063	623.13
1064	623.65
1065	624.19
1066	624.72
1067	625.23
1068	625.77
1069	626.33
1070	626.85
1071	627.47
1072	627.97
1073	628.53
1074	629.13
1075	629.78
1076	630.3
1077	630.81
1078	631.37
1079	631.93
1080	632.43
1081	632.97
1082	633.63
1083	634.39
1084	634.98
1085	635.51
1086	636.09
1087	636.62
1088	637.18
1089	637.7
1090	638.19
1091	638.76
1092	639.37
1093	639.92
1094	640.55
1095	641.22
1096	641.82
1097	642.57
1098	643.18
1099	643.7
1100	644.31
1101	644.96
1102	645.6
1103	646.27
1104	646.75
1105	647.24
1106	647.7
1107	648.2
1108	648.69
1109	649.18
1110	649.72
1111	650.27
1112	650.78
1113	651.27
1114	651.75
1115	652.27
1116	652.77
1117	653.24
1118	653.73
1119	654.25
1120	654.77
1121	655.28
1122	655.76
1123	656.25
1124	656.72
1125	657.2
1126	657.7
1127	658.18
1128	658.65
1129	659.19
1130	659.67
1131	660.14
1132	660.63
1133	661.16
1134	661.61
1135	662.07
1136	662.57
1137	663.05
1138	663.52
1139	664.02
1140	664.5
1141	664.97
1142	665.59
1143	666.21
1144	666.81
1145	667.28
1146	667.75
1147	668.26
1148	668.73
1149	669.21
1150	669.7
1151	670.2
1152	670.75
1153	671.29
1154	671.98
1155	672.63
1156	673.15
1157	673.75
1158	674.28
1159	674.86
1160	675.35
1161	675.86
1162	676.46
1163	677
1164	677.58
1165	678.12
1166	678.58
1167	679.06
1168	679.52
1169	680.01
1170	680.47
1171	680.94
1172	681.41
1173	681.88
1174	682.35
1175	682.82
1176	683.3
1177	683.77
1178	684.23
1179	684.7
1180	685.19
1181	685.63
1182	686.09
1183	686.55
1184	687.03
1185	687.5
1186	687.98
1187	688.44
1188	688.91
1189	689.37
1190	689.83
1191	690.32
1192	690.78
1193	691.24
1194	691.72
1195	692.18
1196	692.68
1197	693.16
1198	693.66
1199	694.13
1200	694.61
1201	695.12
1202	695.6
1203	696.08
1204	696.56
1205	697.01
1206	697.52
1207	697.98
1208	698.52
1209	699.11
1210	699.59
1211	700.05
1212	700.53
1213	701
1214	701.46
1215	701.92
1216	702.37
1217	702.89
1218	703.49
1219	704.14
1220	704.6
1221	705.22
1222	705.8
1223	706.43
1224	707.12
1225	707.69
1226	708.17
1227	708.68
1228	709.15
1229	709.64
1230	710.1
1231	710.57
1232	711.07
1233	711.65
1234	712.17
1235	712.66
1236	713.2
1237	713.69
1238	714.14
1239	714.68
1240	715.2
1241	715.65
1242	716.16
1243	716.62
1244	717.07
1245	717.59
1246	718.09
1247	718.59
1248	719.05
1249	719.52
1250	720.03
1251	720.56
1252	721.12
1253	721.66
1254	722.18
1255	722.68
1256	723.14
1257	723.62
1258	724.06
1259	724.53
1260	725
1261	725.48
1262	725.98
1263	726.55
1264	727.06
1265	727.6
1266	728.12
1267	728.57
1268	729.09
1269	729.57
1270	730.03
1271	730.53
1272	731.05
1273	731.63
1274	732.05
1275	732.5
1276	733.13
1277	733.74
1278	734.21
1279	734.7
1280	735.24
1281	735.75
1282	736.23
1283	736.68
1284	737.17
1285	737.77
1286	738.23
1287	738.68
1288	739.13
1289	739.56
1290	740
1291	740.47
1292	740.95
1293	741.4
1294	741.84
1295	742.27
1296	742.77
1297	743.22
1298	743.64
1299	744.11
1300	744.59
1301	745.02
1302	745.46
1303	745.89
1304	746.34
1305	746.81
1306	747.26
1307	747.72
1308	748.22
1309	748.82
1310	749.28
1311	749.76
1312	750.24
1313	750.72
1314	751.21
1315	751.74
1316	752.4
1317	753.06
1318	753.61
1319	754.18
1320	754.78
1321	755.27
1322	755.8
1323	756.3
1324	756.87
1325	757.4
1326	757.89
1327	758.41
1328	759.04
1329	759.67
1330	760.17
1331	760.7
1332	761.29
1333	761.83
1334	762.38
1335	762.92
1336	763.44
1337	763.99
1338	764.61
1339	765.18
1340	765.82
1341	766.56
1342	767.08
1343	767.6
1344	768.11
1345	768.67
1346	769.17
1347	769.67
1348	770.18
1349	770.66
1350	771.14
1351	771.64
1352	772.17
1353	772.7
1354	773.26
1355	773.75
1356	774.26
1357	774.78
1358	775.32
1359	775.85
1360	776.39
1361	776.91
1362	777.4
1363	777.92
1364	778.42
1365	779.06
1366	779.7
1367	780.54
1368	781.05
1369	781.55
1370	782.18
1371	782.79
1372	783.46
1373	784.1
1374	784.81
1375	785.34
1376	785.86
1377	786.39
1378	787.01
1379	787.69
1380	788.23
1381	788.84
1382	789.28
1383	789.79
1384	790.25
1385	790.74
1386	791.23
1387	791.72
1388	792.18
1389	792.65
1390	793.16
1391	793.61
1392	794.06
1393	794.52
1394	794.98
1395	795.46
1396	795.95
1397	796.46
1398	796.95
1399	797.44
1400	797.89
1401	798.41
1402	798.89
1403	799.39
1404	799.86
1405	800.32
1406	800.79
1407	801.24
1408	801.69
1409	802.17
1410	802.66
1411	803.14
1412	803.67
1413	804.13
1414	804.59
1415	805.03
1416	805.51
1417	805.99
1418	806.45
1419	806.91
1420	807.37
1421	807.82
1422	808.28
1423	808.75
1424	809.26
1425	809.74
1426	810.22
1427	810.7
1428	811.19
1429	811.65
1430	812.1
1431	812.55
1432	813.02
1433	813.49
1434	813.97
1435	814.46
1436	814.96
1437	815.44
1438	815.95
1439	816.45
1440	816.93
1441	817.43
1442	817.89
1443	818.35
1444	818.83
1445	819.31
1446	819.76
1447	820.21
1448	820.67
1449	821.16
1450	821.64
1451	822.11
1452	822.57
1453	823.03
1454	823.46
1455	823.96
1456	824.4
1457	824.87
1458	825.34
1459	825.83
1460	826.29
1461	826.76
1462	827.2
1463	827.66
1464	828.12
1465	828.62
1466	829.13
1467	829.6
1468	830.12
1469	830.63
1470	831.19
1471	831.82
1472	832.57
1473	833.03
1474	833.54
1475	834.04
1476	834.66
1477	835.28
1478	835.88
1479	836.35
1480	836.81
1481	837.34
1482	837.83
1483	838.29
1484	838.81
1485	839.38
1486	839.98
1487	840.58
1488	841.15
1489	841.73
1490	842.25
1491	842.81
1492	843.55
1493	844.33
1494	845.1
1495	845.86
1496	846.54
1497	847.23
1498	848.04
1499	848.96
1500	849.83
1501	850.79
1502	851.51
1503	852.3
1504	853.17
1505	853.99
1506	854.84
1507	855.69
1508	856.46
1509	857.09
1510	857.75
1511	858.24
1512	858.71
1513	859.19
1514	859.65
1515	860.14
1516	860.62
1517	861.15
1518	861.7
1519	862.24
1520	862.74
1521	863.27
1522	863.77
1523	864.31
1524	864.81
1525	865.3
1526	865.75
1527	866.23
1528	866.7
1529	867.23
1530	867.71
1531	868.19
1532	868.65
1533	869.14
1534	869.61
1535	870.09
1536	870.6
1537	871.07
1538	871.55
1539	872.03
1540	872.51
1541	873
1542	873.57
1543	874.19
1544	874.74
1545	875.24
1546	875.71
1547	876.21
1548	876.74
1549	877.22
1550	877.71
1551	878.16
1552	878.61
1553	879.09
1554	879.57
1555	880.06
1556	880.52
1557	881.04
1558	881.52
1559	882.03
1560	882.52
1561	883.05
1562	883.55
1563	884.05
1564	884.54
1565	885.04
1566	885.51
1567	885.98
1568	886.44
1569	886.91
1570	887.38
1571	887.86
1572	888.37
1573	888.85
1574	889.34
1575	889.81
1576	890.3
1577	890.79
1578	891.26
1579	891.71
1580	892.19
1581	892.67
1582	893.12
1583	893.59
1584	894.06
1585	894.55
1586	895.04
1587	895.54
1588	896.06
1589	896.58
1590	897.08
1591	897.57
1592	898.06
1593	898.56
1594	899.06
1595	899.54
1596	900.01
1597	900.48
1598	900.98
1599	901.49
1600	902.01
1601	902.54
1602	903.07
1603	903.59
1604	904.11
1605	904.62
1606	905.12
1607	905.61
1608	906.08
1609	906.55
1610	907.04
1611	907.52
1612	908
1613	908.5
1614	908.99
1615	909.5
1616	909.96
1617	910.44
1618	910.92
1619	911.4
1620	911.87
1621	912.34
1622	912.83
1623	913.28
1624	913.76
1625	914.25
1626	914.74
1627	915.23
1628	915.72
1629	916.23
1630	916.72
1631	917.21
1632	917.68
1633	918.14
1634	918.64
1635	919.11
1636	919.59
1637	920.07
1638	920.57
1639	921.06
1640	921.56
1641	922.04
1642	922.53
1643	923.03
1644	923.56
1645	924.07
1646	924.55
1647	925.05
1648	925.52
1649	925.99
1650	926.47
1651	926.97
1652	927.47
1653	927.98
1654	928.5
1655	929.03
1656	929.56
1657	930.04
1658	930.53
1659	931.01
1660	931.51
1661	932
1662	932.49
1663	932.97
1664	933.47
1665	933.96
1666	934.44
1667	934.94
1668	935.44
1669	935.95
1670	936.48
1671	936.98
1672	937.48
1673	937.96
1674	938.45
1675	938.93
1676	939.42
1677	939.91
1678	940.41
1679	940.91
1680	941.42
1681	941.94
1682	942.45
1683	942.98
1684	943.51
1685	944
1686	944.52
1687	945
1688	945.49
1689	945.99
1690	946.45
1691	946.93
1692	947.41
1693	947.93
1694	948.44
1695	948.94
1696	949.44
1697	949.94
1698	950.41
1699	950.9
1700	951.4
1701	951.88
1702	952.35
1703	952.84
1704	953.33
1705	953.82
1706	954.28
1707	954.78
1708	955.29
1709	955.79
1710	956.33
1711	956.82
1712	957.36
1713	957.84
1714	958.33
1715	958.84
1716	959.32
1717	959.82
1718	960.31
1719	960.83
1720	961.41
1721	962.02
1722	962.57
1723	963.17
1724	963.76
1725	964.49
1726	965.11
1727	965.65
1728	966.16
1729	966.65
1730	967.14
1731	967.63
1732	968.14
1733	968.64
1734	969.18
1735	969.71
1736	970.23
1737	970.75
1738	971.27
1739	971.78
1740	972.34
1741	972.89
1742	973.46
1743	974.02
1744	974.58
1745	975.14
1746	975.69
1747	976.31
1748	976.85
1749	977.39
1750	977.92
1751	978.46
1752	979
1753	979.59
1754	980.19
1755	980.71
1756	981.24
1757	981.87
1758	982.4
1759	982.93
1760	983.51
1761	984.04
1762	984.59
1763	985.14
1764	985.72
1765	986.43
1766	987.12
1767	987.71
1768	988.25
1769	988.78
1770	989.27
1771	989.77
1772	990.27
1773	990.78
1774	991.33
1775	991.85
1776	992.37
1777	992.88
1778	993.4
1779	993.91
1780	994.47
1781	995.07
1782	995.71
1783	996.34
1784	997.02
1785	997.64
1786	998.17
1787	998.79
1788	999.4
1789	999.98
1790	1000.65
1791	1001.48
1792	1002.47
1793	1003.01
1794	1003.76
1795	1004.43
1796	1005.02
1797	1005.57
1798	1006.14
1799	1006.64
1800	1007.18
1801	1007.72
1802	1008.31
1803	1008.85
1804	1009.82
1805	1010.58
1806	1011.3
1807	1012.19
1808	1012.76
1809	1013.28
1810	1013.8
1811	1014.28
1812	1014.79
1813	1015.31
1814	1015.85
1815	1016.38
1816	1016.89
1817	1017.92
1818	1018.99
1819	1019.89
1820	1020.92
1821	1022.21
1822	1022.97
1823	1023.72
1824	1024.29
1825	1024.83
1826	1025.32
1827	1025.82
1828	1026.34
1829	1026.86
1830	1027.39
1831	1027.93
1832	1028.48
1833	1029.05
1834	1029.57
1835	1030.1
1836	1030.63
1837	1031.3
1838	1031.98
1839	1032.55
1840	1034.1
1841	1035.1
1842	1035.75
1843	1036.43
1844	1037.06
1845	1037.71
1846	1038.39
1847	1039.04
1848	1039.68
1849	1040.27
1850	1040.98
1851	1042
1852	1042.87
1853	1043.76
1854	1044.57
1855	1045.2
1856	1045.82
1857	1046.39
1858	1046.98
1859	1047.52
1860	1048.08
1861	1048.63
1862	1049.18
1863	1049.76
1864	1050.32
1865	1050.87
1866	1051.42
1867	1051.97
1868	1052.51
1869	1053.06
1870	1053.63
1871	1054.27
1872	1054.85
1873	1055.47
1874	1056.06
1875	1056.65
1876	1057.23
1877	1057.78
1878	1058.38
1879	1058.97
1880	1059.57
1881	1060.14
1882	1060.73
1883	1061.34
1884	1061.96
1885	1062.59
1886	1063.22
1887	1063.88
1888	1064.51
1889	1065.12
1890	1065.73
1891	1066.33
1892	1066.91
1893	1067.49
1894	1068.07
1895	1068.66
1896	1069.27
1897	1069.86
1898	1070.44
1899	1071.04
1900	1071.65
1901	1072.21
1902	1072.77
1903	1073.34
1904	1073.93
1905	1074.49
1906	1075.07
1907	1075.68
1908	1076.27
1909	1076.86
1910	1077.43
1911	1078.05
1912	1078.68
1913	1079.27
1914	1079.89
1915	1080.47
1916	1081.06
1917	1081.63
1918	1082.2
1919	1082.77
1920	1083.32
1921	1083.91
1922	1084.5
1923	1085.11
1924	1085.71
1925	1086.32
1926	1086.95
1927	1087.56
1928	1088.15
1929	1088.78
1930	1089.37
1931	1089.95
1932	1090.53
1933	1091.1
1934	1091.67
1935	1092.24
1936	1092.82
1937	1093.46
1938	1094.07
1939	1094.7
1940	1095.32
1941	1095.96
1942	1096.58
1943	1097.16
1944	1097.76
1945	1098.37
1946	1098.95
1947	1099.53
1948	1100.13
1949	1100.71
1950	1101.3
1951	1101.92
1952	1102.52
1953	1103.17
1954	1103.79
1955	1104.39
1956	1104.98
1957	1105.58
1958	1106.16
1959	1106.73
1960	1107.3
1961	1107.86
1962	1108.46
1963	1109.11
1964	1109.73
1965	1110.36
1966	1111
1967	1111.64
1968	1112.3
1969	1112.94
1970	1113.66
1971	1114.29
1972	1114.91
1973	1115.51
1974	1116.09
1975	1116.66
1976	1117.22
1977	1117.81
1978	1118.4
1979	1118.99
1980	1119.58
1981	1120.17
1982	1120.74
1983	1121.3
1984	1121.86
1985	1122.38
1986	1122.93
1987	1123.54
1988	1124.1
1989	1124.66
1990	1125.24
1991	1125.82
1992	1126.4
1993	1126.99
1994	1127.57
1995	1128.15
1996	1128.78
1997	1129.37
1998	1129.93
1999	1130.49
2000	1131.53
2001	1132.57
2002	1133.13
2003	1133.71
2004	1134.27
2005	1134.86
2006	1135.48
2007	1136.06
2008	1136.66
2009	1137.27
2010	1137.88
2011	1138.48
2012	1139.12
2013	1139.74
2014	1140.32
2015	1140.87
2016	1141.47
2017	1142.04
2018	1142.61
2019	1143.23
2020	1143.85
2021	1144.47
2022	1145.13
2023	1145.83
2024	1146.52
2025	1147.13
2026	1147.74
2027	1148.32
2028	1148.89
2029	1149.46
2030	1150.01
2031	1150.55
2032	1151.13
2033	1151.74
2034	1152.31
2035	1152.89
2036	1153.55
2037	1154.23
2038	1154.83
2039	1155.43
2040	1156.06
2041	1156.62
2042	1157.2
2043	1157.79
2044	1158.4
2045	1159.02
2046	1159.63
2047	1160.25
2048	1160.87
2049	1161.51
2050	1162.15
2051	1162.74
2052	1163.34
2053	1163.93
2054	1164.51
2055	1165.05
2056	1165.58
2057	1166.17
2058	1166.75
2059	1167.37
2060	1167.94
2061	1168.52
2062	1169.13
2063	1169.71
2064	1170.26
2065	1170.82
2066	1171.38
2067	1171.96
2068	1172.53
2069	1173.16
2070	1173.82
2071	1174.36
2072	1174.94
2073	1175.52
2074	1176.13
2075	1176.72
2076	1177.33
2077	1177.91
2078	1178.53
2079	1179.1
2080	1179.65
2081	1180.2
2082	1180.78
2083	1181.36
2084	1182.07
2085	1182.74
2086	1183.36
2087	1183.98
2088	1184.57
2089	1185.15
2090	1185.75
2091	1186.32
2092	1186.9
2093	1187.47
2094	1188.07
2095	1188.62
2096	1189.23
2097	1189.9
2098	1190.49
2099	1191.08
2100	1191.74
2101	1192.33
2102	1192.95
2103	1193.62
2104	1194.24
2105	1194.82
2106	1195.41
2107	1196
2108	1196.54
2109	1197.06
2110	1197.58
2111	1198.1
2112	1198.63
2113	1199.26
2114	1199.85
2115	1200.4
2116	1201
2117	1201.58
2118	1202.13
2119	1202.66
2120	1203.22
2121	1203.78
2122	1204.32
2123	1204.86
2124	1205.39
2125	1205.9
2126	1206.45
2127	1207.02
2128	1207.59
2129	1208.18
2130	1208.78
2131	1209.38
2132	1209.97
2133	1210.49
2134	1210.99
2135	1211.52
2136	1212.02
2137	1212.52
2138	1213.01
2139	1213.57
2140	1214.11
2141	1214.66
2142	1215.22
2143	1215.78
2144	1216.31
2145	1216.79
2146	1217.31
2147	1217.8
2148	1218.28
2149	1218.79
2150	1219.3
2151	1219.8
2152	1220.32
2153	1220.8
2154	1221.29
2155	1221.81
2156	1222.32
2157	1222.94
2158	1223.53
2159	1224.09
2160	1224.7
2161	1225.27
2162	1225.79
2163	1226.36
2164	1226.89
2165	1227.43
2166	1227.98
2167	1228.56
2168	1229.12
2169	1229.67
2170	1230.26
2171	1230.85
2172	1231.42
2173	1231.96
2174	1232.49
2175	1233.03
2176	1233.6
2177	1234.07
2178	1234.57
2179	1235.1
2180	1235.61
2181	1236.14
2182	1236.65
2183	1237.19
2184	1237.76
2185	1238.32
2186	1238.91
2187	1239.49
2188	1240.04
2189	1240.58
2190	1241.1
2191	1241.59
2192	1242.07
2193	1242.58
2194	1243.13
2195	1243.72
2196	1244.32
2197	1244.92
2198	1245.49
2199	1246.04
2200	1246.57
2201	1247.12
2202	1247.62
2203	1248.1
2204	1248.66
2205	1249.16
2206	1249.66
2207	1250.15
2208	1250.68
2209	1251.36
2210	1252.01
2211	1252.85
2212	1253.4
2213	1253.92
2214	1254.46
2215	1254.98
2216	1255.47
2217	1256
2218	1256.51
2219	1257.02
2220	1257.53
2221	1258.03
2222	1258.62
2223	1259.2
2224	1259.76
2225	1260.3
2226	1260.83
2227	1261.32
2228	1261.87
2229	1262.4
2230	1262.92
2231	1263.44
2232	1263.94
2233	1264.46
2234	1264.96
2235	1265.48
2236	1266
2237	1266.51
2238	1267.02
2239	1267.54
2240	1268.05
2241	1268.54
2242	1269.03
2243	1269.57
2244	1270.09
2245	1270.62
2246	1271.14
2247	1271.65
2248	1272.13
2249	1272.63
2250	1273.16
2251	1273.68
2252	1274.18
2253	1274.71
2254	1275.25
2255	1275.75
2256	1276.3
2257	1276.82
2258	1277.31
2259	1277.81
2260	1278.3
2261	1278.82
2262	1279.32
2263	1279.82
2264	1280.31
2265	1280.8
2266	1281.3
2267	1281.8
2268	1282.29
2269	1282.78
2270	1283.3
2271	1283.81
2272	1284.32
2273	1284.82
2274	1285.31
2275	1285.81
2276	1286.28
2277	1286.79
2278	1287.28
2279	1287.76
2280	1288.23
2281	1288.76
2282	1289.22
2283	1289.69
2284	1290.17
2285	1290.68
2286	1291.19
2287	1291.68
2288	1292.18
2289	1292.69
2290	1293.2
2291	1293.74
2292	1294.27
2293	1294.88
2294	1295.41
2295	1296.1
2296	1296.63
2297	1297.17
2298	1297.68
2299	1298.18
2300	1298.69
2301	1299.18
2302	1299.66
2303	1300.16
2304	1300.63
2305	1301.11
2306	1301.61
2307	1302.11
2308	1302.6
2309	1303.21
2310	1303.74
2311	1304.23
2312	1304.7
2313	1305.18
2314	1305.67
2315	1306.16
2316	1306.63
2317	1307.14
2318	1307.63
2319	1308.1
2320	1308.61
2321	1309.1
2322	1309.56
2323	1310.01
2324	1310.47
2325	1310.96
2326	1311.45
2327	1311.94
2328	1312.45
2329	1312.94
2330	1313.47
2331	1313.99
2332	1314.49
2333	1314.96
2334	1315.47
2335	1315.97
2336	1316.46
2337	1316.97
2338	1317.47
2339	1317.97
2340	1318.47
2341	1318.97
2342	1319.47
2343	1319.96
2344	1320.47
2345	1320.94
2346	1321.43
2347	1321.93
2348	1322.44
2349	1322.96
2350	1323.5
2351	1323.99
2352	1324.47
2353	1324.94
2354	1325.42
2355	1325.9
2356	1326.36
2357	1326.84
2358	1327.33
2359	1327.86
2360	1328.34
2361	1328.87
2362	1329.39
2363	1329.93
2364	1330.48
2365	1330.97
2366	1331.45
2367	1331.94
2368	1332.42
2369	1332.92
2370	1333.43
2371	1333.94
2372	1334.46
2373	1334.98
2374	1335.51
2375	1336.02
2376	1336.52
2377	1337.05
2378	1337.55
2379	1338.05
2380	1338.57
2381	1339.08
2382	1339.6
2383	1340.05
2384	1340.52
2385	1340.99
2386	1341.45
2387	1341.93
2388	1342.39
2389	1342.88
2390	1343.39
2391	1343.92
2392	1344.41
2393	1344.9
2394	1345.39
2395	1345.9
2396	1346.39
2397	1346.89
2398	1347.39
2399	1347.89
2400	1348.41
2401	1348.91
2402	1349.43
2403	1349.93
2404	1350.42
2405	1350.92
2406	1351.42
2407	1351.95
2408	1352.46
2409	1352.97
2410	1353.49
2411	1353.98
2412	1354.5
2413	1355.02
2414	1355.55
2415	1356.05
2416	1356.57
2417	1357.09
2418	1357.61
2419	1358.13
2420	1358.68
2421	1359.27
2422	1359.84
2423	1360.35
2424	1360.86
2425	1361.35
2426	1361.89
2427	1362.73
2428	1363.3
2429	1363.8
2430	1364.32
2431	1364.81
2432	1365.3
2433	1365.81
2434	1366.29
2435	1366.77
2436	1367.26
2437	1367.74
2438	1368.2
2439	1368.67
2440	1369.14
2441	1369.62
2442	1370.07
2443	1370.69
2444	1371.25
2445	1371.73
2446	1372.19
2447	1372.69
2448	1373.2
2449	1373.68
2450	1374.16
2451	1374.62
2452	1375.09
2453	1375.55
2454	1376.02
2455	1376.49
2456	1376.96
2457	1377.57
2458	1378.45
2459	1379.31
2460	1380.05
2461	1380.73
2462	1381.27
2463	1381.81
2464	1382.44
2465	1383.09
2466	1383.62
2467	1384.16
2468	1384.69
2469	1385.62
2470	1386.28
2471	1387.22
2472	1389.09
2473	1390.25
2474	1391.18
2475	1392
2476	1393.08
2477	1394.15
2478	1395.07
2479	1395.95
2480	1396.93
2481	1398.13
2482	1398.95
2483	1400.08
2484	1400.95
2485	1402.41
2486	1403.19
2487	1403.93
2488	1404.63
2489	1405.38
2490	1406.24
2491	1406.94
2492	1407.66
2493	1408.35
2494	1409.06
2495	1409.76
2496	1410.46
2497	1411.17
2498	1411.89
2499	1412.61
2500	1413.42
2501	1414.16
2502	1414.91
2503	1415.69
2504	1416.45
2505	1417.21
2506	1417.98
2507	1418.71
2508	1419.41
2509	1420.15
2510	1421.42
2511	1422.58
2512	1423.52
2513	1424.3
2514	1425.1
2515	1425.9
2516	1426.86
2517	1427.58
2518	1428.26
2519	1428.98
2520	1429.71
2521	1430.49
2522	1431.23
2523	1432.05
2524	1432.81
2525	1433.98
2526	1434.88
2527	1436.04
2528	1436.87
2529	1438.07
2530	1439.01
2531	1439.75
2532	1440.52
2533	1441.03
2534	1441.52
2535	1442.05
2536	1442.54
2537	1443.17
2538	1443.74
2539	1444.25
2540	1444.75
2541	1445.27
2542	1445.77
2543	1446.3
2544	1446.81
2545	1447.3
2546	1447.79
2547	1448.27
2548	1448.76
2549	1449.23
2550	1449.71
2551	1450.21
2552	1450.72
2553	1451.21
2554	1451.7
2555	1452.18
2556	1452.66
2557	1453.14
2558	1453.6
2559	1454.07
2560	1454.52
2561	1454.99
2562	1455.47
2563	1455.97
2564	1456.43
2565	1456.89
2566	1457.37
2567	1457.83
2568	1458.27
2569	1458.7
2570	1459.19
2571	1459.65
2572	1460.12
2573	1460.59
2574	1461.06
2575	1461.55
2576	1462.09
2577	1462.59
2578	1463.06
2579	1463.55
2580	1464.02
2581	1464.5
2582	1464.96
2583	1465.43
2584	1465.92
2585	1466.41
2586	1466.88
2587	1467.34
2588	1467.81
2589	1468.29
2590	1468.77
2591	1469.23
2592	1469.69
2593	1470.17
2594	1470.64
2595	1471.14
2596	1471.62
2597	1472.08
2598	1472.55
2599	1473.02
2600	1473.49
2601	1473.97
2602	1474.44
2603	1474.93
2604	1475.37
2605	1475.85
2606	1476.31
2607	1476.76
2608	1477.24
2609	1477.72
2610	1478.18
2611	1478.63
2612	1479.09
2613	1479.57
2614	1480.06
2615	1480.53
2616	1481.03
2617	1481.5
2618	1481.98
2619	1482.46
2620	1482.94
2621	1483.42
2622	1483.91
2623	1484.39
2624	1484.87
2625	1485.34
2626	1485.82
2627	1486.39
2628	1487.04
2629	1487.47
2630	1487.93
2631	1488.36
2632	1488.85
2633	1489.33
2634	1489.89
2635	1490.37
2636	1490.84
2637	1491.34
2638	1491.82
2639	1492.28
2640	1492.79
2641	1493.3
2642	1493.73
2643	1494.36
2644	1494.94
2645	1495.37
2646	1495.84
2647	1496.32
2648	1496.8
2649	1497.26
2650	1497.74
2651	1498.2
2652	1498.68
2653	1499.15
2654	1499.63
2655	1500.09
2656	1500.56
2657	1501.06
2658	1501.51
2659	1502.06
2660	1502.54
2661	1503.02
2662	1503.51
2663	1503.99
2664	1504.47
2665	1504.97
2666	1505.46
2667	1505.92
2668	1506.38
2669	1506.89
2670	1507.35
2671	1507.8
2672	1508.27
2673	1508.74
2674	1509.25
2675	1509.82
2676	1510.49
2677	1511.18
2678	1511.83
2679	1512.5
2680	1513.14
2681	1513.8
2682	1514.53
2683	1515.28
2684	1516.02
2685	1516.84
2686	1517.59
2687	1518.25
2688	1518.93
2689	1519.63
2690	1520.23
2691	1520.75
2692	1521.33
2693	1521.92
2694	1522.46
2695	1523.05
2696	1523.6
2697	1524.11
2698	1524.77
2699	1525.34
2700	1525.89
2701	1526.39
2702	1526.85
2703	1527.38
2704	1527.9
2705	1528.38
2706	1528.9
2707	1529.43
2708	1529.98
2709	1530.47
2710	1531.03
2711	1531.52
2712	1532.02
2713	1532.53
2714	1533.15
2715	1533.81
2716	1534.51
2717	1535.01
2718	1535.53
2719	1536.05
2720	1536.57
2721	1537.07
2722	1537.72
2723	1538.28
2724	1538.78
2725	1539.28
2726	1539.82
2727	1540.44
2728	1541.04
2729	1541.49
2730	1541.95
2731	1542.49
2732	1543.02
2733	1543.52
2734	1544.07
2735	1544.6
2736	1545.11
2737	1545.55
2738	1546.02
2739	1546.47
2740	1546.9
2741	1547.32
2742	1547.79
2743	1548.3
2744	1548.77
2745	1549.22
2746	1549.66
2747	1550.12
2748	1550.57
2749	1551
2750	1551.48
2751	1551.93
2752	1552.39
2753	1552.85
2754	1553.31
2755	1553.78
2756	1554.25
2757	1554.69
2758	1555.17
2759	1555.64
2760	1556.11
2761	1556.6
2762	1557.14
2763	1557.7
2764	1558.15
2765	1558.63
2766	1559.1
2767	1559.56
2768	1560.04
2769	1560.52
2770	1561.01
2771	1561.8
2772	1562.29
2773	1562.81
2774	1563.31
2775	1563.84
2776	1564.35
2777	1564.89
2778	1565.37
2779	1565.85
2780	1566.34
2781	1566.85
2782	1567.37
2783	1567.88
2784	1568.38
2785	1568.91
2786	1569.4
2787	1569.87
2788	1570.35
2789	1570.83
2790	1571.29
2791	1571.74
2792	1572.23
2793	1572.71
2794	1573.2
2795	1573.69
2796	1574.15
2797	1574.62
2798	1575.08
2799	1575.59
2800	1576.04
2801	1576.51
2802	1576.97
2803	1577.42
2804	1577.88
2805	1578.33
2806	1578.8
2807	1579.25
2808	1579.77
2809	1580.25
2810	1580.73
2811	1581.19
2812	1581.66
2813	1582.1
2814	1582.57
2815	1583.05
2816	1583.54
2817	1584.06
2818	1584.53
2819	1585.02
2820	1585.56
2821	1586.12
2822	1586.64
2823	1587.28
2824	1587.86
2825	1588.37
2826	1588.85
2827	1589.35
2828	1589.84
2829	1590.35
2830	1590.97
2831	1591.51
2832	1592.07
2833	1592.6
2834	1593.23
2835	1593.89
2836	1594.38
2837	1595.08
2838	1595.83
2839	1596.55
2840	1597.19
2841	1597.82
2842	1598.47
2843	1599
2844	1599.46
2845	1599.9
2846	1600.36
2847	1600.93
2848	1601.46
2849	1601.97
2850	1602.43
2851	1602.89
2852	1603.36
2853	1603.96
2854	1604.47
2855	1604.97
2856	1605.54
2857	1606.04
2858	1606.48
2859	1606.93
2860	1607.38
2861	1607.81
2862	1608.25
2863	1608.72
2864	1609.19
2865	1609.64
2866	1610.1
2867	1610.59
2868	1611.06
2869	1611.53
2870	1612.01
2871	1612.5
2872	1612.98
2873	1613.52
2874	1614.12
2875	1614.63
2876	1615.09
2877	1615.57
2878	1616.04
2879	1616.48
2880	1616.93
2881	1617.42
2882	1617.91
2883	1618.38
2884	1618.84
2885	1619.3
2886	1619.77
2887	1620.21
2888	1620.73
2889	1621.19
2890	1621.72
2891	1622.22
2892	1622.71
2893	1623.19
2894	1623.65
2895	1624.16
2896	1624.63
2897	1625.1
2898	1625.57
2899	1626.07
2900	1626.51
2901	1627
2902	1627.49
2903	1627.98
2904	1628.54
2905	1629.03
2906	1629.52
2907	1629.99
2908	1630.47
2909	1630.98
2910	1631.42
2911	1631.87
2912	1632.34
2913	1632.84
2914	1633.3
2915	1633.75
2916	1634.23
2917	1634.69
2918	1635.17
2919	1635.62
2920	1636.08
2921	1636.57
2922	1637.03
2923	1637.54
2924	1638.03
2925	1638.46
2926	1638.9
2927	1639.35
2928	1639.8
2929	1640.24
2930	1640.72
2931	1641.22
2932	1641.72
2933	1642.23
2934	1642.7
2935	1643.16
2936	1643.66
2937	1644.22
2938	1644.69
2939	1645.13
2940	1645.57
2941	1646.06
2942	1646.57
2943	1647.04
2944	1647.56
2945	1648.07
2946	1648.54
2947	1649
2948	1649.54
2949	1650.22
2950	1650.78
2951	1651.31
2952	1651.85
2953	1652.28
2954	1652.77
2955	1653.33
2956	1653.79
2957	1654.26
2958	1654.73
2959	1655.18
2960	1655.64
2961	1656.12
2962	1656.65
2963	1657.11
2964	1657.56
2965	1658.02
2966	1658.48
2967	1658.96
2968	1659.42
2969	1659.88
2970	1660.35
2971	1660.81
2972	1661.28
2973	1661.78
2974	1662.24
2975	1662.72
2976	1663.19
2977	1663.64
2978	1664.07
2979	1664.51
2980	1664.94
2981	1665.38
2982	1665.82
2983	1666.28
2984	1666.76
2985	1667.25
2986	1667.73
2987	1668.2
2988	1668.67
2989	1669.14
2990	1669.59
2991	1670.05
2992	1670.51
2993	1670.97
2994	1671.43
2995	1671.89
2996	1672.35
2997	1672.83
2998	1673.3
2999	1673.84
3000	1674.83
3001	1675.77
3002	1676.21
3003	1676.66
3004	1677.12
3005	1677.55
3006	1678
3007	1678.45
3008	1678.88
3009	1679.33
3010	1679.78
3011	1680.25
3012	1680.71
3013	1681.2
3014	1681.66
3015	1682.11
3016	1682.58
3017	1683.02
3018	1683.47
3019	1683.92
3020	1684.37
3021	1684.8
3022	1685.26
3023	1685.74
3024	1686.24
3025	1686.71
3026	1687.22
3027	1687.69
3028	1688.16
3029	1688.61
3030	1689.14
3031	1689.6
3032	1690.05
3033	1690.5
3034	1690.94
3035	1691.38
3036	1691.83
3037	1692.27
3038	1692.74
3039	1693.21
3040	1693.66
3041	1694.12
3042	1694.56
3043	1695.02
3044	1695.47
3045	1695.91
3046	1696.34
3047	1696.78
3048	1697.23
3049	1697.68
3050	1698.11
3051	1698.59
3052	1699.06
3053	1699.53
3054	1699.99
3055	1700.46
3056	1700.92
3057	1701.35
3058	1701.78
3059	1702.23
3060	1702.77
3061	1703.32
3062	1703.78
3063	1704.25
3064	1704.75
3065	1705.24
3066	1705.74
3067	1706.22
3068	1706.69
3069	1707.18
3070	1707.68
3071	1708.14
3072	1708.61
3073	1709.06
3074	1709.49
3075	1709.93
3076	1710.37
3077	1710.82
3078	1711.29
3079	1711.77
3080	1712.22
3081	1712.69
3082	1713.14
3083	1713.61
3084	1714.07
3085	1714.52
3086	1714.98
3087	1715.43
3088	1715.89
3089	1716.36
3090	1716.81
3091	1717.28
3092	1717.81
3093	1718.31
3094	1718.79
3095	1719.27
3096	1719.75
3097	1720.23
3098	1720.69
3099	1721.15
3100	1721.61
3101	1722.07
3102	1722.51
3103	1723.01
3104	1723.48
3105	1723.97
3106	1724.46
3107	1724.96
3108	1725.44
3109	1725.94
3110	1726.42
3111	1726.9
3112	1727.38
3113	1727.83
3114	1728.29
3115	1728.73
3116	1729.18
3117	1729.63
3118	1730.11
3119	1730.6
3120	1731.08
3121	1731.56
3122	1732.03
3123	1732.5
3124	1732.95
3125	1733.41
3126	1733.87
3127	1734.32
3128	1734.75
3129	1735.18
3130	1735.62
3131	1736.04
3132	1736.5
3133	1736.97
3134	1737.44
3135	1737.94
3136	1738.43
3137	1738.93
3138	1739.41
3139	1739.88
3140	1740.34
3141	1740.78
3142	1741.24
3143	1741.69
3144	1742.17
3145	1742.67
3146	1743.16
3147	1743.65
3148	1744.16
3149	1744.65
3150	1745.14
3151	1745.62
3152	1746.1
3153	1746.57
3154	1747.04
3155	1747.51
3156	1747.97
3157	1748.43
3158	1748.91
3159	1749.38
3160	1749.86
3161	1750.34
3162	1750.81
3163	1751.3
3164	1751.8
3165	1752.28
3166	1752.75
3167	1753.23
3168	1753.69
3169	1754.16
3170	1754.59
3171	1755.05
3172	1755.52
3173	1755.99
3174	1756.46
3175	1756.96
3176	1757.44
3177	1757.92
3178	1758.38
3179	1758.81
3180	1759.24
3181	1759.68
3182	1760.12
3183	1760.58
3184	1761.03
3185	1761.51
3186	1761.98
3187	1762.48
3188	1762.98
3189	1763.48
3190	1764.01
3191	1764.51
3192	1764.98
3193	1765.46
3194	1765.93
3195	1766.39
3196	1766.85
3197	1767.32
3198	1767.79
3199	1768.25
3200	1768.74
3201	1769.21
3202	1769.68
3203	1770.17
3204	1770.64
3205	1771.11
3206	1771.55
3207	1771.99
3208	1772.45
3209	1772.92
3210	1773.38
3211	1773.82
3212	1774.28
3213	1774.75
3214	1775.25
3215	1775.73
3216	1776.21
3217	1776.7
3218	1777.17
3219	1777.66
3220	1778.13
3221	1778.6
3222	1779.07
3223	1779.55
3224	1780.01
3225	1780.45
3226	1780.92
3227	1781.42
3228	1781.9
3229	1782.39
3230	1782.88
3231	1783.37
3232	1783.85
3233	1784.33
3234	1784.8
3235	1785.26
3236	1785.71
3237	1786.15
3238	1786.59
3239	1787.05
3240	1787.5
3241	1787.97
3242	1788.45
3243	1788.92
3244	1789.4
3245	1789.89
3246	1790.38
3247	1790.86
3248	1791.32
3249	1791.77
3250	1792.22
3251	1792.68
3252	1793.12
3253	1793.57
3254	1794.04
3255	1794.52
3256	1795
3257	1795.47
3258	1795.94
3259	1796.42
3260	1796.92
3261	1797.37
3262	1797.82
3263	1798.27
3264	1798.71
3265	1799.16
3266	1799.63
3267	1800.06
3268	1800.51
3269	1800.96
3270	1801.42
3271	1801.87
3272	1802.33
3273	1802.78
3274	1803.24
3275	1803.66
3276	1804.09
3277	1804.52
3278	1804.94
3279	1805.37
3280	1805.79
3281	1806.28
3282	1806.74
3283	1807.21
3284	1807.7
3285	1808.16
3286	1808.65
3287	1809.13
3288	1809.59
3289	1810.05
3290	1810.5
3291	1810.95
3292	1811.42
3293	1811.89
3294	1812.36
3295	1812.83
3296	1813.32
3297	1813.79
3298	1814.26
3299	1814.74
3300	1815.22
3301	1815.69
3302	1816.17
3303	1816.64
3304	1817.09
3305	1817.56
3306	1818.01
3307	1818.47
3308	1818.95
3309	1819.39
3310	1819.87
3311	1820.39
3312	1820.87
3313	1821.36
3314	1821.83
3315	1822.29
3316	1822.76
3317	1823.23
3318	1823.67
3319	1824.11
3320	1824.57
3321	1825.03
3322	1825.49
3323	1825.96
3324	1826.44
3325	1826.91
3326	1827.38
3327	1827.85
3328	1828.33
3329	1828.8
3330	1829.25
3331	1829.71
3332	1830.17
3333	1830.62
3334	1831.06
3335	1831.52
3336	1832.01
3337	1832.48
3338	1832.93
3339	1833.4
3340	1833.86
3341	1834.35
3342	1834.83
3343	1835.32
3344	1835.78
3345	1836.23
3346	1836.68
3347	1837.17
3348	1837.65
3349	1838.13
3350	1838.6
3351	1839.1
3352	1839.56
3353	1840.04
3354	1840.54
3355	1841
3356	1841.47
3357	1841.94
3358	1842.38
3359	1842.85
3360	1843.32
3361	1843.76
3362	1844.22
3363	1844.68
3364	1845.16
3365	1845.62
3366	1846.09
3367	1846.58
3368	1847.05
3369	1847.51
3370	1847.97
3371	1848.42
3372	1848.89
3373	1849.37
3374	1849.85
3375	1850.35
3376	1850.82
3377	1851.32
3378	1851.81
3379	1852.3
3380	1852.8
3381	1853.28
3382	1853.77
3383	1854.24
3384	1854.7
3385	1855.13
3386	1855.58
3387	1856.03
3388	1856.49
3389	1856.97
3390	1857.46
3391	1857.93
3392	1858.4
3393	1858.88
3394	1859.37
3395	1859.85
3396	1860.31
3397	1860.79
3398	1861.26
3399	1861.75
3400	1862.2
3401	1862.66
3402	1863.1
3403	1863.53
3404	1864
3405	1864.47
3406	1864.94
3407	1865.4
3408	1865.88
3409	1866.33
3410	1866.82
3411	1867.3
3412	1867.8
3413	1868.27
3414	1868.74
3415	1869.21
3416	1869.67
3417	1870.12
3418	1870.6
3419	1871.09
3420	1871.55
3421	1872.01
3422	1872.54
3423	1873.01
3424	1873.47
3425	1873.92
3426	1874.39
3427	1874.86
3428	1875.34
3429	1875.83
3430	1876.31
3431	1876.78
3432	1877.28
3433	1877.79
3434	1878.27
3435	1878.78
3436	1879.26
3437	1879.75
3438	1880.21
3439	1880.67
3440	1881.11
3441	1881.58
3442	1882.07
3443	1882.54
3444	1883.04
3445	1883.52
3446	1883.98
3447	1884.47
3448	1884.94
3449	1885.41
3450	1885.89
3451	1886.37
3452	1886.87
3453	1887.36
3454	1887.85
3455	1888.31
3456	1888.77
3457	1889.25
3458	1889.73
3459	1890.19
3460	1890.67
3461	1891.15
3462	1891.62
3463	1892.1
3464	1892.58
3465	1893.02
3466	1893.49
3467	1893.96
3468	1894.43
3469	1894.91
3470	1895.41
3471	1895.87
3472	1896.37
3473	1896.86
3474	1897.34
3475	1897.83
3476	1898.34
3477	1898.81
3478	1899.29
3479	1899.77
3480	1900.25
3481	1900.71
3482	1901.18
3483	1901.64
3484	1902.1
3485	1902.57
3486	1903.04
3487	1903.5
3488	1903.97
3489	1904.42
3490	1904.89
3491	1905.38
3492	1905.85
3493	1906.31
3494	1906.78
3495	1907.26
3496	1907.74
3497	1908.21
3498	1908.68
3499	1909.15
3500	1909.62
3501	1910.11
3502	1910.59
3503	1911.08
3504	1911.54
3505	1912.01
3506	1912.5
3507	1912.98
3508	1913.46
3509	1913.92
3510	1914.41
3511	1914.87
3512	1915.35
3513	1915.85
3514	1916.34
3515	1916.85
3516	1917.35
3517	1917.83
3518	1918.32
3519	1918.79
3520	1919.26
3521	1919.74
3522	1920.21
3523	1920.68
3524	1921.14
3525	1921.62
3526	1922.08
3527	1922.55
3528	1923.01
3529	1923.52
3530	1924.02
3531	1924.53
3532	1925
3533	1925.51
3534	1926.02
3535	1926.5
3536	1926.97
3537	1927.44
3538	1927.94
3539	1928.41
3540	1928.88
3541	1929.34
3542	1929.82
3543	1930.32
3544	1930.8
3545	1931.26
3546	1931.72
3547	1932.16
3548	1932.65
3549	1933.16
3550	1933.62
3551	1934.11
3552	1934.59
3553	1935.04
3554	1935.53
3555	1936.03
3556	1936.54
3557	1937.01
3558	1937.51
3559	1937.98
3560	1938.46
3561	1938.96
3562	1939.43
3563	1939.9
3564	1940.42
3565	1940.89
3566	1941.35
3567	1941.82
3568	1942.3
3569	1942.8
3570	1943.26
3571	1943.72
3572	1944.21
3573	1944.69
3574	1945.16
3575	1945.63
3576	1946.1
3577	1946.56
3578	1947.05
3579	1947.53
3580	1948
3581	1948.44
3582	1948.9
3583	1949.38
3584	1949.87
3585	1950.35
3586	1950.81
3587	1951.3
3588	1951.77
3589	1952.25
3590	1952.72
3591	1953.2
3592	1953.69
3593	1954.17
3594	1954.62
3595	1955.1
3596	1955.57
3597	1956.07
3598	1956.56
3599	1957.05
3600	1957.55
3601	1958.03
3602	1958.52
3603	1959
3604	1959.48
3605	1959.96
3606	1960.43
3607	1960.93
3608	1961.42
3609	1961.89
3610	1962.36
3611	1962.85
3612	1963.33
3613	1963.82
3614	1964.28
3615	1964.75
3616	1965.25
3617	1965.72
3618	1966.2
3619	1966.66
3620	1967.12
3621	1967.61
3622	1968.08
3623	1968.54
3624	1969.03
3625	1969.52
3626	1969.99
3627	1970.46
3628	1970.92
3629	1971.39
3630	1971.87
3631	1972.34
3632	1972.81
3633	1973.29
3634	1973.8
3635	1974.28
3636	1974.74
3637	1975.23
3638	1975.71
3639	1976.22
3640	1976.72
3641	1977.2
3642	1977.68
3643	1978.16
3644	1978.63
3645	1979.08
3646	1979.54
3647	1980.02
3648	1980.49
3649	1980.97
3650	1981.47
3651	1981.95
3652	1982.43
3653	1982.87
3654	1983.37
3655	1983.89
3656	1984.57
3657	1985.45
3658	1986.13
3659	1986.8
3660	1987.41
3661	1987.89
3662	1988.37
3663	1988.86
3664	1989.33
3665	1989.82
3666	1990.3
3667	1990.77
3668	1991.24
3669	1991.7
3670	1992.18
3671	1992.68
3672	1993.18
3673	1993.67
3674	1994.17
3675	1994.74
3676	1995.43
3677	1995.98
3678	1996.77
3679	1997.51
3680	1998.07
3681	1998.68
3682	1999.26
3683	1999.81
3684	2000.31
3685	2000.96
3686	2001.6
3687	2002.21
3688	2002.72
3689	2003.2
3690	2003.72
3691	2004.22
3692	2004.69
3693	2005.16
3694	2005.66
3695	2006.13
3696	2006.61
3697	2007.09
3698	2007.57
3699	2008.06
3700	2008.53
3701	2008.99
3702	2009.44
3703	2009.89
3704	2010.36
3705	2010.84
3706	2011.31
3707	2011.81
3708	2012.27
3709	2012.76
3710	2013.24
3711	2013.74
3712	2014.43
3713	2015.41
3714	2016.01
3715	2016.7
3716	2017.23
3717	2018.54
3718	2019.39
3719	2020.21
3720	2021.1
3721	2021.85
3722	2022.64
3723	2023.43
3724	2024.35
3725	2025.13
3726	2025.9
3727	2026.64
3728	2027.57
3729	2028.4
3730	2029.21
3731	2029.97
3732	2030.73
3733	2031.44
3734	2032.2
3735	2033.04
3736	2033.8
3737	2034.58
3738	2035.31
3739	2036.06
3740	2036.81
3741	2037.58
3742	2038.32
3743	2039.07
3744	2039.8
3745	2040.54
3746	2041.35
3747	2042.1
3748	2043.09
3749	2044.01
3750	2044.51
3751	2045.03
3752	2045.57
3753	2046.15
3754	2046.75
3755	2047.27
3756	2047.77
3757	2048.3
3758	2048.81
3759	2049.32
3760	2049.86
3761	2050.38
3762	2050.89
3763	2051.41
3764	2051.93
3765	2052.46
3766	2052.96
3767	2053.47
3768	2053.97
3769	2054.47
3770	2054.95
3771	2055.47
3772	2055.98
3773	2056.5
3774	2056.98
3775	2057.47
3776	2057.95
3777	2058.45
3778	2058.95
3779	2059.44
3780	2059.92
3781	2060.41
3782	2060.89
3783	2061.38
3784	2061.85
3785	2062.35
3786	2062.81
3787	2063.3
3788	2063.8
3789	2064.29
3790	2064.78
3791	2065.28
3792	2065.77
3793	2066.26
3794	2066.75
3795	2067.23
3796	2067.73
3797	2068.2
3798	2068.7
3799	2069.19
3800	2069.67
3801	2070.2
3802	2070.7
3803	2071.2
3804	2071.68
3805	2072.18
3806	2072.64
3807	2073.11
3808	2073.57
3809	2074.04
3810	2074.49
3811	2074.96
3812	2075.43
3813	2075.89
3814	2076.33
3815	2076.86
3816	2077.35
3817	2077.83
3818	2078.3
3819	2078.79
3820	2079.27
3821	2079.76
3822	2080.23
3823	2080.71
3824	2081.2
3825	2081.68
3826	2082.17
3827	2082.65
3828	2083.14
3829	2083.63
3830	2084.1
3831	2084.57
3832	2085.05
3833	2085.52
3834	2086
3835	2086.49
3836	2086.98
3837	2087.47
3838	2087.95
3839	2088.45
3840	2088.93
3841	2089.41
3842	2089.89
3843	2090.38
3844	2090.85
3845	2091.34
3846	2091.85
3847	2092.37
3848	2092.83
3849	2093.31
3850	2093.81
3851	2094.29
3852	2094.78
3853	2095.23
3854	2095.71
3855	2096.19
3856	2096.69
3857	2097.15
3858	2097.64
3859	2098.14
3860	2098.61
3861	2099.11
3862	2099.58
3863	2100.04
3864	2100.53
3865	2101.01
3866	2101.5
3867	2101.97
3868	2102.44
3869	2102.94
3870	2103.42
3871	2103.89
3872	2104.37
3873	2104.88
3874	2105.39
3875	2105.9
3876	2106.38
3877	2106.86
3878	2107.36
3879	2107.84
3880	2108.33
3881	2108.81
3882	2109.3
3883	2109.8
3884	2110.27
3885	2110.76
3886	2111.24
3887	2111.71
3888	2112.21
3889	2112.71
3890	2113.19
3891	2113.68
3892	2114.17
3893	2114.63
3894	2115.12
3895	2115.61
3896	2116.07
3897	2116.56
3898	2117.05
3899	2117.54
3900	2118.02
3901	2118.5
3902	2118.98
3903	2119.46
3904	2119.93
3905	2120.41
3906	2120.88
3907	2121.36
3908	2121.85
3909	2122.31
3910	2122.76
3911	2123.23
3912	2123.72
3913	2124.2
3914	2124.67
3915	2125.15
3916	2125.64
3917	2126.11
3918	2126.61
3919	2127.08
3920	2127.56
3921	2128.06
3922	2128.58
3923	2129.08
3924	2129.59
3925	2130.1
3926	2130.61
3927	2131.08
3928	2131.56
3929	2132.04
3930	2132.53
3931	2133
3932	2133.48
3933	2133.95
3934	2134.4
3935	2134.84
3936	2135.32
3937	2135.8
3938	2136.29
3939	2136.79
3940	2137.23
3941	2137.74
3942	2138.21
3943	2138.68
3944	2139.16
3945	2139.65
3946	2140.13
3947	2140.6
3948	2141.09
3949	2141.59
3950	2142.12
3951	2142.71
3952	2143.22
3953	2143.7
3954	2144.16
3955	2144.63
3956	2145.09
3957	2145.58
3958	2146.08
3959	2146.57
3960	2147.06
3961	2147.56
3962	2148.05
3963	2148.55
3964	2149.1
3965	2149.61
3966	2150.1
3967	2150.61
3968	2151.08
3969	2151.57
3970	2152.06
3971	2152.55
3972	2153.04
3973	2153.54
3974	2154.01
3975	2154.5
3976	2154.98
3977	2155.47
3978	2155.92
3979	2156.4
3980	2156.88
3981	2157.38
3982	2157.84
3983	2158.32
3984	2158.8
3985	2159.28
3986	2159.75
3987	2160.23
3988	2160.69
3989	2161.16
3990	2161.67
3991	2162.17
3992	2162.67
3993	2163.16
3994	2163.66
3995	2164.14
3996	2164.62
3997	2165.09
3998	2165.63
3999	2166.09
4000	2167.08
4001	2168.08
4002	2168.57
4003	2169.11
4004	2169.64
4005	2170.14
4006	2170.64
4007	2171.12
4008	2171.62
4009	2172.1
4010	2172.61
4011	2173.07
4012	2173.56
4013	2174.03
4014	2174.5
4015	2174.99
4016	2175.48
4017	2175.96
4018	2176.45
4019	2176.93
4020	2177.42
4021	2177.91
4022	2178.4
4023	2178.87
4024	2179.35
4025	2179.81
4026	2180.27
4027	2180.75
4028	2181.27
4029	2181.76
4030	2182.27
4031	2182.77
4032	2183.27
4033	2183.79
4034	2184.28
4035	2184.79
4036	2185.28
4037	2185.77
4038	2186.28
4039	2186.78
4040	2187.28
4041	2187.75
4042	2188.24
4043	2188.75
4044	2189.25
4045	2189.75
4046	2190.24
4047	2190.79
4048	2191.3
4049	2191.82
4050	2192.32
4051	2192.8
4052	2193.29
4053	2193.76
4054	2194.24
4055	2194.7
4056	2195.18
4057	2195.66
4058	2196.14
4059	2196.65
4060	2197.15
4061	2197.69
4062	2198.17
4063	2198.66
4064	2199.13
4065	2199.6
4066	2200.1
4067	2200.57
4068	2201.04
4069	2201.52
4070	2201.99
4071	2202.5
4072	2202.99
4073	2203.5
4074	2204
4075	2204.49
4076	2204.96
4077	2205.44
4078	2205.92
4079	2206.38
4080	2206.86
4081	2207.35
4082	2207.83
4083	2208.32
4084	2208.84
4085	2209.32
4086	2209.83
4087	2210.32
4088	2210.82
4089	2211.34
4090	2211.83
4091	2212.34
4092	2212.82
4093	2213.29
4094	2213.75
4095	2214.23
4096	2214.7
4097	2215.17
4098	2215.63
4099	2216.11
4100	2216.61
4101	2217.09
4102	2217.58
4103	2218.05
4104	2218.51
4105	2219
4106	2219.48
4107	2219.97
4108	2220.46
4109	2220.93
4110	2221.4
4111	2221.88
4112	2222.37
4113	2222.86
4114	2223.36
4115	2223.88
4116	2224.4
4117	2224.9
4118	2225.38
4119	2225.85
4120	2226.33
4121	2226.81
4122	2227.33
4123	2227.83
4124	2228.32
4125	2228.82
4126	2229.32
4127	2229.81
4128	2230.33
4129	2230.82
4130	2231.33
4131	2231.83
4132	2232.29
4133	2232.77
4134	2233.23
4135	2233.68
4136	2234.16
4137	2234.65
4138	2235.13
4139	2235.61
4140	2236.09
4141	2236.58
4142	2237.06
4143	2237.54
4144	2238.03
4145	2238.49
4146	2238.97
4147	2239.46
4148	2239.97
4149	2240.48
4150	2240.94
4151	2241.43
4152	2241.93
4153	2242.45
4154	2242.95
4155	2243.45
4156	2243.94
4157	2244.42
4158	2244.89
4159	2245.36
4160	2245.86
4161	2246.37
4162	2246.86
4163	2247.36
4164	2247.84
4165	2248.34
4166	2248.83
4167	2249.3
4168	2249.79
4169	2250.27
4170	2250.76
4171	2251.26
4172	2251.73
4173	2252.19
4174	2252.66
4175	2253.13
4176	2253.61
4177	2254.08
4178	2254.57
4179	2255.08
4180	2255.57
4181	2256.06
4182	2256.53
4183	2257.03
4184	2257.53
4185	2257.99
4186	2258.51
4187	2259.01
4188	2259.49
4189	2259.98
4190	2260.47
4191	2260.94
4192	2261.43
4193	2261.93
4194	2262.43
4195	2262.92
4196	2263.41
4197	2263.9
4198	2264.4
4199	2264.87
4200	2265.43
4201	2266.65
4202	2267.53
4203	2268.36
4204	2269.3
4205	2270.32
4206	2271.1
4207	2271.88
4208	2272.74
4209	2273.55
4210	2274.82
4211	2276.67
4212	2277.99
4213	2278.87
4214	2279.92
4215	2280.71
4216	2281.88
4217	2282.75
4218	2283.73
4219	2284.26
4220	2285.06
4221	2285.74
4222	2286.3
4223	2287.04
4224	2287.71
4225	2288.74
4226	2289.62
4227	2290.64
4228	2291.69
4229	2292.86
4230	2293.66
4231	2294.45
4232	2295.2
4233	2295.98
4234	2296.78
4235	2297.58
4236	2298.37
4237	2299.27
4238	2300.09
4239	2300.95
4240	2301.73
4241	2302.55
4242	2303.49
4243	2304.29
4244	2305.03
4245	2305.83
4246	2306.63
4247	2307.53
4248	2308.07
4249	2308.62
4250	2309.15
4251	2309.74
4252	2310.36
4253	2310.89
4254	2311.39
4255	2311.88
4256	2312.37
4257	2312.87
4258	2313.36
4259	2313.86
4260	2314.37
4261	2314.88
4262	2315.4
4263	2315.9
4264	2316.39
4265	2316.95
4266	2317.47
4267	2317.96
4268	2318.48
4269	2318.97
4270	2319.46
4271	2319.95
4272	2320.42
4273	2320.88
4274	2321.36
4275	2321.84
4276	2322.31
4277	2322.82
4278	2323.33
4279	2323.82
4280	2324.31
4281	2324.78
4282	2325.24
4283	2325.7
4284	2326.16
4285	2326.64
4286	2327.12
4287	2327.59
4288	2328.1
4289	2328.61
4290	2329.12
4291	2329.61
4292	2330.1
4293	2330.61
4294	2331.09
4295	2331.57
4296	2332.09
4297	2332.57
4298	2333.04
4299	2333.5
4300	2334
4301	2334.5
4302	2334.98
4303	2335.44
4304	2335.94
4305	2336.45
4306	2336.97
4307	2337.48
4308	2337.98
4309	2338.46
4310	2338.94
4311	2339.44
4312	2339.91
4313	2340.38
4314	2340.87
4315	2341.37
4316	2341.87
4317	2342.37
4318	2342.87
4319	2343.36
4320	2343.86
4321	2344.33
4322	2344.81
4323	2345.29
4324	2345.77
4325	2346.24
4326	2346.7
4327	2347.19
4328	2347.7
4329	2348.2
4330	2348.72
4331	2349.23
4332	2349.75
4333	2350.24
4334	2350.72
4335	2351.19
4336	2351.67
4337	2352.15
4338	2352.68
4339	2353.17
4340	2353.66
4341	2354.15
4342	2354.63
4343	2355.11
4344	2355.6
4345	2356.09
4346	2356.57
4347	2357.06
4348	2357.58
4349	2358.05
4350	2358.54
4351	2359.02
4352	2359.51
4353	2359.98
4354	2360.44
4355	2360.9
4356	2361.4
4357	2361.87
4358	2362.37
4359	2362.84
4360	2363.29
4361	2363.79
4362	2364.23
4363	2364.68
4364	2365.16
4365	2365.63
4366	2366.11
4367	2366.58
4368	2367.04
4369	2367.51
4370	2367.99
4371	2368.47
4372	2368.96
4373	2369.44
4374	2369.92
4375	2370.39
4376	2370.85
4377	2371.53
4378	2372.01
4379	2372.54
4380	2373.05
4381	2373.58
4382	2374.05
4383	2374.55
4384	2375.02
4385	2375.49
4386	2375.98
4387	2376.45
4388	2376.93
4389	2377.41
4390	2378.01
4391	2378.51
4392	2379
4393	2379.48
4394	2379.96
4395	2380.41
4396	2380.94
4397	2381.41
4398	2381.91
4399	2382.41
4400	2382.89
4401	2383.35
4402	2383.81
4403	2384.27
4404	2384.76
4405	2385.26
4406	2385.75
4407	2386.31
4408	2386.95
4409	2387.59
4410	2388.22
4411	2388.9
4412	2389.57
4413	2390.25
4414	2390.93
4415	2391.51
4416	2392.05
4417	2392.61
4418	2393.22
4419	2394.02
4420	2394.62
4421	2395.1
4422	2395.67
4423	2396.18
4424	2396.67
4425	2397.18
4426	2397.67
4427	2398.19
4428	2398.68
4429	2399.19
4430	2399.71
4431	2400.22
4432	2400.71
4433	2401.21
4434	2401.74
4435	2402.27
4436	2402.77
4437	2403.26
4438	2403.74
4439	2404.25
4440	2404.78
4441	2405.28
4442	2405.77
4443	2406.25
4444	2406.76
4445	2407.24
4446	2407.8
4447	2408.3
4448	2408.77
4449	2409.26
4450	2409.73
4451	2410.23
4452	2410.7
4453	2411.17
4454	2411.65
4455	2412.12
4456	2412.62
4457	2413.1
4458	2413.58
4459	2414.05
4460	2414.51
4461	2414.96
4462	2415.43
4463	2415.91
4464	2416.38
4465	2416.83
4466	2417.27
4467	2417.76
4468	2418.24
4469	2418.74
4470	2419.27
4471	2419.75
4472	2420.24
4473	2420.71
4474	2421.19
4475	2421.66
4476	2422.15
4477	2422.63
4478	2423.1
4479	2423.58
4480	2424.05
4481	2424.52
4482	2425.01
4483	2425.48
4484	2425.94
4485	2426.42
4486	2426.9
4487	2427.36
4488	2427.85
4489	2428.32
4490	2428.8
4491	2429.27
4492	2429.74
4493	2430.23
4494	2430.7
4495	2431.22
4496	2431.7
4497	2432.19
4498	2432.66
4499	2433.13
4500	2433.6
4501	2434.06
4502	2434.53
4503	2435
4504	2435.45
4505	2435.92
4506	2436.4
4507	2436.89
4508	2437.33
4509	2437.79
4510	2438.24
4511	2438.72
4512	2439.18
4513	2439.64
4514	2440.09
4515	2440.55
4516	2441
4517	2441.47
4518	2441.97
4519	2442.46
4520	2442.94
4521	2443.4
4522	2443.89
4523	2444.35
4524	2444.82
4525	2445.31
4526	2445.78
4527	2446.25
4528	2446.72
4529	2447.18
4530	2447.67
4531	2448.16
4532	2448.65
4533	2449.13
4534	2449.68
4535	2450.35
4536	2451.28
4537	2452.13
4538	2452.94
4539	2453.55
4540	2454.53
4541	2455
4542	2455.49
4543	2455.98
4544	2456.46
4545	2456.94
4546	2457.41
4547	2457.9
4548	2458.38
4549	2458.84
4550	2459.31
4551	2459.8
4552	2460.3
4553	2460.78
4554	2461.29
4555	2461.79
4556	2462.28
4557	2462.77
4558	2463.28
4559	2463.74
4560	2464.19
4561	2464.66
4562	2465.14
4563	2465.59
4564	2466.05
4565	2466.51
4566	2466.98
4567	2467.44
4568	2467.92
4569	2468.4
4570	2468.87
4571	2469.36
4572	2469.82
4573	2470.3
4574	2470.77
4575	2471.25
4576	2471.75
4577	2472.22
4578	2472.69
4579	2473.16
4580	2473.64
4581	2474.1
4582	2474.56
4583	2475.04
4584	2475.5
4585	2475.94
4586	2476.41
4587	2476.86
4588	2477.34
4589	2477.8
4590	2478.26
4591	2478.7
4592	2479.17
4593	2479.64
4594	2480.11
4595	2480.57
4596	2481.02
4597	2481.48
4598	2481.97
4599	2482.42
4600	2482.91
4601	2483.36
4602	2483.82
4603	2484.3
4604	2484.77
4605	2485.23
4606	2485.69
4607	2486.14
4608	2486.6
4609	2487.06
4610	2487.54
4611	2488.02
4612	2488.49
4613	2488.96
4614	2489.41
4615	2489.9
4616	2490.38
4617	2490.85
4618	2491.32
4619	2491.79
4620	2492.24
4621	2492.76
4622	2493.23
4623	2493.7
4624	2494.16
4625	2494.61
4626	2495.07
4627	2495.53
4628	2495.98
4629	2496.44
4630	2496.91
4631	2497.37
4632	2497.81
4633	2498.24
4634	2498.7
4635	2499.22
4636	2499.71
4637	2500.21
4638	2500.7
4639	2501.18
4640	2501.67
4641	2502.15
4642	2502.64
4643	2503.12
4644	2503.58
4645	2504.07
4646	2504.53
4647	2504.98
4648	2505.45
4649	2505.91
4650	2506.37
4651	2506.85
4652	2507.31
4653	2507.83
4654	2508.29
4655	2508.73
4656	2509.21
4657	2509.7
4658	2510.16
4659	2510.63
4660	2511.1
4661	2511.54
4662	2512
4663	2512.42
4664	2512.88
4665	2513.33
4666	2513.8
4667	2514.24
4668	2514.73
4669	2515.23
4670	2515.74
4671	2516.22
4672	2516.7
4673	2517.16
4674	2517.65
4675	2518.11
4676	2518.6
4677	2519.08
4678	2519.56
4679	2520.03
4680	2520.51
4681	2521
4682	2521.47
4683	2521.96
4684	2522.45
4685	2522.99
4686	2523.49
4687	2523.96
4688	2524.43
4689	2524.91
4690	2525.36
4691	2525.84
4692	2526.32
4693	2526.81
4694	2527.26
4695	2527.79
4696	2528.3
4697	2528.78
4698	2529.29
4699	2529.79
4700	2530.27
4701	2530.73
4702	2531.23
4703	2531.71
4704	2532.18
4705	2532.66
4706	2533.13
4707	2533.59
4708	2534.06
4709	2534.54
4710	2535.03
4711	2535.5
4712	2535.97
4713	2536.46
4714	2536.95
4715	2537.4
4716	2537.88
4717	2538.33
4718	2538.8
4719	2539.25
4720	2539.72
4721	2540.14
4722	2540.58
4723	2541.06
4724	2541.53
4725	2542.02
4726	2542.5
4727	2542.96
4728	2543.44
4729	2543.87
4730	2544.32
4731	2544.77
4732	2545.21
4733	2545.65
4734	2546.11
4735	2546.55
4736	2547.01
4737	2547.47
4738	2547.95
4739	2548.43
4740	2548.93
4741	2549.43
4742	2549.94
4743	2550.4
4744	2550.86
4745	2551.32
4746	2551.77
4747	2552.24
4748	2552.72
4749	2553.22
4750	2553.7
4751	2554.18
4752	2554.67
4753	2555.14
4754	2555.64
4755	2556.1
4756	2556.55
4757	2557.03
4758	2557.52
4759	2557.99
4760	2558.47
4761	2558.94
4762	2559.4
4763	2559.87
4764	2560.35
4765	2560.84
4766	2561.32
4767	2561.79
4768	2562.26
4769	2562.73
4770	2563.21
4771	2563.68
4772	2564.16
4773	2564.63
4774	2565.12
4775	2565.61
4776	2566.1
4777	2566.59
4778	2567.08
4779	2567.59
4780	2568.09
4781	2568.6
4782	2569.11
4783	2569.59
4784	2570.06
4785	2570.56
4786	2571.03
4787	2571.52
4788	2572.02
4789	2572.51
4790	2572.98
4791	2573.48
4792	2573.98
4793	2574.47
4794	2574.96
4795	2575.45
4796	2575.95
4797	2576.43
4798	2576.9
4799	2577.39
4800	2577.88
4801	2578.34
4802	2578.82
4803	2579.31
4804	2579.79
4805	2580.3
4806	2580.8
4807	2581.28
4808	2581.78
4809	2582.29
4810	2582.77
4811	2583.25
4812	2583.74
4813	2584.22
4814	2584.7
4815	2585.18
4816	2585.65
4817	2586.17
4818	2586.66
4819	2587.15
4820	2587.64
4821	2588.11
4822	2588.61
4823	2589.09
4824	2589.58
4825	2590.07
4826	2590.55
4827	2591.04
4828	2591.52
4829	2591.98
4830	2592.45
4831	2592.93
4832	2593.43
4833	2593.91
4834	2594.39
4835	2594.86
4836	2595.35
4837	2595.83
4838	2596.31
4839	2596.79
4840	2597.26
4841	2597.76
4842	2598.25
4843	2598.75
4844	2599.22
4845	2599.71
4846	2600.19
4847	2600.69
4848	2601.2
4849	2601.68
4850	2602.2
4851	2602.69
4852	2603.16
4853	2603.64
4854	2604.12
4855	2604.59
4856	2605.07
4857	2605.54
4858	2606.03
4859	2606.52
4860	2607.03
4861	2607.55
4862	2608.08
4863	2608.6
4864	2609.08
4865	2609.55
4866	2610.02
4867	2610.47
4868	2610.94
4869	2611.41
4870	2611.88
4871	2612.34
4872	2612.79
4873	2613.3
4874	2613.8
4875	2614.27
4876	2614.76
4877	2615.23
4878	2615.7
4879	2616.16
4880	2616.62
4881	2617.08
4882	2617.55
4883	2618.02
4884	2618.48
4885	2618.95
4886	2619.43
4887	2619.92
4888	2620.42
4889	2620.93
4890	2621.42
4891	2621.9
4892	2622.38
4893	2622.87
4894	2623.36
4895	2623.82
4896	2624.3
4897	2624.78
4898	2625.26
4899	2625.74
4900	2626.24
4901	2626.73
4902	2627.22
4903	2627.73
4904	2628.24
4905	2628.75
4906	2629.23
4907	2629.69
4908	2630.16
4909	2630.65
4910	2631.1
4911	2631.57
4912	2632.03
4913	2632.46
4914	2632.95
4915	2633.42
4916	2633.89
4917	2634.34
4918	2634.81
4919	2635.25
4920	2635.73
4921	2636.19
4922	2636.66
4923	2637.11
4924	2637.57
4925	2638.02
4926	2638.48
4927	2638.96
4928	2639.45
4929	2639.94
4930	2640.42
4931	2640.91
4932	2641.39
4933	2641.85
4934	2642.27
4935	2642.72
4936	2643.19
4937	2643.63
4938	2644.13
4939	2644.59
4940	2645.11
4941	2645.6
4942	2646.09
4943	2646.59
4944	2647.1
4945	2647.6
4946	2648.08
4947	2648.55
4948	2649.01
4949	2649.46
4950	2649.93
4951	2650.38
4952	2650.88
4953	2651.36
4954	2651.83
4955	2652.3
4956	2652.79
4957	2653.25
4958	2653.71
4959	2654.15
4960	2654.62
4961	2655.07
4962	2655.52
4963	2655.99
4964	2656.44
4965	2656.88
4966	2657.32
4967	2657.78
4968	2658.26
4969	2658.74
4970	2659.21
4971	2659.68
4972	2660.14
4973	2660.58
4974	2661.02
4975	2661.48
4976	2662.23
4977	2663.14
4978	2663.91
4979	2664.94
4980	2665.76
4981	2666.57
4982	2667.32
4983	2668.08
4984	2668.81
4985	2669.51
4986	2670.25
4987	2671.79
4988	2672.76
4989	2673.87
4990	2674.89
4991	2675.95
4992	2676.65
4993	2677.42
4994	2678.59
4995	2679.39
4996	2680.7
4997	2681.82
4998	2682.38
4999	2682.89
5000	2685.12
