1	1
2	0.45971081
3	0.11443481
4	0.042900425
5	0.012190167
6	0.0062760465
7	0.0095625717
8	0.0093995109
9	0.0083377889
10	0.007017346
11	0.0057358425
12	0.004681427
13	0.0038029382
14	0.0031020428
15	0.002573615
16	0.0021911496
17	0.0019039537
18	0.0016781163
19	0.0014946712
20	0.0013585097
21	0.0012508899
22	0.0011670324
23	0.0011056974
24	0.0010522343
25	0.0010098285
26	0.00096822359
27	0.00093214926
28	0.00089981232
29	0.00087015108
30	0.00084114532
31	0.00081268987
32	0.00078622786
33	0.00076076149
34	0.00073898174
35	0.00071596675
36	0.00069548421
37	0.00067681571
38	0.00065976892
39	0.00064306621
40	0.00062887443
41	0.00061460581
42	0.00060174046
43	0.00058877442
44	0.00057857878
45	0.00056936547
46	0.00056235152
47	0.00055566394
48	0.00055065979
49	0.00054551209
50	0.00054210088
51	0.00053822551
52	0.00053462403
53	0.00053045068
54	0.00052711798
55	0.00052268759
56	0.00051900674
57	0.00051517056
58	0.00051147378
59	0.00050730493
60	0.00050349676
61	0.00049920163
62	0.00049446786
63	0.00048904471
64	0.00048396716
65	0.00047863712
66	0.000473347
67	0.00046795175
68	0.00046248163
69	0.0004571897
70	0.00045164268
71	0.0004462239
72	0.0004408991
73	0.00043557905
74	0.00043029893
75	0.00042532299
76	0.00042039868
77	0.00041557387
78	0.00041076823
79	0.00040630759
80	0.00040206853
81	0.00039818279
82	0.00039447868
83	0.00039119402
84	0.00038820852
85	0.00038535968
86	0.00038267245
87	0.00038011865
88	0.00037762294
89	0.00037524964
90	0.00037296706
91	0.00037077414
92	0.00036875477
93	0.00036673281
94	0.00036479761
95	0.0003629326
96	0.00036117526
97	0.00035941462
98	0.00035767451
99	0.00035607961
100	0.0003545243
101	0.00035298329
102	0.0003514553
103	0.00035004337
104	0.00034861087
105	0.00034717348
106	0.00034574738
107	0.000344292
108	0.00034277104
109	0.0003412164
110	0.00033961499
111	0.00033796734
112	0.00033626601
113	0.0003346143
114	0.00033287426
115	0.00033114082
116	0.00032937367
117	0.00032757039
118	0.00032571875
119	0.00032388481
120	0.00032205272
121	0.00032014681
122	0.00031822376
123	0.00031636333
124	0.0003144285
125	0.00031253473
126	0.00031066126
127	0.00030877569
128	0.00030684766
129	0.00030494856
130	0.00030310531
131	0.00030128601
132	0.0002994813
133	0.00029776268
134	0.00029616131
135	0.00029458749
136	0.00029308386
137	0.00029164395
138	0.00029019517
139	0.00028878597
140	0.00028748574
141	0.00028619452
142	0.00028494954
143	0.00028375749
144	0.00028259496
145	0.00028152542
146	0.00028047475
147	0.00027948543
148	0.0002785219
149	0.00027761308
150	0.00027669925
151	0.00027582862
152	0.00027498079
153	0.00027414161
154	0.00027327297
155	0.00027241925
156	0.00027158157
157	0.00027070305
158	0.0002697883
159	0.00026883932
160	0.0002678885
161	0.00026689055
162	0.00026588944
163	0.00026486333
164	0.00026380176
165	0.00026270764
166	0.00026160157
167	0.00026046975
168	0.00025928846
169	0.00025814434
170	0.00025701265
171	0.00025588796
172	0.00025473555
173	0.00025354749
174	0.00025235647
175	0.00025115387
176	0.00024996389
177	0.00024878906
178	0.00024761755
179	0.00024639684
180	0.00024515975
181	0.00024394395
182	0.00024274549
183	0.00024156255
184	0.00024039743
185	0.00023924436
186	0.00023807176
187	0.00023687773
188	0.00023568558
189	0.00023450633
190	0.00023334014
191	0.00023222372
192	0.00023109045
193	0.00022992628
194	0.00022875829
195	0.00022760133
196	0.00022646514
197	0.00022542968
198	0.00022426508
199	0.00022311217
200	0.0002219498
201	0.00022083091
202	0.00021970531
203	0.00021854674
204	0.00021743374
205	0.0002163943
206	0.00021535112
207	0.00021426298
208	0.00021314176
209	0.00021207211
210	0.00021106454
211	0.00021004353
212	0.00020911845
213	0.00020809214
214	0.00020706866
215	0.00020609851
216	0.00020518403
217	0.00020426986
218	0.00020335122
219	0.00020241346
220	0.00020159042
221	0.00020063032
222	0.00019974505
223	0.00019889388
224	0.00019804712
225	0.00019727571
226	0.00019647595
227	0.00019565897
228	0.00019487753
229	0.00019416219
230	0.0001933636
231	0.00019263283
232	0.00019190969
233	0.00019127506
234	0.00019059417
235	0.00018995143
236	0.00018927025
237	0.00018866594
238	0.00018803092
239	0.00018743555
240	0.00018680827
241	0.00018629635
242	0.0001857296
243	0.00018518258
244	0.00018463906
245	0.00018407868
246	0.00018360927
247	0.00018308272
248	0.00018259111
249	0.00018218897
250	0.00018166906
251	0.0001811697
252	0.00018072473
253	0.0001802888
254	0.00017991533
255	0.00017953256
256	0.00017908069
257	0.00017867143
258	0.00017828162
259	0.00017787224
260	0.00017748956
261	0.00017713076
262	0.00017683217
263	0.00017641342
264	0.00017607335
265	0.00017570676
266	0.00017540492
267	0.00017513705
268	0.00017473522
269	0.00017440458
270	0.00017416052
271	0.00017376816
272	0.00017348279
273	0.00017322418
274	0.00017292068
275	0.00017268178
276	0.00017245089
277	0.00017217138
278	0.00017195052
279	0.00017170682
280	0.00017151209
281	0.00017133967
282	0.00017107665
283	0.00017093894
284	0.00017072357
285	0.0001705235
286	0.0001704606
287	0.00017029323
288	0.00017011189
289	0.00017000145
290	0.00016988305
291	0.00016984709
292	0.00016990234
293	0.00016962302
294	0.00016951277
295	0.00016943552
296	0.00016940363
297	0.00016936912
298	0.00016925689
299	0.0001692728
300	0.00016917432
301	0.00016905864
302	0.00016902927
303	0.00016907992
304	0.00016886373
305	0.00016888877
306	0.00016888973
307	0.00016874319
308	0.00016880597
309	0.00016879265
310	0.00016876142
311	0.00016859955
312	0.00016868646
313	0.00016883701
314	0.00016867161
315	0.00016859755
316	0.00016856277
317	0.00016856737
318	0.00016851428
319	0.00016870636
320	0.00016863806
321	0.00016857239
322	0.00016866555
323	0.0001686203
324	0.00016872067
325	0.00016864614
326	0.00016857785
327	0.00016862238
328	0.0001685896
329	0.0001686944
330	0.00016868419
331	0.00016869093
332	0.00016862179
333	0.00016855066
334	0.00016843743
335	0.00016842859
336	0.00016854798
337	0.00016835286
338	0.00016836073
339	0.00016830636
340	0.00016809978
341	0.00016805216
342	0.00016792328
343	0.00016786487
344	0.00016773927
345	0.00016763675
346	0.00016747231
347	0.00016740347
348	0.00016726726
349	0.00016703127
350	0.00016693067
351	0.00016671071
352	0.0001666265
353	0.00016651743
354	0.00016630112
355	0.00016613947
356	0.00016595413
357	0.00016575326
358	0.00016546974
359	0.00016525756
360	0.00016518305
361	0.00016504301
362	0.00016460667
363	0.00016432084
364	0.0001641002
365	0.00016383891
366	0.00016364775
367	0.0001632472
368	0.00016293527
369	0.0001626051
370	0.00016232345
371	0.00016202607
372	0.00016171459
373	0.00016143103
374	0.00016109649
375	0.00016077916
376	0.00016058627
377	0.00016026606
378	0.00015997171
379	0.00015973341
380	0.00015952432
381	0.00015931879
382	0.00015903593
383	0.00015882537
384	0.00015854391
385	0.00015830441
386	0.00015810601
387	0.00015796165
388	0.00015775334
389	0.00015757184
390	0.00015741648
391	0.00015730854
392	0.00015714125
393	0.00015700523
394	0.00015689604
395	0.0001568133
396	0.00015673923
397	0.00015669544
398	0.00015667545
399	0.00015667504
400	0.00015668408
401	0.00015672247
402	0.00015680239
403	0.00015690665
404	0.00015702166
405	0.00015715223
406	0.0001572995
407	0.0001574876
408	0.00015770919
409	0.00015796713
410	0.00015825754
411	0.00015859889
412	0.00015898481
413	0.00015941601
414	0.00015989544
415	0.00016043913
416	0.0001610433
417	0.00016172397
418	0.00016244586
419	0.00016321022
420	0.00016403848
421	0.00016492908
422	0.00016589509
423	0.00016691556
424	0.00016800276
425	0.00016914654
426	0.00017037394
427	0.00017167778
428	0.00017307343
429	0.00017453371
430	0.00017606772
431	0.00017765885
432	0.00017932958
433	0.00018107443
434	0.00018289926
435	0.0001848051
436	0.00018676153
437	0.00018879971
438	0.00019090358
439	0.00019310414
440	0.00019538162
441	0.00019772829
442	0.0002001484
443	0.00020263709
444	0.00020519198
445	0.00020780203
446	0.00021047745
447	0.00021320749
448	0.0002159802
449	0.00021880019
450	0.00022165512
451	0.00022455099
452	0.00022747333
453	0.00023053123
454	0.0002333975
455	0.00023635553
456	0.00023935422
457	0.00024237011
458	0.0002454665
459	0.0002484456
460	0.00025146448
461	0.00025449943
462	0.00025754064
463	0.0002605791
464	0.00026371199
465	0.00026675325
466	0.00026967837
467	0.00027268035
468	0.00027569922
469	0.0002787055
470	0.00028179084
471	0.00028477436
472	0.00028765124
473	0.00029055386
474	0.0002934828
475	0.00029640326
476	0.00029934456
477	0.0003022738
478	0.00030510684
479	0.00030793306
480	0.0003107681
481	0.00031358516
482	0.00031638042
483	0.00031919485
484	0.00032193597
485	0.00032455997
486	0.00032719172
487	0.00032980081
488	0.0003323794
489	0.00033492514
490	0.00033742952
491	0.00033988983
492	0.00034231444
493	0.00034469952
494	0.00034704606
495	0.00034934995
496	0.0003516068
497	0.00035381965
498	0.00035599089
499	0.00035811558
500	0.00036019836
501	0.00036223485
502	0.00036422563
503	0.00036617027
504	0.00036806839
505	0.00036992669
506	0.00037173557
507	0.00037349277
508	0.00037520971
509	0.00037687714
510	0.00037850102
511	0.00038008157
512	0.00038161454
513	0.00038310438
514	0.00038455682
515	0.00038595795
516	0.00038734925
517	0.00038873582
518	0.00039011622
519	0.0003914993
520	0.0003928882
521	0.00039427103
522	0.00039568393
523	0.00039711209
524	0.00039856277
525	0.00040001506
526	0.0004015119
527	0.00040302283
528	0.0004045427
529	0.00040606146
530	0.00040758736
531	0.00040912993
532	0.00041069598
533	0.0004122598
534	0.00041383349
535	0.00041540596
536	0.00041699538
537	0.00041861213
538	0.00042022547
539	0.00042182706
540	0.0004234388
541	0.00042505754
542	0.00042668628
543	0.00042834737
544	0.0004300093
545	0.00043166004
546	0.00043331274
547	0.00043499488
548	0.00043667125
549	0.00043836196
550	0.00044004586
551	0.00044170599
552	0.00044336491
553	0.00044504874
554	0.00044674349
555	0.00044842467
556	0.00045008824
557	0.00045174764
558	0.00045339764
559	0.00045505643
560	0.00045672252
561	0.0004583818
562	0.00046002798
563	0.00046166906
564	0.0004633196
565	0.00046496356
566	0.00046660474
567	0.00046823576
568	0.00046986146
569	0.00047146989
570	0.00047306555
571	0.000474681
572	0.00047628144
573	0.00047786292
574	0.00047944817
575	0.00048102161
576	0.00048256936
577	0.00048412301
578	0.00048568366
579	0.00048721311
580	0.00048872496
581	0.00049023203
582	0.00049173218
583	0.00049322641
584	0.00049472669
585	0.00049619106
586	0.00049763738
587	0.00049905065
588	0.00050046243
589	0.00050186461
590	0.00050326871
591	0.00050464544
592	0.00050600874
593	0.00050734605
594	0.00050865023
595	0.00050994551
596	0.00051125424
597	0.00051254946
598	0.0005138274
599	0.00051507032
600	0.00051629154
601	0.00051748482
602	0.0005186683
603	0.00051985972
604	0.00052103757
605	0.00052218914
606	0.0005233148
607	0.00052439477
608	0.00052546272
609	0.0005265047
610	0.00052753956
611	0.00052856635
612	0.00052955365
613	0.00053051624
614	0.00053144437
615	0.0005323398
616	0.00053323221
617	0.00053410489
618	0.00053495509
619	0.00053580546
620	0.00053662448
621	0.00053741125
622	0.00053816934
623	0.00053889733
624	0.0005395931
625	0.00054024822
626	0.00054089542
627	0.0005415057
628	0.00054207598
629	0.00054263071
630	0.00054315335
631	0.00054363691
632	0.00054410024
633	0.00054454068
634	0.00054494744
635	0.00054531761
636	0.00054568023
637	0.00054600451
638	0.00054629663
639	0.00054656276
640	0.00054680439
641	0.00054700352
642	0.00054716215
643	0.00054730602
644	0.0005474427
645	0.00054753312
646	0.00054759788
647	0.00054765399
648	0.00054766947
649	0.00054764655
650	0.00054760828
651	0.00054754269
652	0.00054743401
653	0.00054731432
654	0.00054719325
655	0.00054704077
656	0.00054685136
657	0.00054664661
658	0.00054642186
659	0.00054615793
660	0.00054586595
661	0.00054556534
662	0.00054526162
663	0.00054493501
664	0.00054459232
665	0.00054422217
666	0.00054383331
667	0.00054342248
668	0.00054298899
669	0.00054252207
670	0.00054203384
671	0.00054155584
672	0.00054105146
673	0.00054054122
674	0.00054000034
675	0.00053944836
676	0.0005388895
677	0.00053830704
678	0.0005377064
679	0.00053708122
680	0.00053644637
681	0.00053579675
682	0.00053513623
683	0.00053445351
684	0.00053376128
685	0.00053306433
686	0.00053235123
687	0.00053161777
688	0.0005308647
689	0.00053009129
690	0.00052931703
691	0.00052853252
692	0.00052772846
693	0.00052691355
694	0.00052609147
695	0.00052524528
696	0.00052440497
697	0.00052354987
698	0.0005226784
699	0.00052178808
700	0.00052089473
701	0.00051998415
702	0.00051905941
703	0.00051812907
704	0.00051718875
705	0.00051623948
706	0.00051527711
707	0.00051430016
708	0.00051332501
709	0.00051234748
710	0.00051136417
711	0.00051036675
712	0.00050934978
713	0.00050832279
714	0.00050729022
715	0.00050627421
716	0.00050524049
717	0.00050419681
718	0.00050314035
719	0.00050208029
720	0.00050103198
721	0.00049997558
722	0.00049890781
723	0.00049783495
724	0.00049676387
725	0.0004956975
726	0.00049463729
727	0.00049356584
728	0.0004924773
729	0.00049184084
730	0.00049184813
731	0.00049073749
732	0.0004896032
733	0.00048845246
734	0.00048727083
735	0.0004860796
736	0.00048534029
737	0.00048527018
738	0.00048408478
739	0.00048285745
740	0.00048161364
741	0.00048081312
742	0.00048067384
743	0.00047942273
744	0.00047814224
745	0.00047684733
746	0.00047597964
747	0.00047577146
748	0.00047446284
749	0.00047312006
750	0.00047220385
751	0.00047194586
752	0.00047058658
753	0.00046919766
754	0.00046822721
755	0.00046791325
756	0.00046651092
757	0.00046507115
758	0.00046404348
759	0.00046367197
760	0.00046222607
761	0.00046075844
762	0.00045968106
763	0.00045925625
764	0.00045778581
765	0.0004566954
766	0.0004562449
767	0.00045475237
768	0.00045321621
769	0.00045206171
770	0.00045155316
771	0.00045001712
772	0.0004488391
773	0.00044831214
774	0.00044677767
775	0.00044557975
776	0.0004450297
777	0.00044348468
778	0.00044227577
779	0.00044169629
780	0.00044012177
781	0.0004388857
782	0.00043828199
783	0.00043669616
784	0.00043543414
785	0.0004348083
786	0.00043320636
787	0.00043191746
788	0.00043127045
789	0.00043002173
790	0.00042937091
791	0.00042775708
792	0.0004264537
793	0.00042577709
794	0.00042415117
795	0.0004228171
796	0.00042212264
797	0.00042084315
798	0.00042016151
799	0.0004185364
800	0.00041721244
801	0.00041651284
802	0.00041521038
803	0.0004145162
804	0.00041286854
805	0.00041151099
806	0.00041078001
807	0.00040945176
808	0.00040872103
809	0.00040704193
810	0.00040566468
811	0.00040490979
812	0.00040355156
813	0.00040279854
814	0.00040145961
815	0.00040071664
816	0.00039902587
817	0.00039762198
818	0.00039684953
819	0.00039548505
820	0.0003947171
821	0.0003933589
822	0.00039259716
823	0.00039123846
824	0.00039048551
825	0.00038913174
826	0.00038837479
827	0.00038665631
828	0.0003852296
829	0.00038444386
830	0.00038304
831	0.00038225573
832	0.00038086172
833	0.00038008561
834	0.00037869606
835	0.00037792166
836	0.00037653945
837	0.00037576568
838	0.00037438141
839	0.00037361036
840	0.00037223415
841	0.00037145921
842	0.00037007507
843	0.00036930638
844	0.00036792838
845	0.00036715861
846	0.00036577298
847	0.00036500217
848	0.0003636144
849	0.00036284161
850	0.00036145905
851	0.00036069619
852	0.00035931351
853	0.00035854431
854	0.00035715647
855	0.0003563855
856	0.00035499397
857	0.0003542211
858	0.00035283011
859	0.00035205528
860	0.0003506531
861	0.00034986964
862	0.00034847285
863	0.00034769443
864	0.00034629602
865	0.00034552127
866	0.00034412956
867	0.00034335969
868	0.00034197423
869	0.0003412092
870	0.00033982833
871	0.00033907759
872	0.00033770995
873	0.00033697215
874	0.00033560796
875	0.0003348749
876	0.00033351651
877	0.00033279143
878	0.00033144424
879	0.00033073219
880	0.00032939635
881	0.0003286961
882	0.0003273692
883	0.00032668352
884	0.00032536768
885	0.00032470104
886	0.00032339912
887	0.00032274578
888	0.00032146171
889	0.00032082398
890	0.00031955451
891	0.00031892781
892	0.00031767333
893	0.00031706383
894	0.00031583303
895	0.00031523887
896	0.00031402718
897	0.00031344697
898	0.0003122541
899	0.00031168067
900	0.00031050247
901	0.00030994086
902	0.0003087783
903	0.00030821887
904	0.00030706843
905	0.00030652466
906	0.00030538326
907	0.00030484812
908	0.00030372307
909	0.00030319822
910	0.00030208709
911	0.00030156945
912	0.00030046667
913	0.00029995502
914	0.00029886167
915	0.00029835758
916	0.00029727613
917	0.00029677933
918	0.00029571077
919	0.00029521838
920	0.00029415735
921	0.00029366821
922	0.00029261347
923	0.00029213452
924	0.00029109158
925	0.00029111765
926	0.0002906626
927	0.00028967682
928	0.00028922336
929	0.0002882163
930	0.00028775908
931	0.00028675118
932	0.00028629126
933	0.00028528129
934	0.00028531462
935	0.00028485728
936	0.00028387842
937	0.00028341133
938	0.00028240571
939	0.000281921
940	0.0002809052
941	0.00028091356
942	0.00028044177
943	0.00027946311
944	0.0002789797
945	0.00027798396
946	0.0002774942
947	0.00027649095
948	0.00027649409
949	0.00027601324
950	0.00027504897
951	0.00027456543
952	0.00027357611
953	0.0002735811
954	0.00027309881
955	0.00027214712
956	0.00027165952
957	0.00027067922
958	0.00027018576
959	0.00026920121
960	0.00026919567
961	0.00026871599
962	0.00026777033
963	0.00026728582
964	0.00026631773
965	0.00026632289
966	0.00026585342
967	0.00026492409
968	0.00026445388
969	0.00026350085
970	0.00026351606
971	0.00026305469
972	0.00026213536
973	0.00026166364
974	0.00026071497
975	0.00026073351
976	0.00026027494
977	0.00025936232
978	0.00025940777
979	0.00025896034
980	0.00025806765
981	0.00025761494
982	0.00025669433
983	0.00025674343
984	0.00025629884
985	0.00025540653
986	0.00025495182
987	0.00025402553
988	0.0002540728
989	0.00025362864
990	0.000252736
991	0.00025280309
992	0.00025236683
993	0.00025149188
994	0.00025104923
995	0.0002501417
996	0.0002502143
997	0.00024978091
998	0.00024890418
999	0.00024899847
1000	0.00024857377
1001	0.00024770646
1002	0.00024727424
1003	0.00024637819
1004	0.00024647102
1005	0.00024604548
1006	0.00024517382
1007	0.00024528816
1008	0.00024487265
1009	0.00024401693
1010	0.00024415442
1011	0.0002437498
1012	0.00024290654
1013	0.00024306074
1014	0.00024265847
1015	0.00024182114
1016	0.00024141224
1017	0.00024053789
1018	0.0002406697
1019	0.00024026327
1020	0.00023940932
1021	0.00023955904
1022	0.00023915862
1023	0.00023831249
1024	0.00023847679
1025	0.00023808354
1026	0.00023724932
1027	0.0002374274
1028	0.00023703936
1029	0.00023621106
1030	0.00023639515
1031	0.00023601247
1032	0.00023518854
1033	0.00023537714
1034	0.00023499262
1035	0.00023416877
1036	0.0002343592
1037	0.00023397732
1038	0.0002331518
1039	0.00023334417
1040	0.00023296011
1041	0.00023213714
1042	0.00023233227
1043	0.00023195036
1044	0.0002311253
1045	0.00023131804
1046	0.00023093728
1047	0.00023011414
1048	0.00023030813
1049	0.00022992962
1050	0.0002291048
1051	0.00022929982
1052	0.00022891966
1053	0.00022809375
1054	0.00022828926
1055	0.00022790857
1056	0.00022708294
1057	0.00022728466
1058	0.00022690741
1059	0.00022608345
1060	0.00022628876
1061	0.0002259133
1062	0.00022509221
1063	0.0002253054
1064	0.00022493793
1065	0.00022412157
1066	0.00022434345
1067	0.00022398062
1068	0.00022317089
1069	0.00022340641
1070	0.00022305128
1071	0.00022224776
1072	0.00022248816
1073	0.00022213915
1074	0.00022133917
1075	0.00022158762
1076	0.00022124394
1077	0.00022045107
1078	0.00022070959
1079	0.00022037452
1080	0.00021958738
1081	0.00021985212
1082	0.00021952291
1083	0.00021874492
1084	0.00021901766
1085	0.00021869436
1086	0.00021792341
1087	0.00021820351
1088	0.00021788808
1089	0.00021712348
1090	0.00021740856
1091	0.00021709607
1092	0.00021633705
1093	0.00021662588
1094	0.00021631955
1095	0.00021556827
1096	0.00021586002
1097	0.00021555561
1098	0.00021481203
1099	0.00021510655
1100	0.0002148076
1101	0.00021406937
1102	0.00021436682
1103	0.00021406847
1104	0.00021333548
1105	0.00021363278
1106	0.00021333838
1107	0.00021261132
1108	0.00021290757
1109	0.00021261674
1110	0.00021189802
1111	0.00021219679
1112	0.00021190956
1113	0.00021119678
1114	0.00021149591
1115	0.00021121256
1116	0.00021051021
1117	0.00021081091
1118	0.00021052983
1119	0.00020983316
1120	0.00021013397
1121	0.00021045304
1122	0.00021016557
1123	0.00020947678
1124	0.00020978762
1125	0.00020949742
1126	0.00020880469
1127	0.00020910266
1128	0.00020881013
1129	0.00020811768
1130	0.0002084024
1131	0.00020870191
1132	0.00020839533
1133	0.00020770531
1134	0.00020799011
1135	0.00020768189
1136	0.00020699018
1137	0.00020726395
1138	0.00020755205
1139	0.00020723504
1140	0.00020654816
1141	0.00020681768
1142	0.00020649679
1143	0.00020580481
1144	0.00020605892
1145	0.00020632551
1146	0.00020599348
1147	0.00020530581
1148	0.00020555751
1149	0.00020522341
1150	0.00020452982
1151	0.00020476666
1152	0.00020501705
1153	0.00020467385
1154	0.00020398358
1155	0.00020421909
1156	0.00020387512
1157	0.00020318145
1158	0.00020340275
1159	0.00020363751
1160	0.00020328385
1161	0.00020259287
1162	0.00020281351
1163	0.00020304693
1164	0.00020268399
1165	0.00020199084
1166	0.00020221004
1167	0.00020185085
1168	0.00020115671
1169	0.00020136351
1170	0.00020158359
1171	0.00020121657
1172	0.00020052578
1173	0.00020073336
1174	0.00020095337
1175	0.00020057874
1176	0.0001998856
1177	0.00020009152
1178	0.00020030833
1179	0.00019992572
1180	0.00019923116
1181	0.00019943215
1182	0.00019905477
1183	0.0001983597
1184	0.00019854836
1185	0.00019875051
1186	0.00019836601
1187	0.00019767388
1188	0.00019786317
1189	0.00019806437
1190	0.00019766963
1191	0.00019697321
1192	0.00019716075
1193	0.00019736109
1194	0.00019696353
1195	0.00019627017
1196	0.00019645885
1197	0.00019665907
1198	0.00019625657
1199	0.00019556201
1200	0.00019574575
1201	0.0001959425
1202	0.00019553458
1203	0.0001948386
1204	0.00019502006
1205	0.00019521477
1206	0.00019480295
1207	0.00019410669
1208	0.00019428532
1209	0.00019447505
1210	0.00019405789
1211	0.00019336009
1212	0.00019353526
1213	0.00019372237
1214	0.00019330191
1215	0.0001926051
1216	0.00019277917
1217	0.0001929652
1218	0.00019254165
1219	0.00019184297
1220	0.0001920141
1221	0.00019219727
1222	0.0001917708
1223	0.0001910727
1224	0.00019124118
1225	0.00019142289
1226	0.00019099454
1227	0.00019029663
1228	0.00019046425
1229	0.00019064384
1230	0.00019021186
1231	0.0001895162
1232	0.0001896838
1233	0.00018986365
1234	0.00018943094
1235	0.00018873651
1236	0.00018890339
1237	0.00018908076
1238	0.00018864615
1239	0.00018795121
1240	0.00018811502
1241	0.0001882911
1242	0.0001878543
1243	0.0001871604
1244	0.00018732401
1245	0.00018749905
1246	0.00018705822
1247	0.00018636669
1248	0.00018653063
1249	0.00018670644
1250	0.00018626947
1251	0.00018558341
1252	0.00018575076
1253	0.00018592919
1254	0.00018549368
1255	0.00018481051
1256	0.00018497767
1257	0.00018515468
1258	0.00018471857
1259	0.00018403894
1260	0.00018420607
1261	0.0001843841
1262	0.00018394794
1263	0.00018327165
1264	0.00018343902
1265	0.00018361678
1266	0.00018318108
1267	0.00018250805
1268	0.00018267662
1269	0.0001828555
1270	0.00018241952
1271	0.00018174984
1272	0.00018191833
1273	0.00018209727
1274	0.0001816626
1275	0.00018099702
1276	0.00018116556
1277	0.00018134303
1278	0.00018090805
1279	0.00018024576
1280	0.00018041486
1281	0.00018059219
1282	0.00018015754
1283	0.00017949788
1284	0.00017966546
1285	0.00017984282
1286	0.00017940767
1287	0.00017875224
1288	0.00017891952
1289	0.00017909512
1290	0.00017927777
1291	0.00017882257
1292	0.00017815705
1293	0.00017832721
1294	0.00017850546
1295	0.00017805399
1296	0.00017739578
1297	0.00017756088
1298	0.00017773547
1299	0.00017728803
1300	0.00017663542
1301	0.00017679587
1302	0.00017696457
1303	0.00017713939
1304	0.00017667103
1305	0.00017600513
1306	0.0001761655
1307	0.00017633379
1308	0.00017650623
1309	0.00017602005
1310	0.00017534224
1311	0.00017549898
1312	0.00017566244
1313	0.00017518344
1314	0.00017451649
1315	0.00017466273
1316	0.00017481805
1317	0.00017497975
1318	0.00017448185
1319	0.0001738048
1320	0.00017394673
1321	0.00017409712
1322	0.00017425277
1323	0.00017373935
1324	0.0001730538
1325	0.00017318831
1326	0.00017333095
1327	0.00017347921
1328	0.0001729546
1329	0.00017226461
1330	0.00017239222
1331	0.0001725275
1332	0.00017266729
1333	0.00017213032
1334	0.00017143417
1335	0.00017155328
1336	0.00017168075
1337	0.00017181321
1338	0.00017126582
1339	0.00017056586
1340	0.00017067672
1341	0.00017079563
1342	0.00017091948
1343	0.00017036302
1344	0.00016966168
1345	0.00016976576
1346	0.00016987865
1347	0.00016999646
1348	0.00016943396
1349	0.00016873036
1350	0.00016882755
1351	0.0001689343
1352	0.00016904626
1353	0.00016847799
1354	0.00016777249
1355	0.00016786439
1356	0.00016796566
1357	0.00016807321
1358	0.00016749919
1359	0.00016679168
1360	0.00016688022
1361	0.00016697638
1362	0.00016707902
1363	0.00016649948
1364	0.00016579128
1365	0.00016587359
1366	0.00016596657
1367	0.00016606543
1368	0.0001654826
1369	0.00016477305
1370	0.0001648525
1371	0.00016494285
1372	0.00016503834
1373	0.00016445163
1374	0.00016374072
1375	0.00016381716
1376	0.00016390471
1377	0.00016399742
1378	0.00016340714
1379	0.00016269472
1380	0.00016276902
1381	0.00016285326
1382	0.00016294274
1383	0.00016234921
1384	0.00016163601
1385	0.00016170872
1386	0.00016179081
1387	0.00016187818
1388	0.00016128142
1389	0.00016056805
1390	0.00016063881
1391	0.00016071943
1392	0.0001608058
1393	0.00016020721
1394	0.000159495
1395	0.00015956269
1396	0.00015964038
1397	0.00015972336
1398	0.00015912017
1399	0.00015840675
1400	0.00015847244
1401	0.00015854839
1402	0.00015862956
1403	0.00015802405
1404	0.00015731077
1405	0.00015737483
1406	0.00015744979
1407	0.00015752895
1408	0.00015692155
1409	0.00015620865
1410	0.00015626972
1411	0.00015634022
1412	0.00015641537
1413	0.00015580439
1414	0.00015509127
1415	0.00015514988
1416	0.00015521733
1417	0.00015529081
1418	0.00015467948
1419	0.0001539681
1420	0.00015402361
1421	0.00015408792
1422	0.00015415819
1423	0.00015423062
1424	0.00015359369
1425	0.00015286086
1426	0.00015291639
1427	0.00015297877
1428	0.00015304575
1429	0.00015241274
1430	0.00015168922
1431	0.00015173674
1432	0.00015179306
1433	0.00015185458
1434	0.00015192053
1435	0.0001512627
1436	0.00015052148
1437	0.00015056548
1438	0.00015061893
1439	0.00015067848
1440	0.0001507403
1441	0.00015006387
1442	0.0001493081
1443	0.00014934797
1444	0.00014939726
1445	0.00014945199
1446	0.00014950714
1447	0.00014881489
1448	0.0001480478
1449	0.00014808018
1450	0.00014812127
1451	0.00014816572
1452	0.00014821375
1453	0.00014750928
1454	0.00014673883
1455	0.00014676289
1456	0.00014679683
1457	0.0001468345
1458	0.00014687531
1459	0.00014616312
1460	0.00014539177
1461	0.00014540801
1462	0.00014543379
1463	0.00014546529
1464	0.00014550225
1465	0.00014478399
1466	0.00014401498
1467	0.00014402627
1468	0.00014404675
1469	0.00014407293
1470	0.00014410398
1471	0.00014337867
1472	0.00014260923
1473	0.00014261313
1474	0.00014262718
1475	0.00014264749
1476	0.0001426728
1477	0.00014194407
1478	0.00014117478
1479	0.00014117127
1480	0.00014118004
1481	0.00014119554
1482	0.00014121519
1483	0.00014048231
1484	0.000139712
1485	0.00013970281
1486	0.00013970582
1487	0.00013971688
1488	0.00013973282
1489	0.00013899714
1490	0.0001382254
1491	0.000138213
1492	0.00013821081
1493	0.00013821839
1494	0.0001382305
1495	0.00013749158
1496	0.00013671795
1497	0.00013670222
1498	0.00013669668
1499	0.00013670104
1500	0.00013670959
1501	0.00013596794
1502	0.00013519336
1503	0.00013517377
1504	0.00013516586
1505	0.00013516697
1506	0.00013517333
1507	0.00013443075
1508	0.00013365682
1509	0.00013363457
1510	0.00013362413
1511	0.00013362239
1512	0.00013362537
1513	0.00013288204
1514	0.00013211012
1515	0.00013208539
1516	0.00013207346
1517	0.00013206922
1518	0.00013206989
1519	0.0001313258
1520	0.00013055506
1521	0.00013052732
1522	0.00013051283
1523	0.00013050753
1524	0.00013050692
1525	0.00012976264
1526	0.00012899342
1527	0.00012896551
1528	0.00012894919
1529	0.00012894209
1530	0.00012893956
1531	0.00012893914
1532	0.00012816523
1533	0.000127369
1534	0.00012734304
1535	0.00012732628
1536	0.00012731554
1537	0.00012730716
1538	0.00012653775
1539	0.0001257498
1540	0.0001257122
1541	0.00012568519
1542	0.00012566594
1543	0.00012565189
1544	0.00012564104
1545	0.00012485151
1546	0.00012404653
1547	0.00012400839
1548	0.0001239801
1549	0.00012395753
1550	0.0001239386
1551	0.00012392186
1552	0.00012311453
1553	0.00012229791
1554	0.0001222514
1555	0.00012221764
1556	0.00012218867
1557	0.00012216178
1558	0.00012213491
1559	0.00012131545
1560	0.00012049544
1561	0.00012043751
1562	0.00012039188
1563	0.00012035325
1564	0.00012031948
1565	0.00012028871
1566	0.00011946238
1567	0.00011863901
1568	0.00011857195
1569	0.00011851875
1570	0.00011847274
1571	0.00011843112
1572	0.00011839316
1573	0.00011755897
1574	0.00011673787
1575	0.00011666737
1576	0.00011661071
1577	0.00011656653
1578	0.00011653024
1579	0.0001165001
1580	0.00011567823
1581	0.00011486879
1582	0.00011480209
1583	0.0001147479
1584	0.00011469677
1585	0.00011465113
1586	0.00011461121
1587	0.00011378663
1588	0.00011296928
1589	0.00011288327
1590	0.00011281281
1591	0.00011275461
1592	0.00011269911
1593	0.0001126462
1594	0.00011181329
1595	0.00011098798
1596	0.0001108931
1597	0.00011081786
1598	0.00011075672
1599	0.00011071299
1600	0.00011067839
1601	0.00010986694
1602	0.00010905618
1603	0.00010896968
1604	0.00010889808
1605	0.00010883235
1606	0.00010877574
1607	0.0001087248
1608	0.00010791159
1609	0.00010710657
1610	0.00010702478
1611	0.00010695422
1612	0.00010689326
1613	0.00010684237
1614	0.00010679995
1615	0.00010599565
1616	0.00010519669
1617	0.00010511676
1618	0.00010505911
1619	0.00010501471
1620	0.00010497866
1621	0.00010494445
1622	0.00010415122
1623	0.00010336278
1624	0.00010329007
1625	0.00010323264
1626	0.00010318495
1627	0.00010314519
1628	0.00010310959
1629	0.00010231438
1630	0.00010152359
1631	0.00010145212
1632	0.00010140155
1633	0.00010136275
1634	0.00010133093
1635	0.00010130369
1636	0.00010052296
1637	9.9745017e-05
1638	9.9685244e-05
1639	9.9640807e-05
1640	9.9604527e-05
1641	9.957265e-05
1642	9.9541957e-05
1643	9.9515685e-05
1644	9.8709877e-05
1645	9.7905191e-05
1646	9.7849115e-05
1647	9.7805331e-05
1648	9.7771959e-05
1649	9.7744719e-05
1650	9.7721422e-05
1651	9.7702418e-05
1652	9.6892426e-05
1653	9.6086842e-05
1654	9.6037447e-05
1655	9.6003051e-05
1656	9.5977588e-05
1657	9.5956954e-05
1658	9.5940729e-05
1659	9.5928905e-05
1660	9.5121008e-05
1661	9.432442e-05
1662	9.4276941e-05
1663	9.4243074e-05
1664	9.4219323e-05
1665	9.4203056e-05
1666	9.4196576e-05
1667	9.4194468e-05
1668	9.3396166e-05
1669	9.2618718e-05
1670	9.2572101e-05
1671	9.2535516e-05
1672	9.2506856e-05
1673	9.2483498e-05
1674	9.2464317e-05
1675	9.2449172e-05
1676	9.1643108e-05
1677	9.0860896e-05
1678	9.0793168e-05
1679	9.0742041e-05
1680	9.0704051e-05
1681	9.0673106e-05
1682	9.06485e-05
1683	9.0629994e-05
1684	8.9825704e-05
1685	8.905116e-05
1686	8.8983055e-05
1687	8.8930442e-05
1688	8.8890697e-05
1689	8.8858091e-05
1690	8.8831742e-05
1691	8.8813277e-05
1692	8.800959e-05
1693	8.7240192e-05
1694	8.7170698e-05
1695	8.711836e-05
1696	8.707824e-05
1697	8.7049894e-05
1698	8.7029537e-05
1699	8.7016766e-05
1700	8.6220286e-05
1701	8.5459131e-05
1702	8.5391158e-05
1703	8.5342226e-05
1704	8.5305238e-05
1705	8.5278884e-05
1706	8.5260997e-05
1707	8.5249864e-05
1708	8.4458996e-05
1709	8.3703857e-05
1710	8.3643555e-05
1711	8.3600119e-05
1712	8.3569658e-05
1713	8.3551331e-05
1714	8.3543109e-05
1715	8.3545084e-05
1716	8.2764953e-05
1717	8.2021197e-05
1718	8.1963529e-05
1719	8.1921634e-05
1720	8.1893402e-05
1721	8.1876363e-05
1722	8.1867509e-05
1723	8.1859256e-05
1724	8.1071766e-05
1725	8.0323274e-05
1726	8.0263986e-05
1727	8.021918e-05
1728	8.0192182e-05
1729	8.0177284e-05
1730	8.0171475e-05
1731	8.0170761e-05
1732	8.0173757e-05
1733	7.9366355e-05
1734	7.8587813e-05
1735	7.8542759e-05
1736	7.8513695e-05
1737	7.8495593e-05
1738	7.8486351e-05
1739	7.8486661e-05
1740	7.8490592e-05
1741	7.8497172e-05
1742	7.7681511e-05
1743	7.688891e-05
1744	7.684571e-05
1745	7.6818302e-05
1746	7.6802896e-05
1747	7.6796157e-05
1748	7.6796869e-05
1749	7.6801767e-05
1750	7.6808162e-05
1751	7.5988622e-05
1752	7.5196829e-05
1753	7.5155608e-05
1754	7.5128832e-05
1755	7.5111468e-05
1756	7.5100202e-05
1757	7.5094234e-05
1758	7.5093972e-05
1759	7.5095824e-05
1760	7.4283563e-05
1761	7.3499756e-05
1762	7.3450035e-05
1763	7.3413283e-05
1764	7.3388719e-05
1765	7.3374083e-05
1766	7.3366311e-05
1767	7.3362104e-05
1768	7.3363513e-05
1769	7.2562386e-05
1770	7.1790919e-05
1771	7.173853e-05
1772	7.1699286e-05
1773	7.1674964e-05
1774	7.1661839e-05
1775	7.1658609e-05
1776	7.1660212e-05
1777	7.1665325e-05
1778	7.0869117e-05
1779	7.0106681e-05
1780	7.0048308e-05
1781	7.0005262e-05
1782	6.9974534e-05
1783	6.9956442e-05
1784	6.9949329e-05
1785	6.9947784e-05
1786	6.9951025e-05
1787	6.9165612e-05
1788	6.8412716e-05
1789	6.8356396e-05
1790	6.8319176e-05
1791	6.8293776e-05
1792	6.8282725e-05
1793	6.8279812e-05
1794	6.828337e-05
1795	6.8292319e-05
1796	6.8305296e-05
1797	6.7501227e-05
1798	6.6723217e-05
1799	6.6682695e-05
1800	6.6657289e-05
1801	6.6643577e-05
1802	6.6637347e-05
1803	6.6640817e-05
1804	6.6649132e-05
1805	6.6662769e-05
1806	6.6676494e-05
1807	6.58708e-05
1808	6.5087295e-05
1809	6.504472e-05
1810	6.5016416e-05
1811	6.5001768e-05
1812	6.4996034e-05
1813	6.4997835e-05
1814	6.5008464e-05
1815	6.5021908e-05
1816	6.5038115e-05
1817	6.4237434e-05
1818	6.3461722e-05
1819	6.3421468e-05
1820	6.3395148e-05
1821	6.338262e-05
1822	6.337893e-05
1823	6.3386311e-05
1824	6.3399968e-05
1825	6.3416181e-05
1826	6.3435007e-05
1827	6.2649801e-05
1828	6.1893076e-05
1829	6.1850979e-05
1830	6.182433e-05
1831	6.1809062e-05
1832	6.1805976e-05
1833	6.1809551e-05
1834	6.1820017e-05
1835	6.1835395e-05
1836	6.1855067e-05
1837	6.1084306e-05
1838	6.0348079e-05
1839	6.0302438e-05
1840	6.0275565e-05
1841	6.0260746e-05
1842	6.025798e-05
1843	6.0266944e-05
1844	6.0282122e-05
1845	6.0303508e-05
1846	6.0328297e-05
1847	5.9571583e-05
1848	5.885346e-05
1849	5.8810038e-05
1850	5.8782009e-05
1851	5.876824e-05
1852	5.8766833e-05
1853	5.8776637e-05
1854	5.8795458e-05
1855	5.8820875e-05
1856	5.8849732e-05
1857	5.8107984e-05
1858	5.7403903e-05
1859	5.7359254e-05
1860	5.7335627e-05
1861	5.7325514e-05
1862	5.732878e-05
1863	5.7344522e-05
1864	5.7368108e-05
1865	5.7400217e-05
1866	5.7436992e-05
1867	5.7475588e-05
1868	5.6715055e-05
1869	5.5983966e-05
1870	5.5953584e-05
1871	5.5940966e-05
1872	5.5942775e-05
1873	5.595617e-05
1874	5.5977739e-05
1875	5.6007776e-05
1876	5.6041351e-05
1877	5.6078469e-05
1878	5.6120496e-05
1879	5.5364315e-05
1880	5.4635194e-05
1881	5.4610247e-05
1882	5.4601717e-05
1883	5.4607954e-05
1884	5.4624222e-05
1885	5.4647904e-05
1886	5.467884e-05
1887	5.4715001e-05
1888	5.4756066e-05
1889	5.4801456e-05
1890	5.4060563e-05
1891	5.3353119e-05
1892	5.3327314e-05
1893	5.3318245e-05
1894	5.3323936e-05
1895	5.3339018e-05
1896	5.3363307e-05
1897	5.3395268e-05
1898	5.3433604e-05
1899	5.3476797e-05
1900	5.3525306e-05
1901	5.2805818e-05
1902	5.212361e-05
1903	5.2093699e-05
1904	5.2083922e-05
1905	5.2086762e-05
1906	5.2100409e-05
1907	5.2126404e-05
1908	5.2160861e-05
1909	5.2202299e-05
1910	5.2247333e-05
1911	5.2299487e-05
1912	5.1602196e-05
1913	5.0941968e-05
1914	5.0908462e-05
1915	5.0897923e-05
1916	5.0900792e-05
1917	5.0915439e-05
1918	5.0941389e-05
1919	5.0977344e-05
1920	5.1021628e-05
1921	5.1071823e-05
1922	5.1125972e-05
1923	5.1185315e-05
1924	5.0472165e-05
1925	4.9791101e-05
1926	4.9766065e-05
1927	4.9762275e-05
1928	4.9772125e-05
1929	4.9792615e-05
1930	4.9825025e-05
1931	4.9866526e-05
1932	4.9914461e-05
1933	4.9966706e-05
1934	5.0023805e-05
1935	5.0083132e-05
1936	4.9373916e-05
1937	4.8700522e-05
1938	4.8675898e-05
1939	4.8674795e-05
1940	4.86871e-05
1941	4.8709762e-05
1942	4.8742395e-05
1943	4.8782571e-05
1944	4.8828969e-05
1945	4.8881463e-05
1946	4.8939264e-05
1947	4.9001554e-05
1948	4.8313044e-05
1949	4.7664791e-05
1950	4.763637e-05
1951	4.7633612e-05
1952	4.7644859e-05
1953	4.7667981e-05
1954	4.7700362e-05
1955	4.7741304e-05
1956	4.7790064e-05
1957	4.784496e-05
1958	4.790646e-05
1959	4.7971451e-05
1960	4.7303999e-05
1961	4.6684137e-05
1962	4.6651681e-05
1963	4.6648621e-05
1964	4.6661178e-05
1965	4.6687411e-05
1966	4.6725128e-05
1967	4.6772501e-05
1968	4.6827709e-05
1969	4.6889717e-05
1970	4.6958302e-05
1971	4.7030655e-05
1972	4.6386233e-05
1973	4.5796047e-05
1974	4.5762946e-05
1975	4.5761823e-05
1976	4.5776948e-05
1977	4.5804736e-05
1978	4.5845591e-05
1979	4.5898551e-05
1980	4.5959017e-05
1981	4.6026583e-05
1982	4.6100547e-05
1983	4.6178801e-05
1984	4.5550601e-05
1985	4.4984397e-05
1986	4.4949311e-05
1987	4.4947888e-05
1988	4.4963847e-05
1989	4.499313e-05
1990	4.5035774e-05
1991	4.5091076e-05
1992	4.5157905e-05
1993	4.5232185e-05
1994	4.5313014e-05
1995	4.5398222e-05
1996	4.54866e-05
1997	4.4838735e-05
1998	4.4246123e-05
1999	4.4225685e-05
2000	4.4239441e-05
2001	4.4268783e-05
2002	4.4312436e-05
2003	4.4365516e-05
2004	4.442789e-05
2005	4.4499528e-05
2006	4.4580576e-05
2007	4.466604e-05
2008	4.4756116e-05
2009	4.4849211e-05
2010	4.4207085e-05
2011	4.3623779e-05
2012	4.3606828e-05
2013	4.3625569e-05
2014	4.3660004e-05
2015	4.3705848e-05
2016	4.3762494e-05
2017	4.3829143e-05
2018	4.3904027e-05
2019	4.3987233e-05
2020	4.4076456e-05
2021	4.4169829e-05
2022	4.4266234e-05
2023	4.3644712e-05
2024	4.3094513e-05
2025	4.3073474e-05
2026	4.3089696e-05
2027	4.3124466e-05
2028	4.3171136e-05
2029	4.3228556e-05
2030	4.3295862e-05
2031	4.3371619e-05
2032	4.3456681e-05
2033	4.3548587e-05
2034	4.3645441e-05
2035	4.3746363e-05
2036	4.3156186e-05
2037	4.2648839e-05
2038	4.2625253e-05
2039	4.2639761e-05
2040	4.2674426e-05
2041	4.2721744e-05
2042	4.2779492e-05
2043	4.2848033e-05
2044	4.2926978e-05
2045	4.3013933e-05
2046	4.3107948e-05
2047	4.3207852e-05
2048	4.3313311e-05
2049	4.2745012e-05
2050	4.2271414e-05
2051	4.2242698e-05
2052	4.2253338e-05
2053	4.2287198e-05
2054	4.2334622e-05
2055	4.2392892e-05
2056	4.2461773e-05
2057	4.2541415e-05
2058	4.2630666e-05
2059	4.2728102e-05
2060	4.2831655e-05
2061	4.2940776e-05
2062	4.238698e-05
2063	4.1936835e-05
2064	4.1906379e-05
2065	4.1916801e-05
2066	4.1950342e-05
2067	4.1996869e-05
2068	4.2055037e-05
2069	4.2124657e-05
2070	4.2205765e-05
2071	4.2296604e-05
2072	4.2396845e-05
2073	4.2504517e-05
2074	4.2617717e-05
2075	4.273399e-05
2076	4.2151598e-05
2077	4.1668605e-05
2078	4.1649531e-05
2079	4.1670647e-05
2080	4.1715003e-05
2081	4.1770894e-05
2082	4.1838229e-05
2083	4.1915727e-05
2084	4.2003086e-05
2085	4.2098861e-05
2086	4.2202282e-05
2087	4.2311955e-05
2088	4.2426815e-05
2089	4.2544187e-05
2090	4.1959549e-05
2091	4.1481103e-05
2092	4.1462445e-05
2093	4.1482508e-05
2094	4.1527439e-05
2095	4.1583286e-05
2096	4.1649193e-05
2097	4.1725026e-05
2098	4.1810125e-05
2099	4.1903908e-05
2100	4.200518e-05
2101	4.2112286e-05
2102	4.2224368e-05
2103	4.2339654e-05
2104	4.1769803e-05
2105	4.1319824e-05
2106	4.1297142e-05
2107	4.1311867e-05
2108	4.1351871e-05
2109	4.1404051e-05
2110	4.1466141e-05
2111	4.153853e-05
2112	4.1620905e-05
2113	4.171165e-05
2114	4.1810018e-05
2115	4.1915257e-05
2116	4.2026228e-05
2117	4.2141617e-05
2118	4.1591084e-05
2119	4.1174817e-05
2120	4.1147573e-05
2121	4.1155938e-05
2122	4.1192188e-05
2123	4.1242502e-05
2124	4.1303524e-05
2125	4.1373442e-05
2126	4.145282e-05
2127	4.1542126e-05
2128	4.1639347e-05
2129	4.1744016e-05
2130	4.185496e-05
2131	4.1970978e-05
2132	4.2090529e-05
2133	4.1516864e-05
2134	4.1082959e-05
2135	4.1061231e-05
2136	4.1073487e-05
2137	4.1114472e-05
2138	4.1168061e-05
2139	4.1231692e-05
2140	4.1304917e-05
2141	4.1386522e-05
2142	4.1477786e-05
2143	4.1575966e-05
2144	4.1681049e-05
2145	4.1791691e-05
2146	4.1907267e-05
2147	4.2026049e-05
2148	4.1450238e-05
2149	4.1027671e-05
2150	4.1003371e-05
2151	4.1009606e-05
2152	4.104627e-05
2153	4.1097889e-05
2154	4.1158875e-05
2155	4.1229926e-05
2156	4.1308987e-05
2157	4.1396403e-05
2158	4.1492007e-05
2159	4.1594367e-05
2160	4.1702821e-05
2161	4.1816037e-05
2162	4.1932417e-05
2163	4.1367023e-05
2164	4.0973944e-05
2165	4.0946373e-05
2166	4.0944672e-05
2167	4.0975476e-05
2168	4.1022971e-05
2169	4.1081584e-05
2170	4.1148977e-05
2171	4.1226735e-05
2172	4.1312418e-05
2173	4.1407528e-05
2174	4.1509338e-05
2175	4.1616979e-05
2176	4.172972e-05
2177	4.1846271e-05
2178	4.12943e-05
2179	4.0928338e-05
2180	4.0898855e-05
2181	4.0891762e-05
2182	4.0918258e-05
2183	4.0963106e-05
2184	4.1018978e-05
2185	4.1085167e-05
2186	4.116076e-05
2187	4.1245076e-05
2188	4.1336935e-05
2189	4.1436934e-05
2190	4.1543752e-05
2191	4.1656723e-05
2192	4.1774133e-05
2193	4.1229874e-05
2194	4.0883124e-05
2195	4.0851535e-05
2196	4.0839487e-05
2197	4.0861518e-05
2198	4.0903617e-05
2199	4.095835e-05
2200	4.1023838e-05
2201	4.1097853e-05
2202	4.1180829e-05
2203	4.127191e-05
2204	4.1372126e-05
2205	4.1479692e-05
2206	4.1593553e-05
2207	4.1712051e-05
2208	4.1833614e-05
2209	4.1251733e-05
2210	4.0868331e-05
2211	4.0840291e-05
2212	4.083426e-05
2213	4.0863003e-05
2214	4.0912485e-05
2215	4.0972446e-05
2216	4.1041671e-05
2217	4.1119019e-05
2218	4.1205041e-05
2219	4.1298437e-05
2220	4.139905e-05
2221	4.1506961e-05
2222	4.162022e-05
2223	4.1738024e-05
2224	4.1858988e-05
2225	4.1271951e-05
2226	4.088975e-05
2227	4.0864816e-05
2228	4.0858174e-05
2229	4.0885106e-05
2230	4.0933584e-05
2231	4.0993462e-05
2232	4.1061538e-05
2233	4.1138249e-05
2234	4.1221937e-05
2235	4.1313543e-05
2236	4.1411615e-05
2237	4.1516146e-05
2238	4.1625742e-05
2239	4.1739834e-05
2240	4.1856968e-05
2241	4.1282791e-05
2242	4.0921068e-05
2243	4.0894218e-05
2244	4.0883826e-05
2245	4.0903181e-05
2246	4.0946247e-05
2247	4.1000939e-05
2248	4.1064426e-05
2249	4.113595e-05
2250	4.1215372e-05
2251	4.1301941e-05
2252	4.1396298e-05
2253	4.1496533e-05
2254	4.1602106e-05
2255	4.1712501e-05
2256	4.1826749e-05
2257	4.1266089e-05
2258	4.0927153e-05
2259	4.0897762e-05
2260	4.0882974e-05
2261	4.0896119e-05
2262	4.0933212e-05
2263	4.0983577e-05
2264	4.1042759e-05
2265	4.1111173e-05
2266	4.1187621e-05
2267	4.1271893e-05
2268	4.1364029e-05
2269	4.1463159e-05
2270	4.1568452e-05
2271	4.1678611e-05
2272	4.1793136e-05
2273	4.1241927e-05
2274	4.0921765e-05
2275	4.0890119e-05
2276	4.0874017e-05
2277	4.0883625e-05
2278	4.0919201e-05
2279	4.0967532e-05
2280	4.1025161e-05
2281	4.1092356e-05
2282	4.1167143e-05
2283	4.1250863e-05
2284	4.1342567e-05
2285	4.1441143e-05
2286	4.1546263e-05
2287	4.1657445e-05
2288	4.1773117e-05
2289	4.1891979e-05
2290	4.130392e-05
2291	4.095214e-05
2292	4.0924881e-05
2293	4.0912784e-05
2294	4.0926742e-05
2295	4.0968272e-05
2296	4.1022041e-05
2297	4.1084146e-05
2298	4.1155021e-05
2299	4.1233321e-05
2300	4.1319337e-05
2301	4.1412183e-05
2302	4.151151e-05
2303	4.1617003e-05
2304	4.1727096e-05
2305	4.1840924e-05
2306	4.1957255e-05
2307	4.136143e-05
2308	4.1010916e-05
2309	4.0982103e-05
2310	4.0969065e-05
2311	4.0978338e-05
2312	4.1016372e-05
2313	4.106796e-05
2314	4.1128289e-05
2315	4.119604e-05
2316	4.1270881e-05
2317	4.1352285e-05
2318	4.1441108e-05
2319	4.1535337e-05
2320	4.1634758e-05
2321	4.1739527e-05
2322	4.1847977e-05
2323	4.1959155e-05
2324	4.1374617e-05
2325	4.1038097e-05
2326	4.1007497e-05
2327	4.0991561e-05
2328	4.099366e-05
2329	4.1024895e-05
2330	4.1071312e-05
2331	4.1126471e-05
2332	4.1190006e-05
2333	4.1260397e-05
2334	4.1338091e-05
2335	4.1422475e-05
2336	4.1513745e-05
2337	4.1609906e-05
2338	4.1711047e-05
2339	4.1817041e-05
2340	4.1926259e-05
2341	4.1353478e-05
2342	4.1034624e-05
2343	4.1000556e-05
2344	4.098065e-05
2345	4.0977838e-05
2346	4.100394e-05
2347	4.1046179e-05
2348	4.1098577e-05
2349	4.1158597e-05
2350	4.1226575e-05
2351	4.1301534e-05
2352	4.1383682e-05
2353	4.1472674e-05
2354	4.1567381e-05
2355	4.1667452e-05
2356	4.1772731e-05
2357	4.1882031e-05
2358	4.1993677e-05
2359	4.1390282e-05
2360	4.1044356e-05
2361	4.1013055e-05
2362	4.0995769e-05
2363	4.0995015e-05
2364	4.1023231e-05
2365	4.1068515e-05
2366	4.1123135e-05
2367	4.1185126e-05
2368	4.1254462e-05
2369	4.1330135e-05
2370	4.1412885e-05
2371	4.150148e-05
2372	4.1595907e-05
2373	4.1694455e-05
2374	4.1796964e-05
2375	4.1903234e-05
2376	4.2012207e-05
2377	4.1402773e-05
2378	4.1058051e-05
2379	4.1025203e-05
2380	4.1006897e-05
2381	4.1002796e-05
2382	4.1025738e-05
2383	4.1068221e-05
2384	4.1120407e-05
2385	4.1179859e-05
2386	4.1245515e-05
2387	4.1318476e-05
2388	4.1397512e-05
2389	4.148283e-05
2390	4.1572479e-05
2391	4.1667787e-05
2392	4.1766921e-05
2393	4.1869283e-05
2394	4.197439e-05
2395	4.1374654e-05
2396	4.1044477e-05
2397	4.1008968e-05
2398	4.0987987e-05
2399	4.0979466e-05
2400	4.0995877e-05
2401	4.1032823e-05
2402	4.1080418e-05
2403	4.1135847e-05
2404	4.1198407e-05
2405	4.1266888e-05
2406	4.1341963e-05
2407	4.1423178e-05
2408	4.150973e-05
2409	4.1601163e-05
2410	4.1697889e-05
2411	4.179836e-05
2412	4.1901227e-05
2413	4.1310227e-05
2414	4.0996584e-05
2415	4.0956278e-05
2416	4.0931372e-05
2417	4.0917992e-05
2418	4.0928925e-05
2419	4.0961897e-05
2420	4.1005814e-05
2421	4.1058148e-05
2422	4.111696e-05
2423	4.1183298e-05
2424	4.125591e-05
2425	4.1335428e-05
2426	4.142114e-05
2427	4.1511311e-05
2428	4.1606884e-05
2429	4.1706834e-05
2430	4.1810037e-05
2431	4.1915423e-05
2432	4.1290154e-05
2433	4.0951287e-05
2434	4.091168e-05
2435	4.088754e-05
2436	4.0875209e-05
2437	4.0886313e-05
2438	4.0921643e-05
2439	4.0968159e-05
2440	4.1022595e-05
2441	4.1083302e-05
2442	4.1151227e-05
2443	4.1225106e-05
2444	4.130528e-05
2445	4.139088e-05
2446	4.1480744e-05
2447	4.1574227e-05
2448	4.167167e-05
2449	4.1772361e-05
2450	4.1874912e-05
2451	4.1243861e-05
2452	4.0906632e-05
2453	4.086393e-05
2454	4.0838502e-05
2455	4.0824378e-05
2456	4.082959e-05
2457	4.0860586e-05
2458	4.0904462e-05
2459	4.0956374e-05
2460	4.1015288e-05
2461	4.1079241e-05
2462	4.1149422e-05
2463	4.1225598e-05
2464	4.1307082e-05
2465	4.1392823e-05
2466	4.1482571e-05
2467	4.1575755e-05
2468	4.1672369e-05
2469	4.1771398e-05
2470	4.1150207e-05
2471	4.0828367e-05
2472	4.0780951e-05
2473	4.0752371e-05
2474	4.0734303e-05
2475	4.0734232e-05
2476	4.0759033e-05
2477	4.0798492e-05
2478	4.0846222e-05
2479	4.0901213e-05
2480	4.0962226e-05
2481	4.1028991e-05
2482	4.1101423e-05
2483	4.1179733e-05
2484	4.1262727e-05
2485	4.1349963e-05
2486	4.1440441e-05
2487	4.1534331e-05
2488	4.1631508e-05
2489	4.1019221e-05
2490	4.0716669e-05
2491	4.0662124e-05
2492	4.0630381e-05
2493	4.0610004e-05
2494	4.0605013e-05
2495	4.0625205e-05
2496	4.066061e-05
2497	4.0705635e-05
2498	4.0757538e-05
2499	4.0816271e-05
2500	4.0881058e-05
2501	4.0952137e-05
2502	4.1029203e-05
2503	4.1111259e-05
2504	4.1197532e-05
2505	4.1288278e-05
2506	4.1381947e-05
2507	4.1478866e-05
2508	4.1578787e-05
2509	4.0935113e-05
2510	4.0607005e-05
2511	4.0553056e-05
2512	4.0520781e-05
2513	4.0500198e-05
2514	4.0495045e-05
2515	4.051627e-05
2516	4.0553014e-05
2517	4.0599211e-05
2518	4.0652065e-05
2519	4.071134e-05
2520	4.0776645e-05
2521	4.0848459e-05
2522	4.0925805e-05
2523	4.1007719e-05
2524	4.1093213e-05
2525	4.118204e-05
2526	4.1274717e-05
2527	4.1368979e-05
2528	4.1464759e-05
2529	4.081872e-05
2530	4.0498628e-05
2531	4.0440514e-05
2532	4.0406669e-05
2533	4.038363e-05
2534	4.0375052e-05
2535	4.0390661e-05
2536	4.0424064e-05
2537	4.0466903e-05
2538	4.0517518e-05
2539	4.0573638e-05
2540	4.063561e-05
2541	4.0703033e-05
2542	4.0775871e-05
2543	4.0853298e-05
2544	4.0935181e-05
2545	4.102055e-05
2546	4.1109014e-05
2547	4.120056e-05
2548	4.1293768e-05
2549	4.0662741e-05
2550	4.0367603e-05
2551	4.0302372e-05
2552	4.0264439e-05
2553	4.0238219e-05
2554	4.0224136e-05
2555	4.0233142e-05
2556	4.0260722e-05
2557	4.0299091e-05
2558	4.0345818e-05
2559	4.0398943e-05
2560	4.0457234e-05
2561	4.0520736e-05
2562	4.0589681e-05
2563	4.0663851e-05
2564	4.0742538e-05
2565	4.0825019e-05
2566	4.0910469e-05
2567	4.0999309e-05
2568	4.1090943e-05
2569	4.0470961e-05
2570	4.0196417e-05
2571	4.012386e-05
2572	4.0080369e-05
2573	4.0050988e-05
2574	4.0033855e-05
2575	4.00392e-05
2576	4.0063722e-05
2577	4.0099129e-05
2578	4.0142935e-05
2579	4.01937e-05
2580	4.0250591e-05
2581	4.0313224e-05
2582	4.0381679e-05
2583	4.0455509e-05
2584	4.0533843e-05
2585	4.0616452e-05
2586	4.0702878e-05
2587	4.0791744e-05
2588	4.0883449e-05
2589	4.0976822e-05
2590	4.0326027e-05
2591	4.0027197e-05
2592	3.9956399e-05
2593	3.991519e-05
2594	3.9887375e-05
2595	3.9870863e-05
2596	3.9876196e-05
2597	3.990223e-05
2598	3.9939548e-05
2599	3.9984849e-05
2600	4.0036697e-05
2601	4.0094083e-05
2602	4.015668e-05
2603	4.0225233e-05
2604	4.0298765e-05
2605	4.0376412e-05
2606	4.0457601e-05
2607	4.054199e-05
2608	4.0628859e-05
2609	4.0717164e-05
2610	4.0807393e-05
2611	4.0154528e-05
2612	3.9864917e-05
2613	3.9787212e-05
2614	3.9740266e-05
2615	3.9709069e-05
2616	3.968925e-05
2617	3.9688044e-05
2618	3.9709316e-05
2619	3.974309e-05
2620	3.9784963e-05
2621	3.9833498e-05
2622	3.9887844e-05
2623	3.9947162e-05
2624	4.0011365e-05
2625	4.0080448e-05
2626	4.0153846e-05
2627	4.0231149e-05
2628	4.0311928e-05
2629	4.039573e-05
2630	4.0480781e-05
2631	4.0566666e-05
2632	3.9924013e-05
2633	3.965658e-05
2634	3.9571699e-05
2635	3.9517707e-05
2636	3.9482399e-05
2637	3.9458829e-05
2638	3.945284e-05
2639	3.9469031e-05
2640	3.9498179e-05
2641	3.9536307e-05
2642	3.9580498e-05
2643	3.9631316e-05
2644	3.9687247e-05
2645	3.9748213e-05
2646	3.9813738e-05
2647	3.9883712e-05
2648	3.9957859e-05
2649	4.003485e-05
2650	4.0115617e-05
2651	4.0198955e-05
2652	4.0283735e-05
2653	4.0369788e-05
2654	3.9704693e-05
2655	3.9423151e-05
2656	3.9335906e-05
2657	3.9280091e-05
2658	3.9244006e-05
2659	3.9219242e-05
2660	3.9210504e-05
2661	3.9224765e-05
2662	3.9253325e-05
2663	3.9290489e-05
2664	3.9334755e-05
2665	3.9384521e-05
2666	3.9439998e-05
2667	3.9499703e-05
2668	3.9563332e-05
2669	3.9631124e-05
2670	3.9702913e-05
2671	3.9778222e-05
2672	3.9856131e-05
2673	3.9936102e-05
2674	4.0017808e-05
2675	4.0100961e-05
2676	3.9436621e-05
2677	3.9175559e-05
2678	3.9081644e-05
2679	3.9018323e-05
2680	3.8977257e-05
2681	3.8949537e-05
2682	3.8935967e-05
2683	3.8944421e-05
2684	3.8968003e-05
2685	3.9001086e-05
2686	3.9041294e-05
2687	3.9086986e-05
2688	3.9137665e-05
2689	3.9193144e-05
2690	3.9252707e-05
2691	3.9316182e-05
2692	3.9383002e-05
2693	3.9453458e-05
2694	3.9526595e-05
2695	3.9602568e-05
2696	3.9680767e-05
2697	3.9760805e-05
2698	3.9109573e-05
2699	3.8880215e-05
2700	3.8777332e-05
2701	3.8705338e-05
2702	3.8656717e-05
2703	3.862436e-05
2704	3.8605637e-05
2705	3.8607679e-05
2706	3.8626095e-05
2707	3.8654479e-05
2708	3.8690232e-05
2709	3.8732265e-05
2710	3.8779578e-05
2711	3.8832296e-05
2712	3.8889665e-05
2713	3.8950505e-05
2714	3.9015053e-05
2715	3.9083019e-05
2716	3.9154987e-05
2717	3.9229474e-05
2718	3.9305933e-05
2719	3.9383911e-05
2720	3.8739924e-05
2721	3.8538091e-05
2722	3.8426641e-05
2723	3.8345891e-05
2724	3.8290063e-05
2725	3.8253304e-05
2726	3.8230986e-05
2727	3.8229702e-05
2728	3.8244837e-05
2729	3.8270339e-05
2730	3.8304009e-05
2731	3.8343669e-05
2732	3.8388812e-05
2733	3.8439556e-05
2734	3.8495292e-05
2735	3.8555162e-05
2736	3.8618569e-05
2737	3.8685829e-05
2738	3.87564e-05
2739	3.882995e-05
2740	3.8905968e-05
2741	3.8983689e-05
2742	3.9062989e-05
2743	3.83895e-05
2744	3.816621e-05
2745	3.8055348e-05
2746	3.7974879e-05
2747	3.7918577e-05
2748	3.7881703e-05
2749	3.7859037e-05
2750	3.7856686e-05
2751	3.7871555e-05
2752	3.7897103e-05
2753	3.7930742e-05
2754	3.797111e-05
2755	3.8016859e-05
2756	3.8067358e-05
2757	3.8122172e-05
2758	3.8181544e-05
2759	3.8244436e-05
2760	3.8310517e-05
2761	3.837943e-05
2762	3.8450965e-05
2763	3.8524929e-05
2764	3.8600356e-05
2765	3.8677118e-05
2766	3.8002465e-05
2767	3.7794952e-05
2768	3.7678666e-05
2769	3.7592404e-05
2770	3.7530095e-05
2771	3.7490159e-05
2772	3.7464252e-05
2773	3.7457461e-05
2774	3.7468159e-05
2775	3.7489562e-05
2776	3.7519056e-05
2777	3.7555212e-05
2778	3.7597873e-05
2779	3.7645465e-05
2780	3.7697218e-05
2781	3.7751812e-05
2782	3.7810746e-05
2783	3.7873422e-05
2784	3.7939588e-05
2785	3.8008266e-05
2786	3.8078983e-05
2787	3.8151536e-05
2788	3.8225192e-05
2789	3.756595e-05
2790	3.7389749e-05
2791	3.7267815e-05
2792	3.7173647e-05
2793	3.710322e-05
2794	3.7057194e-05
2795	3.7028157e-05
2796	3.7017081e-05
2797	3.7023669e-05
2798	3.7041972e-05
2799	3.7068418e-05
2800	3.7101289e-05
2801	3.7139623e-05
2802	3.7182941e-05
2803	3.7231953e-05
2804	3.728482e-05
2805	3.7341042e-05
2806	3.7400591e-05
2807	3.746344e-05
2808	3.7529126e-05
2809	3.7596939e-05
2810	3.7666179e-05
2811	3.7736977e-05
2812	3.7808932e-05
2813	3.7130299e-05
2814	3.6940951e-05
2815	3.6817912e-05
2816	3.6721262e-05
2817	3.6648194e-05
2818	3.6598511e-05
2819	3.6567629e-05
2820	3.6553605e-05
2821	3.6558581e-05
2822	3.657496e-05
2823	3.659851e-05
2824	3.6629367e-05
2825	3.6666147e-05
2826	3.6708542e-05
2827	3.6755904e-05
2828	3.6807563e-05
2829	3.6862427e-05
2830	3.6920274e-05
2831	3.6980349e-05
2832	3.7042922e-05
2833	3.7107787e-05
2834	3.7173569e-05
2835	3.7241683e-05
2836	3.731117e-05
2837	3.6632385e-05
2838	3.6467526e-05
2839	3.6340559e-05
2840	3.6238635e-05
2841	3.615934e-05
2842	3.6101939e-05
2843	3.6066041e-05
2844	3.6046922e-05
2845	3.604677e-05
2846	3.6059209e-05
2847	3.6080169e-05
2848	3.6107757e-05
2849	3.6141471e-05
2850	3.618059e-05
2851	3.6225046e-05
2852	3.6272965e-05
2853	3.6323934e-05
2854	3.6377555e-05
2855	3.6434323e-05
2856	3.6493254e-05
2857	3.6555273e-05
2858	3.6618432e-05
2859	3.6682572e-05
2860	3.6748959e-05
2861	3.6078297e-05
2862	3.5948183e-05
2863	3.5813516e-05
2864	3.5701891e-05
2865	3.5615148e-05
2866	3.5551119e-05
2867	3.5510005e-05
2868	3.5488192e-05
2869	3.5484616e-05
2870	3.5494371e-05
2871	3.5512944e-05
2872	3.5538668e-05
2873	3.5569587e-05
2874	3.5605616e-05
2875	3.5646895e-05
2876	3.5692236e-05
2877	3.5740892e-05
2878	3.5792218e-05
2879	3.5846535e-05
2880	3.590408e-05
2881	3.5964285e-05
2882	3.602657e-05
2883	3.6091516e-05
2884	3.6157597e-05
2885	3.622416e-05
2886	3.5527989e-05
2887	3.5388012e-05
2888	3.5253907e-05
2889	3.5141682e-05
2890	3.5051987e-05
2891	3.4985475e-05
2892	3.4941808e-05
2893	3.4917985e-05
2894	3.4913535e-05
2895	3.492336e-05
2896	3.4941905e-05
2897	3.4967413e-05
2898	3.4998372e-05
2899	3.5033861e-05
2900	3.5074351e-05
2901	3.5118822e-05
2902	3.5166901e-05
2903	3.521685e-05
2904	3.5269671e-05
2905	3.5326045e-05
2906	3.5385385e-05
2907	3.5446528e-05
2908	3.5509725e-05
2909	3.5574256e-05
2910	3.5640277e-05
2911	3.4951933e-05
2912	3.4843949e-05
2913	3.470506e-05
2914	3.4586337e-05
2915	3.4489459e-05
2916	3.4416711e-05
2917	3.4367327e-05
2918	3.4338557e-05
2919	3.4329641e-05
2920	3.4336158e-05
2921	3.4352155e-05
2922	3.4375027e-05
2923	3.4403987e-05
2924	3.4437343e-05
2925	3.4475093e-05
2926	3.4517522e-05
2927	3.4562704e-05
2928	3.461065e-05
2929	3.4662845e-05
2930	3.4717262e-05
2931	3.4773294e-05
2932	3.4830104e-05
2933	3.4888935e-05
2934	3.4949248e-05
2935	3.5010695e-05
2936	3.5072848e-05
2937	3.4365706e-05
2938	3.424794e-05
2939	3.4107861e-05
2940	3.3987804e-05
2941	3.3889844e-05
2942	3.3815851e-05
2943	3.3762383e-05
2944	3.3730858e-05
2945	3.3718099e-05
2946	3.372139e-05
2947	3.3734762e-05
2948	3.3755497e-05
2949	3.3781968e-05
2950	3.3812984e-05
2951	3.3847146e-05
2952	3.3885237e-05
2953	3.3927133e-05
2954	3.3971623e-05
2955	3.4019121e-05
2956	3.406926e-05
2957	3.412155e-05
2958	3.4176013e-05
2959	3.4231627e-05
2960	3.4288947e-05
2961	3.4346552e-05
2962	3.4404507e-05
2963	3.3700856e-05
2964	3.362397e-05
2965	3.3477586e-05
2966	3.3352465e-05
2967	3.3247213e-05
2968	3.3165345e-05
2969	3.3103705e-05
2970	3.3065023e-05
2971	3.3046998e-05
2972	3.3045817e-05
2973	3.3055484e-05
2974	3.307347e-05
2975	3.3097376e-05
2976	3.3126178e-05
2977	3.3158848e-05
2978	3.3194893e-05
2979	3.323384e-05
2980	3.327544e-05
2981	3.3319903e-05
2982	3.3367377e-05
2983	3.3417339e-05
2984	3.3469405e-05
2985	3.352297e-05
2986	3.3578241e-05
2987	3.3634819e-05
2988	3.3691655e-05
2989	3.3000368e-05
2990	3.2971144e-05
2991	3.2818816e-05
2992	3.2687186e-05
2993	3.2573626e-05
2994	3.2484078e-05
2995	3.2415009e-05
2996	3.2369024e-05
2997	3.2346993e-05
2998	3.2343336e-05
2999	3.2351185e-05
3000	3.2367464e-05
3001	3.2390335e-05
3002	3.2418088e-05
3003	3.2450633e-05
3004	3.2487194e-05
3005	3.2526984e-05
3006	3.2571427e-05
3007	3.2619311e-05
3008	3.2671419e-05
3009	3.2726924e-05
3010	3.2785345e-05
3011	3.2846893e-05
3012	3.2910171e-05
3013	3.2972782e-05
3014	3.3006835e-05
3015	3.3054697e-05
3016	3.233982e-05
3017	3.2304048e-05
3018	3.2146471e-05
3019	3.2011807e-05
3020	3.1895671e-05
3021	3.180294e-05
3022	3.1730313e-05
3023	3.1679879e-05
3024	3.1655996e-05
3025	3.1651829e-05
3026	3.1660035e-05
3027	3.1676519e-05
3028	3.1699232e-05
3029	3.172736e-05
3030	3.1759615e-05
3031	3.1795669e-05
3032	3.1835033e-05
3033	3.1877745e-05
3034	3.1924067e-05
3035	3.1973466e-05
3036	3.2025934e-05
3037	3.2080935e-05
3038	3.213846e-05
3039	3.219833e-05
3040	3.2261048e-05
3041	3.2304802e-05
3042	3.2343567e-05
3043	3.2390734e-05
3044	3.1646877e-05
3045	3.1611336e-05
3046	3.14551e-05
3047	3.1319826e-05
3048	3.1205023e-05
3049	3.1110989e-05
3050	3.1037871e-05
3051	3.098513e-05
3052	3.0957338e-05
3053	3.0950114e-05
3054	3.0956328e-05
3055	3.0971393e-05
3056	3.0992675e-05
3057	3.1018825e-05
3058	3.1049339e-05
3059	3.1083397e-05
3060	3.1120464e-05
3061	3.1159936e-05
3062	3.1201207e-05
3063	3.1243642e-05
3064	3.1287282e-05
3065	3.133526e-05
3066	3.138515e-05
3067	3.1437099e-05
3068	3.1489739e-05
3069	3.1542803e-05
3070	3.1596522e-05
3071	3.1650081e-05
3072	3.0905961e-05
3073	3.0917611e-05
3074	3.0761843e-05
3075	3.0625456e-05
3076	3.050682e-05
3077	3.0406274e-05
3078	3.0326637e-05
3079	3.0266081e-05
3080	3.0229542e-05
3081	3.0217321e-05
3082	3.0220377e-05
3083	3.0232102e-05
3084	3.0250525e-05
3085	3.0273602e-05
3086	3.0301019e-05
3087	3.033169e-05
3088	3.0365976e-05
3089	3.0402324e-05
3090	3.0441961e-05
3091	3.0484099e-05
3092	3.052891e-05
3093	3.0576135e-05
3094	3.0625503e-05
3095	3.0676481e-05
3096	3.072852e-05
3097	3.0781471e-05
3098	3.0834797e-05
3099	3.0888369e-05
3100	3.094177e-05
3101	3.0171351e-05
3102	3.0199794e-05
3103	3.0044289e-05
3104	2.9906436e-05
3105	2.9785373e-05
3106	2.9680777e-05
3107	2.9596757e-05
3108	2.9532559e-05
3109	2.9491042e-05
3110	2.9475292e-05
3111	2.9476969e-05
3112	2.9488555e-05
3113	2.950681e-05
3114	2.9529859e-05
3115	2.9557213e-05
3116	2.9587642e-05
3117	2.9620931e-05
3118	2.965649e-05
3119	2.9694418e-05
3120	2.9735488e-05
3121	2.9779492e-05
3122	2.9826077e-05
3123	2.9874968e-05
3124	2.9925701e-05
3125	2.9977839e-05
3126	3.0031051e-05
3127	3.0084913e-05
3128	3.0139062e-05
3129	3.0192881e-05
3130	2.941478e-05
3131	2.9489448e-05
3132	2.9330559e-05
3133	2.9188661e-05
3134	2.9062748e-05
3135	2.8952592e-05
3136	2.8860659e-05
3137	2.8789887e-05
3138	2.8740827e-05
3139	2.8719596e-05
3140	2.8718905e-05
3141	2.8729016e-05
3142	2.8746579e-05
3143	2.8769328e-05
3144	2.8796169e-05
3145	2.8826509e-05
3146	2.8859742e-05
3147	2.8895677e-05
3148	2.8934647e-05
3149	2.8976866e-05
3150	2.9022385e-05
3151	2.9070369e-05
3152	2.9120296e-05
3153	2.9172494e-05
3154	2.9226575e-05
3155	2.9281842e-05
3156	2.9337782e-05
3157	2.9393794e-05
3158	2.9447874e-05
3159	2.9502741e-05
3160	2.8690784e-05
3161	2.8769705e-05
3162	2.861e-05
3163	2.8468318e-05
3164	2.8341833e-05
3165	2.8231735e-05
3166	2.8138568e-05
3167	2.8066483e-05
3168	2.8015011e-05
3169	2.7989923e-05
3170	2.7988281e-05
3171	2.7998863e-05
3172	2.8017207e-05
3173	2.804105e-05
3174	2.8069404e-05
3175	2.8100881e-05
3176	2.8134978e-05
3177	2.8171584e-05
3178	2.82114e-05
3179	2.8254454e-05
3180	2.830056e-05
3181	2.8348921e-05
3182	2.8399282e-05
3183	2.8451678e-05
3184	2.8506194e-05
3185	2.856413e-05
3186	2.8624173e-05
3187	2.8684924e-05
3188	2.8746482e-05
3189	2.8808351e-05
3190	2.8870613e-05
3191	2.804303e-05
3192	2.8130257e-05
3193	2.7980713e-05
3194	2.7852187e-05
3195	2.7740547e-05
3196	2.7643916e-05
3197	2.7563403e-05
3198	2.7501514e-05
3199	2.7461672e-05
3200	2.7429576e-05
3201	2.7391678e-05
3202	2.7377102e-05
3203	2.7370387e-05
3204	2.738165e-05
3205	2.7401736e-05
3206	2.742767e-05
3207	2.7455619e-05
3208	2.7487555e-05
3209	2.7522561e-05
3210	2.7560975e-05
3211	2.7603109e-05
3212	2.7648176e-05
3213	2.7695732e-05
3214	2.7746386e-05
3215	2.7798927e-05
3216	2.785196e-05
3217	2.7907175e-05
3218	2.7963636e-05
3219	2.8020397e-05
3220	2.8077278e-05
3221	2.8134166e-05
3222	2.7299144e-05
3223	2.7423853e-05
3224	2.7262012e-05
3225	2.711839e-05
3226	2.6987463e-05
3227	2.6873737e-05
3228	2.6776609e-05
3229	2.6697209e-05
3230	2.6636689e-05
3231	2.659202e-05
3232	2.6575228e-05
3233	2.6577628e-05
3234	2.6591507e-05
3235	2.6612711e-05
3236	2.663852e-05
3237	2.6668385e-05
3238	2.6701646e-05
3239	2.6737726e-05
3240	2.6776178e-05
3241	2.6817609e-05
3242	2.6863117e-05
3243	2.691179e-05
3244	2.6962736e-05
3245	2.7015365e-05
3246	2.7068974e-05
3247	2.7124205e-05
3248	2.7180061e-05
3249	2.7237885e-05
3250	2.7295948e-05
3251	2.7353556e-05
3252	2.741099e-05
3253	2.746753e-05
3254	2.6595555e-05
3255	2.6721629e-05
3256	2.6563111e-05
3257	2.6421748e-05
3258	2.62944e-05
3259	2.6179677e-05
3260	2.6080877e-05
3261	2.5997161e-05
3262	2.5931493e-05
3263	2.5887359e-05
3264	2.5870166e-05
3265	2.5873413e-05
3266	2.5888491e-05
3267	2.5911244e-05
3268	2.5938698e-05
3269	2.5970129e-05
3270	2.6005133e-05
3271	2.6042558e-05
3272	2.6083029e-05
3273	2.6126012e-05
3274	2.617258e-05
3275	2.6223055e-05
3276	2.6278503e-05
3277	2.633651e-05
3278	2.6396358e-05
3279	2.6458241e-05
3280	2.6517472e-05
3281	2.6577629e-05
3282	2.6638926e-05
3283	2.6700495e-05
3284	2.6761146e-05
3285	2.6821117e-05
3286	2.688006e-05
3287	2.5984828e-05
3288	2.610922e-05
3289	2.5952345e-05
3290	2.58153e-05
3291	2.5691147e-05
3292	2.5579645e-05
3293	2.5481399e-05
3294	2.5396366e-05
3295	2.5327459e-05
3296	2.5276545e-05
3297	2.5242156e-05
3298	2.5229083e-05
3299	2.5232814e-05
3300	2.5247908e-05
3301	2.5270971e-05
3302	2.5299683e-05
3303	2.5332238e-05
3304	2.5367995e-05
3305	2.5406808e-05
3306	2.5448208e-05
3307	2.5491999e-05
3308	2.5538926e-05
3309	2.5588375e-05
3310	2.56362e-05
3311	2.5687367e-05
3312	2.5740855e-05
3313	2.5795651e-05
3314	2.5851548e-05
3315	2.5908459e-05
3316	2.5965542e-05
3317	2.6023643e-05
3318	2.6080757e-05
3319	2.6136413e-05
3320	2.6190879e-05
3321	2.5273697e-05
3322	2.5427771e-05
3323	2.5267256e-05
3324	2.5122334e-05
3325	2.4989808e-05
3326	2.4870133e-05
3327	2.4764141e-05
3328	2.4673011e-05
3329	2.4597716e-05
3330	2.4540401e-05
3331	2.4505736e-05
3332	2.4497178e-05
3333	2.4505516e-05
3334	2.4523501e-05
3335	2.4548179e-05
3336	2.4577718e-05
3337	2.4610524e-05
3338	2.4646397e-05
3339	2.4684964e-05
3340	2.4725955e-05
3341	2.4769829e-05
3342	2.481712e-05
3343	2.4867076e-05
3344	2.4918556e-05
3345	2.4971242e-05
3346	2.5026032e-05
3347	2.5081875e-05
3348	2.5138675e-05
3349	2.5196272e-05
3350	2.5253622e-05
3351	2.531095e-05
3352	2.5367272e-05
3353	2.5422786e-05
3354	2.5477032e-05
3355	2.5529681e-05
3356	2.4587221e-05
3357	2.4784708e-05
3358	2.462096e-05
3359	2.4472716e-05
3360	2.4334303e-05
3361	2.4206534e-05
3362	2.4094247e-05
3363	2.3996491e-05
3364	2.391514e-05
3365	2.3851366e-05
3366	2.3808159e-05
3367	2.3791853e-05
3368	2.3795922e-05
3369	2.3812912e-05
3370	2.3837607e-05
3371	2.3868509e-05
3372	2.3903711e-05
3373	2.3942518e-05
3374	2.3984182e-05
3375	2.4026981e-05
3376	2.4071154e-05
3377	2.4118062e-05
3378	2.4168737e-05
3379	2.4222275e-05
3380	2.4278206e-05
3381	2.4335305e-05
3382	2.438824e-05
3383	2.4438334e-05
3384	2.449054e-05
3385	2.4543577e-05
3386	2.4596966e-05
3387	2.4645935e-05
3388	2.4695607e-05
3389	2.4748302e-05
3390	2.4799528e-05
3391	2.484937e-05
3392	2.3900155e-05
3393	2.4149803e-05
3394	2.3983694e-05
3395	2.383091e-05
3396	2.3687917e-05
3397	2.355669e-05
3398	2.3440129e-05
3399	2.3335529e-05
3400	2.324472e-05
3401	2.3170852e-05
3402	2.3117183e-05
3403	2.3087637e-05
3404	2.3081173e-05
3405	2.309042e-05
3406	2.3109374e-05
3407	2.3134204e-05
3408	2.3163572e-05
3409	2.3197228e-05
3410	2.3234505e-05
3411	2.3274322e-05
3412	2.3317202e-05
3413	2.3362787e-05
3414	2.3411497e-05
3415	2.3462809e-05
3416	2.3516551e-05
3417	2.3570219e-05
3418	2.3625132e-05
3419	2.368291e-05
3420	2.3741983e-05
3421	2.3801565e-05
3422	2.3860664e-05
3423	2.3919156e-05
3424	2.3976914e-05
3425	2.4032995e-05
3426	2.408724e-05
3427	2.4137263e-05
3428	2.4187365e-05
3429	2.3227854e-05
3430	2.3528524e-05
3431	2.3361508e-05
3432	2.3209333e-05
3433	2.3063373e-05
3434	2.2928734e-05
3435	2.2806389e-05
3436	2.2696535e-05
3437	2.2600021e-05
3438	2.2519961e-05
3439	2.2459371e-05
3440	2.2420443e-05
3441	2.2407141e-05
3442	2.2412505e-05
3443	2.2429605e-05
3444	2.2453963e-05
3445	2.2483689e-05
3446	2.2517637e-05
3447	2.2555509e-05
3448	2.2595946e-05
3449	2.2639316e-05
3450	2.2686243e-05
3451	2.2735849e-05
3452	2.2788302e-05
3453	2.2842645e-05
3454	2.2898427e-05
3455	2.295586e-05
3456	2.3014074e-05
3457	2.3073352e-05
3458	2.3133119e-05
3459	2.3192981e-05
3460	2.325226e-05
3461	2.3309918e-05
3462	2.3365936e-05
3463	2.3420569e-05
3464	2.347343e-05
3465	2.3524147e-05
3466	2.3573194e-05
3467	2.2600023e-05
3468	2.2942317e-05
3469	2.2768608e-05
3470	2.2611043e-05
3471	2.2460875e-05
3472	2.2320659e-05
3473	2.2193356e-05
3474	2.2077671e-05
3475	2.1973078e-05
3476	2.1883189e-05
3477	2.1814182e-05
3478	2.1766634e-05
3479	2.1745518e-05
3480	2.174473e-05
3481	2.1758358e-05
3482	2.1779994e-05
3483	2.1808086e-05
3484	2.1841353e-05
3485	2.1878284e-05
3486	2.1918077e-05
3487	2.1961478e-05
3488	2.2006879e-05
3489	2.2053905e-05
3490	2.2104287e-05
3491	2.2157199e-05
3492	2.2212696e-05
3493	2.2270078e-05
3494	2.2327518e-05
3495	2.2385511e-05
3496	2.2443848e-05
3497	2.2502598e-05
3498	2.256123e-05
3499	2.2619006e-05
3500	2.267537e-05
3501	2.2730033e-05
3502	2.2782867e-05
3503	2.283374e-05
3504	2.2873449e-05
3505	2.2919777e-05
3506	2.1927389e-05
3507	2.232067e-05
3508	2.2140865e-05
3509	2.1978774e-05
3510	2.1826995e-05
3511	2.1685446e-05
3512	2.1554027e-05
3513	2.1432361e-05
3514	2.1321652e-05
3515	2.1222711e-05
3516	2.1139385e-05
3517	2.10807e-05
3518	2.1049446e-05
3519	2.1041272e-05
3520	2.1050384e-05
3521	2.106874e-05
3522	2.109478e-05
3523	2.1126864e-05
3524	2.1163422e-05
3525	2.120271e-05
3526	2.1244265e-05
3527	2.1287942e-05
3528	2.1334127e-05
3529	2.1382177e-05
3530	2.1432855e-05
3531	2.148613e-05
3532	2.154087e-05
3533	2.1597843e-05
3534	2.1655343e-05
3535	2.1713454e-05
3536	2.1772291e-05
3537	2.1830773e-05
3538	2.1888419e-05
3539	2.1944721e-05
3540	2.1999574e-05
3541	2.2052469e-05
3542	2.2103323e-05
3543	2.2152945e-05
3544	2.219985e-05
3545	2.2246222e-05
3546	2.1248193e-05
3547	2.1689994e-05
3548	2.1503633e-05
3549	2.1335551e-05
3550	2.1178326e-05
3551	2.1031274e-05
3552	2.0893708e-05
3553	2.07673e-05
3554	2.0650028e-05
3555	2.0544136e-05
3556	2.0451449e-05
3557	2.0378861e-05
3558	2.0335742e-05
3559	2.0318337e-05
3560	2.0322931e-05
3561	2.0338767e-05
3562	2.0362983e-05
3563	2.0393829e-05
3564	2.0429485e-05
3565	2.0468498e-05
3566	2.0510066e-05
3567	2.0553601e-05
3568	2.0599435e-05
3569	2.0646924e-05
3570	2.0696172e-05
3571	2.0747958e-05
3572	2.0801836e-05
3573	2.0856811e-05
3574	2.0912833e-05
3575	2.096984e-05
3576	2.1027209e-05
3577	2.1083433e-05
3578	2.113718e-05
3579	2.1191886e-05
3580	2.1245827e-05
3581	2.1298085e-05
3582	2.1346686e-05
3583	2.1394933e-05
3584	2.144157e-05
3585	2.1486568e-05
3586	2.1530049e-05
3587	2.0524822e-05
3588	2.1022959e-05
3589	2.0833622e-05
3590	2.0660479e-05
3591	2.0498181e-05
3592	2.0344529e-05
3593	2.0201066e-05
3594	2.0068505e-05
3595	1.9945021e-05
3596	1.9830966e-05
3597	1.9728613e-05
3598	1.9641852e-05
3599	1.9578878e-05
3600	1.954682e-05
3601	1.9540987e-05
3602	1.9550792e-05
3603	1.9571644e-05
3604	1.959993e-05
3605	1.9633943e-05
3606	1.9671719e-05
3607	1.9711844e-05
3608	1.9753474e-05
3609	1.9797525e-05
3610	1.9843902e-05
3611	1.9891963e-05
3612	1.9941828e-05
3613	1.9993021e-05
3614	2.0045945e-05
3615	2.0101076e-05
3616	2.0157914e-05
3617	2.0215654e-05
3618	2.0273438e-05
3619	2.0330058e-05
3620	2.0385131e-05
3621	2.043922e-05
3622	2.0492938e-05
3623	2.0545411e-05
3624	2.0596088e-05
3625	2.0645786e-05
3626	2.0694251e-05
3627	2.073972e-05
3628	2.0783954e-05
3629	2.0826825e-05
3630	1.9825925e-05
3631	2.0362603e-05
3632	2.0171835e-05
3633	1.999328e-05
3634	1.982623e-05
3635	1.9669361e-05
3636	1.9522446e-05
3637	1.9383865e-05
3638	1.9256209e-05
3639	1.9136266e-05
3640	1.902717e-05
3641	1.8933952e-05
3642	1.8859861e-05
3643	1.8814343e-05
3644	1.8797383e-05
3645	1.8799328e-05
3646	1.8810065e-05
3647	1.8830986e-05
3648	1.8859357e-05
3649	1.8893343e-05
3650	1.8918678e-05
3651	1.8950049e-05
3652	1.89863e-05
3653	1.9025324e-05
3654	1.9066541e-05
3655	1.9109772e-05
3656	1.9154956e-05
3657	1.9202024e-05
3658	1.9247789e-05
3659	1.9297954e-05
3660	1.9350516e-05
3661	1.9404535e-05
3662	1.9459227e-05
3663	1.9511667e-05
3664	1.9562243e-05
3665	1.9613156e-05
3666	1.9663206e-05
3667	1.9711905e-05
3668	1.9759185e-05
3669	1.9804918e-05
3670	1.9849258e-05
3671	1.9891983e-05
3672	1.9933174e-05
3673	1.9972908e-05
3674	1.898638e-05
3675	1.9611441e-05
3676	1.9421588e-05
3677	1.9241622e-05
3678	1.9072366e-05
3679	1.8910319e-05
3680	1.8755295e-05
3681	1.8606014e-05
3682	1.8466304e-05
3683	1.8333808e-05
3684	1.8211547e-05
3685	1.8102356e-05
3686	1.8010483e-05
3687	1.7940038e-05
3688	1.7896854e-05
3689	1.787878e-05
3690	1.7877029e-05
3691	1.7887347e-05
3692	1.7906072e-05
3693	1.7931872e-05
3694	1.7962642e-05
3695	1.7997285e-05
3696	1.8034516e-05
3697	1.8073532e-05
3698	1.8114629e-05
3699	1.8157452e-05
3700	1.8202284e-05
3701	1.8249381e-05
3702	1.8298967e-05
3703	1.8350302e-05
3704	1.8402549e-05
3705	1.8456699e-05
3706	1.851142e-05
3707	1.8566224e-05
3708	1.8619995e-05
3709	1.8673632e-05
3710	1.8726385e-05
3711	1.8778179e-05
3712	1.8828615e-05
3713	1.8877662e-05
3714	1.8925298e-05
3715	1.8972695e-05
3716	1.9019117e-05
3717	1.906387e-05
3718	1.910721e-05
3719	1.9148787e-05
3720	1.8154758e-05
3721	1.8853162e-05
3722	1.8664688e-05
3723	1.8482561e-05
3724	1.8307766e-05
3725	1.8139182e-05
3726	1.7977686e-05
3727	1.7823043e-05
3728	1.7675617e-05
3729	1.7535406e-05
3730	1.7406156e-05
3731	1.7289271e-05
3732	1.718829e-05
3733	1.7104707e-05
3734	1.7048973e-05
3735	1.7017899e-05
3736	1.7007914e-05
3737	1.7010703e-05
3738	1.7024586e-05
3739	1.7045913e-05
3740	1.7072347e-05
3741	1.7102223e-05
3742	1.7135556e-05
3743	1.7171569e-05
3744	1.7209416e-05
3745	1.7248719e-05
3746	1.7281992e-05
3747	1.7317559e-05
3748	1.7358944e-05
3749	1.7402314e-05
3750	1.7449091e-05
3751	1.7499088e-05
3752	1.755086e-05
3753	1.76035e-05
3754	1.7656404e-05
3755	1.7709369e-05
3756	1.7761914e-05
3757	1.7813876e-05
3758	1.7864473e-05
3759	1.791276e-05
3760	1.7959369e-05
3761	1.8004587e-05
3762	1.8048343e-05
3763	1.8090805e-05
3764	1.8131832e-05
3765	1.8171036e-05
3766	1.8208421e-05
3767	1.7228058e-05
3768	1.8016231e-05
3769	1.782345e-05
3770	1.7637794e-05
3771	1.7459828e-05
3772	1.7287863e-05
3773	1.7122524e-05
3774	1.6964266e-05
3775	1.6812246e-05
3776	1.6664525e-05
3777	1.6523674e-05
3778	1.6394599e-05
3779	1.6278455e-05
3780	1.6177206e-05
3781	1.610132e-05
3782	1.6050572e-05
3783	1.6022392e-05
3784	1.600786e-05
3785	1.6001707e-05
3786	1.6004268e-05
3787	1.6013621e-05
3788	1.6027924e-05
3789	1.6049372e-05
3790	1.6075251e-05
3791	1.610566e-05
3792	1.6139486e-05
3793	1.6175249e-05
3794	1.6214784e-05
3795	1.625768e-05
3796	1.63032e-05
3797	1.6349616e-05
3798	1.6401689e-05
3799	1.6456569e-05
3800	1.651195e-05
3801	1.6566586e-05
3802	1.6622039e-05
3803	1.6676736e-05
3804	1.6730578e-05
3805	1.6783209e-05
3806	1.6834636e-05
3807	1.6884687e-05
3808	1.6932824e-05
3809	1.6979203e-05
3810	1.7024052e-05
3811	1.7067472e-05
3812	1.7109762e-05
3813	1.7150524e-05
3814	1.7189514e-05
3815	1.7226057e-05
3816	1.6250247e-05
3817	1.7114409e-05
3818	1.6924149e-05
3819	1.6738805e-05
3820	1.6562678e-05
3821	1.6390892e-05
3822	1.6223229e-05
3823	1.6059872e-05
3824	1.5901738e-05
3825	1.5749457e-05
3826	1.5602851e-05
3827	1.5465091e-05
3828	1.5338694e-05
3829	1.522532e-05
3830	1.5132706e-05
3831	1.5062905e-05
3832	1.5017585e-05
3833	1.4987461e-05
3834	1.4967111e-05
3835	1.4955221e-05
3836	1.4951915e-05
3837	1.4955512e-05
3838	1.4965183e-05
3839	1.4980416e-05
3840	1.500164e-05
3841	1.5030846e-05
3842	1.506494e-05
3843	1.5103723e-05
3844	1.5145357e-05
3845	1.5191536e-05
3846	1.5241442e-05
3847	1.529431e-05
3848	1.535039e-05
3849	1.5408839e-05
3850	1.5467247e-05
3851	1.5525193e-05
3852	1.5582943e-05
3853	1.5640288e-05
3854	1.5696606e-05
3855	1.5751549e-05
3856	1.5804581e-05
3857	1.5855884e-05
3858	1.5905681e-05
3859	1.5954153e-05
3860	1.6001063e-05
3861	1.6045524e-05
3862	1.6088067e-05
3863	1.6129019e-05
3864	1.6168185e-05
3865	1.6205494e-05
3866	1.6240844e-05
3867	1.5272611e-05
3868	1.6215122e-05
3869	1.6024751e-05
3870	1.583995e-05
3871	1.5659743e-05
3872	1.5483332e-05
3873	1.5311335e-05
3874	1.5144384e-05
3875	1.4978942e-05
3876	1.4823658e-05
3877	1.4673193e-05
3878	1.4528953e-05
3879	1.4393373e-05
3880	1.4267909e-05
3881	1.416193e-05
3882	1.4073187e-05
3883	1.4005781e-05
3884	1.3960651e-05
3885	1.3928373e-05
3886	1.3907264e-05
3887	1.3893702e-05
3888	1.3887757e-05
3889	1.3888548e-05
3890	1.3895185e-05
3891	1.390725e-05
3892	1.3926895e-05
3893	1.3953733e-05
3894	1.3986764e-05
3895	1.4024445e-05
3896	1.4068171e-05
3897	1.4117074e-05
3898	1.417089e-05
3899	1.4228079e-05
3900	1.4287292e-05
3901	1.4347411e-05
3902	1.4407577e-05
3903	1.4467617e-05
3904	1.4526795e-05
3905	1.4584397e-05
3906	1.4640241e-05
3907	1.4693925e-05
3908	1.4746589e-05
3909	1.4797957e-05
3910	1.4847669e-05
3911	1.4895541e-05
3912	1.4941571e-05
3913	1.4985802e-05
3914	1.5028431e-05
3915	1.506944e-05
3916	1.5108936e-05
3917	1.5146533e-05
3918	1.518195e-05
3919	1.5215707e-05
3920	1.4260726e-05
3921	1.5306662e-05
3922	1.5119219e-05
3923	1.4937653e-05
3924	1.4760212e-05
3925	1.4585931e-05
3926	1.441121e-05
3927	1.4238713e-05
3928	1.4071292e-05
3929	1.3907425e-05
3930	1.3748028e-05
3931	1.3595482e-05
3932	1.3451092e-05
3933	1.3315534e-05
3934	1.3196165e-05
3935	1.3094752e-05
3936	1.3010667e-05
3937	1.2946685e-05
3938	1.2898482e-05
3939	1.2863551e-05
3940	1.2838988e-05
3941	1.2823992e-05
3942	1.2816886e-05
3943	1.2817996e-05
3944	1.2827355e-05
3945	1.2843557e-05
3946	1.2865783e-05
3947	1.2895793e-05
3948	1.2934082e-05
3949	1.2976184e-05
3950	1.3023207e-05
3951	1.3073882e-05
3952	1.3128583e-05
3953	1.3186282e-05
3954	1.3245875e-05
3955	1.3306268e-05
3956	1.3367219e-05
3957	1.3427435e-05
3958	1.3486637e-05
3959	1.3545202e-05
3960	1.3602805e-05
3961	1.3658695e-05
3962	1.3713317e-05
3963	1.3765996e-05
3964	1.38162e-05
3965	1.3865132e-05
3966	1.3912339e-05
3967	1.3955469e-05
3968	1.399713e-05
3969	1.40373e-05
3970	1.4075548e-05
3971	1.4110944e-05
3972	1.4144558e-05
3973	1.4175744e-05
3974	1.4204573e-05
3975	1.3263912e-05
3976	1.4415518e-05
3977	1.4225875e-05
3978	1.4042067e-05
3979	1.3863306e-05
3980	1.3687855e-05
3981	1.3514931e-05
3982	1.3343216e-05
3983	1.3175848e-05
3984	1.3010577e-05
3985	1.284879e-05
3986	1.269255e-05
3987	1.2542507e-05
3988	1.2399331e-05
3989	1.227024e-05
3990	1.2158002e-05
3991	1.2063147e-05
3992	1.1986643e-05
3993	1.1928201e-05
3994	1.1884776e-05
3995	1.1853513e-05
3996	1.183221e-05
3997	1.1818748e-05
3998	1.1814797e-05
3999	1.1819111e-05
4000	1.1831926e-05
4001	1.1853316e-05
4002	1.1884455e-05
4003	1.1923248e-05
4004	1.1967642e-05
4005	1.2015627e-05
4006	1.2067773e-05
4007	1.2122622e-05
4008	1.2179377e-05
4009	1.2237839e-05
4010	1.2296766e-05
4011	1.2356219e-05
4012	1.24158e-05
4013	1.24745e-05
4014	1.2532626e-05
4015	1.2590595e-05
4016	1.264779e-05
4017	1.270346e-05
4018	1.2757303e-05
4019	1.2808918e-05
4020	1.2858805e-05
4021	1.2906605e-05
4022	1.2951451e-05
4023	1.2994361e-05
4024	1.3034493e-05
4025	1.3072074e-05
4026	1.3106707e-05
4027	1.3138657e-05
4028	1.3167683e-05
4029	1.3194334e-05
4030	1.3218994e-05
4031	1.324238e-05
4032	1.3264372e-05
4033	1.2349143e-05
4034	1.3616289e-05
4035	1.3425492e-05
4036	1.3241058e-05
4037	1.3061558e-05
4038	1.2885861e-05
4039	1.2712769e-05
4040	1.2541179e-05
4041	1.2372981e-05
4042	1.2207788e-05
4043	1.2046126e-05
4044	1.1889102e-05
4045	1.1738122e-05
4046	1.1594442e-05
4047	1.1463789e-05
4048	1.1347329e-05
4049	1.1245618e-05
4050	1.1160614e-05
4051	1.1092957e-05
4052	1.1041511e-05
4053	1.1005289e-05
4054	1.0980287e-05
4055	1.0965675e-05
4056	1.0960872e-05
4057	1.0968894e-05
4058	1.0985048e-05
4059	1.1008759e-05
4060	1.103889e-05
4061	1.1075138e-05
4062	1.1117085e-05
4063	1.116355e-05
4064	1.121351e-05
4065	1.126561e-05
4066	1.1318985e-05
4067	1.1374518e-05
4068	1.1430054e-05
4069	1.1485724e-05
4070	1.1542015e-05
4071	1.1598625e-05
4072	1.1654325e-05
4073	1.1708636e-05
4074	1.1761716e-05
4075	1.1812421e-05
4076	1.1862102e-05
4077	1.1910141e-05
4078	1.1955929e-05
4079	1.1999056e-05
4080	1.2039578e-05
4081	1.2077997e-05
4082	1.2113688e-05
4083	1.2147195e-05
4084	1.2178072e-05
4085	1.2206364e-05
4086	1.2232586e-05
4087	1.2256744e-05
4088	1.2279524e-05
4089	1.2300722e-05
4090	1.2320566e-05
4091	1.2338887e-05
4092	1.2356276e-05
4093	1.2372266e-05
4094	1.1484986e-05
4095	1.2887558e-05
4096	1.2700261e-05
4097	1.2517724e-05
4098	1.23421e-05
4099	1.2168708e-05
4100	1.1995965e-05
4101	1.1825885e-05
4102	1.1660834e-05
4103	1.1499536e-05
4104	1.1341647e-05
4105	1.1188008e-05
4106	1.1039189e-05
4107	1.0898248e-05
4108	1.0767089e-05
4109	1.0649555e-05
4110	1.0545728e-05
4111	1.0456798e-05
4112	1.0382533e-05
4113	1.0326327e-05
4114	1.0288831e-05
4115	1.0266495e-05
4116	1.0259539e-05
4117	1.0263737e-05
4118	1.0273548e-05
4119	1.0291254e-05
4120	1.0314232e-05
4121	1.0342065e-05
4122	1.0374578e-05
4123	1.0411504e-05
4124	1.045254e-05
4125	1.0496606e-05
4126	1.054315e-05
4127	1.0590937e-05
4128	1.0640521e-05
4129	1.0691725e-05
4130	1.0742148e-05
4131	1.0793192e-05
4132	1.0845358e-05
4133	1.0897323e-05
4134	1.0947237e-05
4135	1.0995055e-05
4136	1.1041928e-05
4137	1.1087487e-05
4138	1.1130506e-05
4139	1.117097e-05
4140	1.1208616e-05
4141	1.1243137e-05
4142	1.1275609e-05
4143	1.1305633e-05
4144	1.1333086e-05
4145	1.135876e-05
4146	1.138247e-05
4147	1.1404376e-05
4148	1.1425306e-05
4149	1.1445793e-05
4150	1.1464762e-05
4151	1.1482313e-05
4152	1.1499281e-05
4153	1.1515338e-05
4154	1.1530225e-05
4155	1.1544341e-05
4156	1.1558363e-05
4157	1.0701414e-05
4158	1.2222974e-05
4159	1.2040577e-05
4160	1.1865903e-05
4161	1.1697541e-05
4162	1.152999e-05
4163	1.1363629e-05
4164	1.1198969e-05
4165	1.1036333e-05
4166	1.088005e-05
4167	1.0728898e-05
4168	1.0580574e-05
4169	1.0437105e-05
4170	1.029956e-05
4171	1.0170701e-05
4172	1.0054905e-05
4173	9.9496131e-06
4174	9.8574784e-06
4175	9.7798473e-06
4176	9.7209405e-06
4177	9.6861218e-06
4178	9.6705301e-06
4179	9.6686093e-06
4180	9.6750182e-06
4181	9.6869412e-06
4182	9.7051403e-06
4183	9.7290827e-06
4184	9.7562502e-06
4185	9.7880493e-06
4186	9.8222176e-06
4187	9.8601179e-06
4188	9.900106e-06
4189	9.9438942e-06
4190	9.9880879e-06
4191	1.0033444e-05
4192	1.0081374e-05
4193	1.0129356e-05
4194	1.0177082e-05
4195	1.0225982e-05
4196	1.0274794e-05
4197	1.0321896e-05
4198	1.0367347e-05
4199	1.0411042e-05
4200	1.0453863e-05
4201	1.0494278e-05
4202	1.0531719e-05
4203	1.0566698e-05
4204	1.0598901e-05
4205	1.0628753e-05
4206	1.0656527e-05
4207	1.0681573e-05
4208	1.0705748e-05
4209	1.0728236e-05
4210	1.0748569e-05
4211	1.0767682e-05
4212	1.0785083e-05
4213	1.0801662e-05
4214	1.0818831e-05
4215	1.0835741e-05
4216	1.0851591e-05
4217	1.0865961e-05
4218	1.0879921e-05
4219	1.0894385e-05
4220	1.0909024e-05
4221	1.0923483e-05
4222	1.0938237e-05
4223	1.0952102e-05
4224	1.0110376e-05
4225	1.1715337e-05
4226	1.1540268e-05
4227	1.1374023e-05
4228	1.1214791e-05
4229	1.1057454e-05
4230	1.0900309e-05
4231	1.0745166e-05
4232	1.0591732e-05
4233	1.0442918e-05
4234	1.029614e-05
4235	1.0153884e-05
4236	1.001621e-05
4237	9.8820779e-06
4238	9.7529027e-06
4239	9.633864e-06
4240	9.5242126e-06
4241	9.4254935e-06
4242	9.3458521e-06
4243	9.2887956e-06
4244	9.2507137e-06
4245	9.2301729e-06
4246	9.2245837e-06
4247	9.2289823e-06
4248	9.2435709e-06
4249	9.2629605e-06
4250	9.2864033e-06
4251	9.3134931e-06
4252	9.3451001e-06
4253	9.3800399e-06
4254	9.4187267e-06
4255	9.4581044e-06
4256	9.4998196e-06
4257	9.5438648e-06
4258	9.5884309e-06
4259	9.6345618e-06
4260	9.6800315e-06
4261	9.7241786e-06
4262	9.7673119e-06
4263	9.8099167e-06
4264	9.8503308e-06
4265	9.8894716e-06
4266	9.9262049e-06
4267	9.9613883e-06
4268	9.9941811e-06
4269	1.0025148e-05
4270	1.0053623e-05
4271	1.0080466e-05
4272	1.0105524e-05
4273	1.0129275e-05
4274	1.0151335e-05
4275	1.0172151e-05
4276	1.0191074e-05
4277	1.0208726e-05
4278	1.0225492e-05
4279	1.0241941e-05
4280	1.0257434e-05
4281	1.0272705e-05
4282	1.0288104e-05
4283	1.0304739e-05
4284	1.032235e-05
4285	1.0339042e-05
4286	1.0354746e-05
4287	1.0369845e-05
4288	1.0385275e-05
4289	1.0401563e-05
4290	1.0417599e-05
4291	1.0433582e-05
4292	1.0450073e-05
4293	1.046571e-05
4294	9.643177e-06
4295	1.1311197e-05
4296	1.1139642e-05
4297	1.0977965e-05
4298	1.0824255e-05
4299	1.0671577e-05
4300	1.0518944e-05
4301	1.0366277e-05
4302	1.0215025e-05
4303	1.0066725e-05
4304	9.9216601e-06
4305	9.7779522e-06
4306	9.6380554e-06
4307	9.5020543e-06
4308	9.3697155e-06
4309	9.2460148e-06
4310	9.1365718e-06
4311	9.0425205e-06
4312	8.9688454e-06
4313	8.9121931e-06
4314	8.8718428e-06
4315	8.8460415e-06
4316	8.8317691e-06
4317	8.8300505e-06
4318	8.8391847e-06
4319	8.8564865e-06
4320	8.8796055e-06
4321	8.9072232e-06
4322	8.9375271e-06
4323	8.9730157e-06
4324	9.0108436e-06
4325	9.0510934e-06
4326	9.092457e-06
4327	9.1360075e-06
4328	9.1782176e-06
4329	9.221286e-06
4330	9.2635865e-06
4331	9.3037865e-06
4332	9.3411641e-06
4333	9.3774034e-06
4334	9.4115281e-06
4335	9.443978e-06
4336	9.4752723e-06
4337	9.5046036e-06
4338	9.532066e-06
4339	9.5577524e-06
4340	9.5824606e-06
4341	9.6069728e-06
4342	9.6305808e-06
4343	9.6522823e-06
4344	9.6724965e-06
4345	9.6913983e-06
4346	9.7085779e-06
4347	9.7244709e-06
4348	9.7394399e-06
4349	9.7534652e-06
4350	9.7667378e-06
4351	9.7794391e-06
4352	9.7923247e-06
4353	9.8052357e-06
4354	9.8175965e-06
4355	9.8309698e-06
4356	9.8458441e-06
4357	9.860844e-06
4358	9.8756052e-06
4359	9.8903587e-06
4360	9.9059611e-06
4361	9.9226397e-06
4362	9.9394635e-06
4363	9.9565395e-06
4364	9.9740729e-06
4365	9.9921252e-06
4366	1.0009984e-05
4367	1.0026447e-05
4368	9.2801571e-06
4369	1.1015854e-05
4370	1.0844782e-05
4371	1.0684864e-05
4372	1.0530228e-05
4373	1.0377361e-05
4374	1.0224442e-05
4375	1.007257e-05
4376	9.9223708e-06
4377	9.7740232e-06
4378	9.6272317e-06
4379	9.4815686e-06
4380	9.3369864e-06
4381	9.1962636e-06
4382	9.059096e-06
4383	8.9267272e-06
4384	8.8113943e-06
4385	8.7164891e-06
4386	8.6382144e-06
4387	8.5752034e-06
4388	8.5271903e-06
4389	8.4938785e-06
4390	8.4735387e-06
4391	8.4644332e-06
4392	8.4658946e-06
4393	8.4773429e-06
4394	8.4986012e-06
4395	8.526135e-06
4396	8.5573498e-06
4397	8.5921026e-06
4398	8.6293558e-06
4399	8.6671574e-06
4400	8.7062353e-06
4401	8.7456319e-06
4402	8.7840998e-06
4403	8.8214449e-06
4404	8.8586798e-06
4405	8.8932965e-06
4406	8.9263049e-06
4407	8.9577815e-06
4408	8.9880618e-06
4409	9.0166127e-06
4410	9.0434436e-06
4411	9.06905e-06
4412	9.0936011e-06
4413	9.1172372e-06
4414	9.1417742e-06
4415	9.1653967e-06
4416	9.1877976e-06
4417	9.2090891e-06
4418	9.2291899e-06
4419	9.247838e-06
4420	9.2649113e-06
4421	9.2808914e-06
4422	9.2964185e-06
4423	9.311317e-06
4424	9.3255481e-06
4425	9.3390285e-06
4426	9.3523398e-06
4427	9.3658564e-06
4428	9.3789456e-06
4429	9.3916455e-06
4430	9.4042913e-06
4431	9.417808e-06
4432	9.432118e-06
4433	9.4467906e-06
4434	9.4613361e-06
4435	9.4766144e-06
4436	9.4931414e-06
4437	9.5104389e-06
4438	9.5278146e-06
4439	9.5446796e-06
4440	9.560943e-06
4441	9.5771259e-06
4442	9.5934957e-06
4443	9.6092281e-06
4444	9.6236698e-06
4445	9.6368319e-06
4446	8.9745447e-06
4447	1.075756e-05
4448	1.0583347e-05
4449	1.0419536e-05
4450	1.0261263e-05
4451	1.0102949e-05
4452	9.9452634e-06
4453	9.7874463e-06
4454	9.63208e-06
4455	9.4778766e-06
4456	9.3265122e-06
4457	9.177627e-06
4458	9.0308955e-06
4459	8.88713e-06
4460	8.7462279e-06
4461	8.6095711e-06
4462	8.4856844e-06
4463	8.3853527e-06
4464	8.3026848e-06
4465	8.2338789e-06
4466	8.1778932e-06
4467	8.1364727e-06
4468	8.1092769e-06
4469	8.0933203e-06
4470	8.0872041e-06
4471	8.0907649e-06
4472	8.1041932e-06
4473	8.1233507e-06
4474	8.1500613e-06
4475	8.1783537e-06
4476	8.2097961e-06
4477	8.2431227e-06
4478	8.2761226e-06
4479	8.3091705e-06
4480	8.3415706e-06
4481	8.3732181e-06
4482	8.4055779e-06
4483	8.4363686e-06
4484	8.4646329e-06
4485	8.4920278e-06
4486	8.5172674e-06
4487	8.5421984e-06
4488	8.5659963e-06
4489	8.5889954e-06
4490	8.6114183e-06
4491	8.6323461e-06
4492	8.6541206e-06
4493	8.6758677e-06
4494	8.6975036e-06
4495	8.7181005e-06
4496	8.737966e-06
4497	8.7576744e-06
4498	8.7758056e-06
4499	8.7928499e-06
4500	8.8089347e-06
4501	8.8244566e-06
4502	8.8391242e-06
4503	8.8537048e-06
4504	8.867589e-06
4505	8.8816992e-06
4506	8.8948197e-06
4507	8.9079434e-06
4508	8.9212031e-06
4509	8.9341194e-06
4510	8.9468499e-06
4511	8.9599125e-06
4512	8.9730584e-06
4513	8.9865229e-06
4514	9.0008773e-06
4515	9.0154975e-06
4516	9.0302589e-06
4517	9.0456793e-06
4518	9.060829e-06
4519	9.075235e-06
4520	9.0883822e-06
4521	9.100288e-06
4522	9.110723e-06
4523	9.1205157e-06
4524	9.1293116e-06
4525	9.1370501e-06
4526	9.1438544e-06
4527	8.5873744e-06
4528	1.0411434e-05
4529	1.0231433e-05
4530	1.0061938e-05
4531	9.8987089e-06
4532	9.7377031e-06
4533	9.5765012e-06
4534	9.416235e-06
4535	9.257349e-06
4536	9.0999617e-06
4537	8.9452194e-06
4538	8.7948083e-06
4539	8.6466087e-06
4540	8.4997684e-06
4541	8.3572551e-06
4542	8.2183787e-06
4543	8.087451e-06
4544	7.9760669e-06
4545	7.8875892e-06
4546	7.8138335e-06
4547	7.7523678e-06
4548	7.7019745e-06
4549	7.6657077e-06
4550	7.6412181e-06
4551	7.6253106e-06
4552	7.6179462e-06
4553	7.6179144e-06
4554	7.6262485e-06
4555	7.6418374e-06
4556	7.660912e-06
4557	7.6853657e-06
4558	7.710869e-06
4559	7.7389769e-06
4560	7.7670055e-06
4561	7.794685e-06
4562	7.8213205e-06
4563	7.8494612e-06
4564	7.8771269e-06
4565	7.9039125e-06
4566	7.9293572e-06
4567	7.9545179e-06
4568	7.9777418e-06
4569	8.0005308e-06
4570	8.0223461e-06
4571	8.0445769e-06
4572	8.0657885e-06
4573	8.0854923e-06
4574	8.1039735e-06
4575	8.122844e-06
4576	8.1428103e-06
4577	8.1628342e-06
4578	8.1834785e-06
4579	8.2039292e-06
4580	8.2228814e-06
4581	8.2406499e-06
4582	8.2575264e-06
4583	8.2735562e-06
4584	8.2896453e-06
4585	8.3052224e-06
4586	8.3201399e-06
4587	8.3348576e-06
4588	8.3486819e-06
4589	8.3628095e-06
4590	8.3764715e-06
4591	8.3898898e-06
4592	8.4025676e-06
4593	8.4155701e-06
4594	8.4287519e-06
4595	8.441459e-06
4596	8.4535472e-06
4597	8.464808e-06
4598	8.4757093e-06
4599	8.4876512e-06
4600	8.4996594e-06
4601	8.5114069e-06
4602	8.521779e-06
4603	8.5301052e-06
4604	8.5366597e-06
4605	8.5410768e-06
4606	8.5437562e-06
4607	8.5449672e-06
4608	8.5448451e-06
4609	8.5440646e-06
4610	8.5425937e-06
4611	8.1062317e-06
4612	9.9836166e-06
4613	9.7945962e-06
4614	9.621459e-06
4615	9.4585149e-06
4616	9.2959575e-06
4617	9.1334973e-06
4618	8.9715234e-06
4619	8.8102815e-06
4620	8.6521088e-06
4621	8.4954227e-06
4622	8.3428091e-06
4623	8.1934931e-06
4624	8.047183e-06
4625	7.9058422e-06
4626	7.7681687e-06
4627	7.6374427e-06
4628	7.5207136e-06
4629	7.4243477e-06
4630	7.3463386e-06
4631	7.2800217e-06
4632	7.2239637e-06
4633	7.1766368e-06
4634	7.1413384e-06
4635	7.1158674e-06
4636	7.098588e-06
4637	7.0890546e-06
4638	7.0864209e-06
4639	7.090194e-06
4640	7.0994744e-06
4641	7.1157433e-06
4642	7.1346683e-06
4643	7.1566996e-06
4644	7.1797698e-06
4645	7.204626e-06
4646	7.2289762e-06
4647	7.253739e-06
4648	7.2791948e-06
4649	7.3039378e-06
4650	7.3282837e-06
4651	7.3526024e-06
4652	7.3762408e-06
4653	7.3982914e-06
4654	7.420198e-06
4655	7.4419258e-06
4656	7.4639023e-06
4657	7.4846638e-06
4658	7.5043677e-06
4659	7.5235431e-06
4660	7.5427743e-06
4661	7.5608877e-06
4662	7.5787091e-06
4663	7.5963708e-06
4664	7.6130065e-06
4665	7.6304236e-06
4666	7.6491688e-06
4667	7.6677933e-06
4668	7.6863118e-06
4669	7.7042211e-06
4670	7.7222073e-06
4671	7.7393779e-06
4672	7.7559398e-06
4673	7.7720535e-06
4674	7.7873014e-06
4675	7.8028075e-06
4676	7.816881e-06
4677	7.8307751e-06
4678	7.843654e-06
4679	7.8566899e-06
4680	7.8691972e-06
4681	7.8804581e-06
4682	7.8900448e-06
4683	7.8976965e-06
4684	7.9044704e-06
4685	7.9111184e-06
4686	7.9174411e-06
4687	7.924281e-06
4688	7.9301257e-06
4689	7.9347207e-06
4690	7.937761e-06
4691	7.9392618e-06
4692	7.9389819e-06
4693	7.9361973e-06
4694	7.9315095e-06
4695	7.9252992e-06
4696	7.9177173e-06
4697	7.9088716e-06
4698	7.899099e-06
4699	7.6237181e-06
4700	9.5882907e-06
4701	9.4023344e-06
4702	9.2286435e-06
4703	9.0639434e-06
4704	8.9017968e-06
4705	8.7408278e-06
4706	8.5813356e-06
4707	8.4256037e-06
4708	8.2712915e-06
4709	8.1182583e-06
4710	7.9683239e-06
4711	7.8222519e-06
4712	7.6801871e-06
4713	7.542672e-06
4714	7.4099897e-06
4715	7.2803445e-06
4716	7.1595616e-06
4717	7.0523439e-06
4718	6.9617561e-06
4719	6.8834856e-06
4720	6.8157304e-06
4721	6.7560718e-06
4722	6.7050344e-06
4723	6.6632721e-06
4724	6.6303589e-06
4725	6.6060003e-06
4726	6.5883311e-06
4727	6.5766837e-06
4728	6.5729188e-06
4729	6.5743663e-06
4730	6.5818221e-06
4731	6.5943131e-06
4732	6.6104974e-06
4733	6.6287738e-06
4734	6.6490641e-06
4735	6.6692198e-06
4736	6.6909789e-06
4737	6.7126884e-06
4738	6.7339133e-06
4739	6.7550614e-06
4740	6.7764274e-06
4741	6.7962833e-06
4742	6.8167305e-06
4743	6.8378707e-06
4744	6.8595647e-06
4745	6.8819864e-06
4746	6.9035555e-06
4747	6.9251201e-06
4748	6.9465532e-06
4749	6.9679428e-06
4750	6.9890039e-06
4751	7.0103306e-06
4752	7.0305752e-06
4753	7.0503957e-06
4754	7.0697065e-06
4755	7.0883329e-06
4756	7.1066488e-06
4757	7.1252086e-06
4758	7.1439678e-06
4759	7.1626913e-06
4760	7.1818448e-06
4761	7.2009591e-06
4762	7.2203543e-06
4763	7.2390549e-06
4764	7.257471e-06
4765	7.2752053e-06
4766	7.2920634e-06
4767	7.3075844e-06
4768	7.3227054e-06
4769	7.3368059e-06
4770	7.3493595e-06
4771	7.3603682e-06
4772	7.3691309e-06
4773	7.3749769e-06
4774	7.3781261e-06
4775	7.3800882e-06
4776	7.3816447e-06
4777	7.383018e-06
4778	7.384887e-06
4779	7.3861585e-06
4780	7.3856845e-06
4781	7.3834076e-06
4782	7.3796571e-06
4783	7.3742011e-06
4784	7.3671501e-06
4785	7.3584608e-06
4786	7.3490296e-06
4787	7.3383508e-06
4788	7.3267891e-06
4789	7.3146787e-06
4790	7.3025797e-06
4791	7.1890181e-06
4792	9.2763623e-06
4793	9.0949669e-06
4794	8.9250917e-06
4795	8.7590903e-06
4796	8.5961492e-06
4797	8.4347181e-06
4798	8.2771506e-06
4799	8.1232131e-06
4800	7.9714084e-06
4801	7.8215872e-06
4802	7.6738253e-06
4803	7.5266701e-06
4804	7.3826154e-06
4805	7.2440714e-06
4806	7.1061864e-06
4807	6.9726731e-06
4808	6.8465337e-06
4809	6.7308368e-06
4810	6.6314526e-06
4811	6.5437849e-06
4812	6.4649987e-06
4813	6.393895e-06
4814	6.3308312e-06
4815	6.2754825e-06
4816	6.2282142e-06
4817	6.1887755e-06
4818	6.1566943e-06
4819	6.1335561e-06
4820	6.1171493e-06
4821	6.1061853e-06
4822	6.103901e-06
4823	6.1061153e-06
4824	6.1145023e-06
4825	6.1262634e-06
4826	6.1404557e-06
4827	6.155963e-06
4828	6.1729474e-06
4829	6.1907801e-06
4830	6.2085494e-06
4831	6.2267032e-06
4832	6.2470062e-06
4833	6.2667083e-06
4834	6.2866259e-06
4835	6.3078711e-06
4836	6.3299844e-06
4837	6.3528256e-06
4838	6.3761066e-06
4839	6.3994988e-06
4840	6.4236787e-06
4841	6.4479269e-06
4842	6.4724479e-06
4843	6.4971961e-06
4844	6.5208646e-06
4845	6.5439959e-06
4846	6.5672849e-06
4847	6.5894901e-06
4848	6.611164e-06
4849	6.6322646e-06
4850	6.6528817e-06
4851	6.6735847e-06
4852	6.6935297e-06
4853	6.7134144e-06
4854	6.7326498e-06
4855	6.7512201e-06
4856	6.7684901e-06
4857	6.7857847e-06
4858	6.8029969e-06
4859	6.8184162e-06
4860	6.8330127e-06
4861	6.8452059e-06
4862	6.8555799e-06
4863	6.8644045e-06
4864	6.8713782e-06
4865	6.8760413e-06
4866	6.8782914e-06
4867	6.8781482e-06
4868	6.8753254e-06
4869	6.8706923e-06
4870	6.8647836e-06
4871	6.8588333e-06
4872	6.8530206e-06
4873	6.8475593e-06
4874	6.8425327e-06
4875	6.8368639e-06
4876	6.8304008e-06
4877	6.8224394e-06
4878	6.8132119e-06
4879	6.8029136e-06
4880	6.7916245e-06
4881	6.7794772e-06
4882	6.7669624e-06
4883	6.7544731e-06
4884	6.7420988e-06
4885	6.7300144e-06
4886	6.7179079e-06
4887	6.7061063e-06
4888	6.6949123e-06
4889	6.7956392e-06
4890	9.0345884e-06
4891	8.8666452e-06
4892	8.7078655e-06
4893	8.5549596e-06
4894	8.4040464e-06
4895	8.2522222e-06
4896	8.0989333e-06
4897	7.9437728e-06
4898	7.787371e-06
4899	7.6312987e-06
4900	7.4761753e-06
4901	7.3211472e-06
4902	7.1675277e-06
4903	7.017949e-06
4904	6.8719772e-06
4905	6.7305581e-06
4906	6.5996186e-06
4907	6.4792396e-06
4908	6.3678269e-06
4909	6.2669183e-06
4910	6.1750652e-06
4911	6.0899774e-06
4912	6.0125419e-06
4913	5.9434218e-06
4914	5.8829367e-06
4915	5.8298882e-06
4916	5.7839515e-06
4917	5.7478228e-06
4918	5.7186589e-06
4919	5.6964498e-06
4920	5.6826068e-06
4921	5.675275e-06
4922	5.6759623e-06
4923	5.6822569e-06
4924	5.6941417e-06
4925	5.7085028e-06
4926	5.7255241e-06
4927	5.7434257e-06
4928	5.7621824e-06
4929	5.7809301e-06
4930	5.8009402e-06
4931	5.822159e-06
4932	5.843975e-06
4933	5.8665427e-06
4934	5.8912123e-06
4935	5.9177001e-06
4936	5.9451529e-06
4937	5.972359e-06
4938	6.0003335e-06
4939	6.0290587e-06
4940	6.0576785e-06
4941	6.0866117e-06
4942	6.1150992e-06
4943	6.1434503e-06
4944	6.1718022e-06
4945	6.1999733e-06
4946	6.2270334e-06
4947	6.2531241e-06
4948	6.2786033e-06
4949	6.3037291e-06
4950	6.3273598e-06
4951	6.3494787e-06
4952	6.3705466e-06
4953	6.3898284e-06
4954	6.4081506e-06
4955	6.4255981e-06
4956	6.4422576e-06
4957	6.4571333e-06
4958	6.4699797e-06
4959	6.4805863e-06
4960	6.4887997e-06
4961	6.4953956e-06
4962	6.4996562e-06
4963	6.5025281e-06
4964	6.504314e-06
4965	6.5044848e-06
4966	6.5028726e-06
4967	6.4987891e-06
4968	6.4922791e-06
4969	6.4841183e-06
4970	6.4742265e-06
4971	6.4629692e-06
4972	6.4514792e-06
4973	6.4396523e-06
4974	6.4281991e-06
4975	6.4167918e-06
4976	6.4057292e-06
4977	6.3948037e-06
4978	6.3840127e-06
4979	6.3732702e-06
4980	6.3623691e-06
4981	6.3513607e-06
4982	6.34009e-06
4983	6.3289654e-06
4984	6.3181038e-06
4985	6.3073739e-06
4986	6.2968267e-06
4987	6.2864961e-06
4988	6.2764892e-06
4989	6.2668895e-06
4990	6.2574216e-06
4991	6.2481769e-06
4992	6.2388777e-06
4993	6.2292519e-06
4994	6.550287e-06
4995	8.923819e-06
4996	8.7672508e-06
4997	8.6147578e-06
4998	8.4628534e-06
4999	8.3088565e-06
5000	8.1531462e-06
