196	3.7256543e-05
200	3.7470521e-05
201	3.7520802e-05
204	3.7663988e-05
205	3.7709179e-05
206	3.7753111e-05
209	3.7877497e-05
211	3.7954312e-05
215	3.8093455e-05
216	3.8125261e-05
217	3.8155887e-05
219	3.8213634e-05
224	3.8338131e-05
225	3.8359719e-05
228	3.8417955e-05
232	3.8480601e-05
234	3.850561e-05
236	3.8526495e-05
238	3.854332e-05
240	3.8556135e-05
241	3.8561048e-05
242	3.8564975e-05
243	3.8567926e-05
245	3.8570922e-05
248	3.8568258e-05
253	3.8545304e-05
254	3.8538002e-05
256	3.8520766e-05
257	3.8510847e-05
261	3.8462661e-05
263	3.8433576e-05
265	3.8401236e-05
266	3.8383858e-05
267	3.8365683e-05
268	3.8346712e-05
269	3.8326961e-05
271	3.8285135e-05
272	3.8263067e-05
273	3.8240235e-05
274	3.8216644e-05
275	3.81923e-05
277	3.8141377e-05
279	3.8087543e-05
280	3.8059547e-05
281	3.8030834e-05
282	3.8001399e-05
283	3.7971257e-05
285	3.7908856e-05
286	3.7876617e-05
287	3.7843689e-05
288	3.7810069e-05
289	3.7775766e-05
290	3.7740785e-05
291	3.7705136e-05
292	3.7668836e-05
293	3.7631873e-05
294	3.7594267e-05
295	3.7556025e-05
296	3.7517156e-05
297	3.7477663e-05
298	3.7437552e-05
299	3.739684e-05
300	3.7355512e-05
301	3.7313581e-05
302	3.7271052e-05
303	3.7227945e-05
304	3.7184245e-05
305	3.7139977e-05
306	3.7095132e-05
307	3.7049704e-05
308	3.7003718e-05
309	3.695717e-05
310	3.6910066e-05
311	3.6862405e-05
312	3.6814204e-05
313	3.6765466e-05
314	3.6716177e-05
315	3.6666351e-05
316	3.6615992e-05
317	3.6565098e-05
318	3.6513671e-05
319	3.6461731e-05
320	3.6409259e-05
321	3.6356259e-05
322	3.6302745e-05
323	3.6248709e-05
324	3.6194166e-05
325	3.6139111e-05
326	3.6083558e-05
327	3.6027526e-05
328	3.5971015e-05
329	3.591404e-05
330	3.5856595e-05
331	3.5798692e-05
332	3.5740332e-05
333	3.5681512e-05
334	3.5622237e-05
335	3.5562515e-05
336	3.5502359e-05
337	3.5441748e-05
338	3.5380705e-05
339	3.5319223e-05
340	3.5257296e-05
341	3.5194943e-05
342	3.5132155e-05
343	3.5068937e-05
344	3.5005291e-05
345	3.494122e-05
346	3.4876719e-05
347	3.4811798e-05
349	3.4680677e-05
350	3.4614487e-05
351	3.4547867e-05
352	3.4480833e-05
353	3.4413378e-05
354	3.4345503e-05
355	3.4277222e-05
356	3.4208551e-05
357	3.4139494e-05
358	3.4070051e-05
359	3.400023e-05
360	3.3930048e-05
361	3.3859493e-05
362	3.3788552e-05
363	3.3717242e-05
364	3.3645569e-05
365	3.3573529e-05
366	3.3501129e-05
367	3.3428358e-05
369	3.3281733e-05
370	3.3207881e-05
371	3.3133671e-05
372	3.3059103e-05
373	3.298418e-05
375	3.2833258e-05
376	3.2757267e-05
378	3.2604209e-05
379	3.2527151e-05
380	3.2449741e-05
381	3.2371984e-05
382	3.2293892e-05
386	3.1978327e-05
390	3.1657718e-05
452	2.626195e-05
457	2.5818184e-05
463	2.5285451e-05
464	2.5196587e-05
469	2.4751882e-05
470	2.4662849e-05
475	2.4217044e-05
476	2.412774e-05
482	2.3590771e-05
483	2.3501115e-05
