1	0.0067456745
2	0.0021702759
3	0.00037605574
4	0.00032635011
5	0.00020723558
6	0.00017443621
7	0.00016880383
8	0.00015744845
9	0.00014518405
10	0.00013637403
11	0.00013439871
12	0.00013792679
13	0.00013902836
14	0.00013744291
15	0.00013559907
16	0.00013414658
17	0.00013119296
18	0.00012692312
19	0.00012185347
20	0.00011646155
21	0.00011017756
22	0.00010465887
23	0.00010057966
24	9.6329004e-05
25	9.1770578e-05
26	8.8334656e-05
27	8.5798863e-05
28	8.3183509e-05
29	8.1088861e-05
30	7.7729585e-05
31	7.4207304e-05
32	7.0818215e-05
33	6.7217949e-05
34	6.387367e-05
35	6.0602277e-05
36	5.7732474e-05
37	5.5344495e-05
38	5.3124495e-05
39	5.109888e-05
40	4.906616e-05
41	4.7334093e-05
42	4.536024e-05
43	4.3902384e-05
44	4.2595386e-05
45	4.1290382e-05
46	4.061246e-05
47	3.9188093e-05
48	3.850173e-05
49	3.7999597e-05
50	3.7642014e-05
51	3.7272909e-05
52	3.676688e-05
53	3.6237333e-05
54	3.5813027e-05
55	3.5361415e-05
56	3.5039563e-05
57	3.4766579e-05
58	3.4484585e-05
59	3.4237219e-05
60	3.4077498e-05
61	3.378442e-05
62	3.3480455e-05
63	3.3111177e-05
64	3.2756989e-05
65	3.2373061e-05
66	3.1987843e-05
67	3.1637406e-05
68	3.1300474e-05
69	3.0980922e-05
70	3.0660538e-05
71	3.0340494e-05
72	3.0014957e-05
73	2.9701123e-05
74	2.9376012e-05
75	2.9053382e-05
76	2.8727139e-05
77	2.8400866e-05
78	2.8095278e-05
79	2.7809858e-05
80	2.7537999e-05
81	2.7279312e-05
82	2.7027059e-05
83	2.6792556e-05
84	2.6553634e-05
85	2.6317547e-05
86	2.6082455e-05
87	2.5864354e-05
88	2.5651486e-05
89	2.5460172e-05
90	2.5268452e-05
91	2.507441e-05
92	2.4889089e-05
93	2.4707803e-05
94	2.4529669e-05
95	2.4367813e-05
96	2.4207628e-05
97	2.4048011e-05
98	2.3891456e-05
99	2.3742421e-05
100	2.3605872e-05
101	2.3481469e-05
102	2.3365228e-05
103	2.3253757e-05
104	2.3148858e-05
105	2.3045126e-05
106	2.2942027e-05
107	2.2840333e-05
108	2.2737255e-05
109	2.2637165e-05
110	2.2540796e-05
111	2.2443519e-05
112	2.2350601e-05
113	2.2263842e-05
114	2.217908e-05
115	2.2093309e-05
116	2.2008669e-05
117	2.1920912e-05
118	2.1832434e-05
119	2.1750272e-05
120	2.1663635e-05
121	2.1579275e-05
122	2.1493313e-05
123	2.1408094e-05
124	2.1329407e-05
125	2.1248615e-05
126	2.1172138e-05
127	2.1094088e-05
128	2.1011776e-05
129	2.0931384e-05
130	2.0857207e-05
131	2.077909e-05
132	2.0693748e-05
133	2.0619433e-05
134	2.0545217e-05
135	2.0465776e-05
136	2.0389404e-05
137	2.0320834e-05
138	2.0247718e-05
139	2.0176399e-05
140	2.0115824e-05
141	2.0058049e-05
142	1.9999403e-05
143	1.9946215e-05
144	1.9898198e-05
145	1.9854568e-05
146	1.98027e-05
147	1.974984e-05
148	1.969689e-05
149	1.9629522e-05
150	1.9563171e-05
151	1.9503924e-05
152	1.9434037e-05
153	1.9364685e-05
154	1.9306745e-05
155	1.9247537e-05
156	1.9181009e-05
157	1.9112812e-05
158	1.904113e-05
159	1.8965336e-05
160	1.8887428e-05
161	1.8808419e-05
162	1.8729694e-05
163	1.8653223e-05
164	1.8569887e-05
165	1.8486019e-05
166	1.8397729e-05
167	1.8303493e-05
168	1.8215914e-05
169	1.8132174e-05
170	1.8048758e-05
171	1.7963367e-05
172	1.7877047e-05
173	1.7788916e-05
174	1.7696383e-05
175	1.7605186e-05
176	1.7520844e-05
177	1.7441876e-05
178	1.7361426e-05
179	1.7278081e-05
180	1.7187976e-05
181	1.7093591e-05
182	1.7002651e-05
183	1.6918099e-05
184	1.6838712e-05
185	1.6755386e-05
186	1.6667909e-05
187	1.6577242e-05
188	1.6490219e-05
189	1.640802e-05
190	1.6329414e-05
191	1.6258465e-05
192	1.6186497e-05
193	1.6102784e-05
194	1.6014675e-05
195	1.5933987e-05
196	1.5860132e-05
197	1.5791876e-05
198	1.5714974e-05
199	1.5644397e-05
200	1.5569443e-05
201	1.5494911e-05
202	1.5423881e-05
203	1.5353407e-05
204	1.5287091e-05
205	1.5226078e-05
206	1.5165827e-05
207	1.5101319e-05
208	1.5035122e-05
209	1.4976554e-05
210	1.4921218e-05
211	1.486705e-05
212	1.4819418e-05
213	1.4762736e-05
214	1.4705625e-05
215	1.465353e-05
216	1.4606166e-05
217	1.4561406e-05
218	1.4515249e-05
219	1.4470066e-05
220	1.4431688e-05
221	1.4381653e-05
222	1.4336178e-05
223	1.4296202e-05
224	1.425464e-05
225	1.4217649e-05
226	1.4178048e-05
227	1.4140507e-05
228	1.4103778e-05
229	1.4068111e-05
230	1.402652e-05
231	1.3989335e-05
232	1.3953026e-05
233	1.3923711e-05
234	1.3890786e-05
235	1.3858379e-05
236	1.3823391e-05
237	1.3794371e-05
238	1.3763139e-05
239	1.3734137e-05
240	1.3703899e-05
241	1.3680028e-05
242	1.3655269e-05
243	1.3631265e-05
244	1.3603129e-05
245	1.3571568e-05
246	1.3549961e-05
247	1.3518546e-05
248	1.3491376e-05
249	1.3471091e-05
250	1.3440744e-05
251	1.3413511e-05
252	1.3390805e-05
253	1.3369415e-05
254	1.3351546e-05
255	1.3333106e-05
256	1.3310426e-05
257	1.3287241e-05
258	1.3264045e-05
259	1.3242382e-05
260	1.32218e-05
261	1.32046e-05
262	1.3190222e-05
263	1.3165916e-05
264	1.3148269e-05
265	1.3128748e-05
266	1.3113839e-05
267	1.3099849e-05
268	1.3079711e-05
269	1.3063558e-05
270	1.3049451e-05
271	1.3025836e-05
272	1.3010596e-05
273	1.2999491e-05
274	1.2984142e-05
275	1.2972175e-05
276	1.2961473e-05
277	1.2949306e-05
278	1.2941223e-05
279	1.2931359e-05
280	1.2926626e-05
281	1.2922903e-05
282	1.2909869e-05
283	1.2906476e-05
284	1.2896903e-05
285	1.289164e-05
286	1.2895204e-05
287	1.2890931e-05
288	1.2885532e-05
289	1.2884814e-05
290	1.2883576e-05
291	1.2885862e-05
292	1.2895649e-05
293	1.2881835e-05
294	1.2879808e-05
295	1.2878447e-05
296	1.2882974e-05
297	1.2886911e-05
298	1.2886827e-05
299	1.2891156e-05
300	1.2889814e-05
301	1.2886633e-05
302	1.2889857e-05
303	1.2897251e-05
304	1.2885072e-05
305	1.2887349e-05
306	1.2890757e-05
307	1.2883763e-05
308	1.2891639e-05
309	1.2891854e-05
310	1.2892265e-05
311	1.2883419e-05
312	1.2891559e-05
313	1.2903678e-05
314	1.2897936e-05
315	1.2893762e-05
316	1.2891996e-05
317	1.2893301e-05
318	1.2892158e-05
319	1.2903849e-05
320	1.2899318e-05
321	1.2894613e-05
322	1.2901083e-05
323	1.2899412e-05
324	1.2907141e-05
325	1.290086e-05
326	1.2891412e-05
327	1.2891631e-05
328	1.2889591e-05
329	1.2896624e-05
330	1.2893073e-05
331	1.2887283e-05
332	1.2880026e-05
333	1.2872606e-05
334	1.2862727e-05
335	1.2860263e-05
336	1.2865091e-05
337	1.2847758e-05
338	1.2842758e-05
339	1.2835657e-05
340	1.281789e-05
341	1.2813004e-05
342	1.2802769e-05
343	1.2797103e-05
344	1.2786042e-05
345	1.2775756e-05
346	1.276085e-05
347	1.2753496e-05
348	1.2743288e-05
349	1.2724531e-05
350	1.271396e-05
351	1.2693861e-05
352	1.2684146e-05
353	1.2673516e-05
354	1.2654866e-05
355	1.2637302e-05
356	1.2618216e-05
357	1.2597723e-05
358	1.2575245e-05
359	1.2556389e-05
360	1.2546113e-05
361	1.2530861e-05
362	1.2494782e-05
363	1.2468606e-05
364	1.244701e-05
365	1.2423606e-05
366	1.24055e-05
367	1.2371839e-05
368	1.2345442e-05
369	1.2317157e-05
370	1.2293039e-05
371	1.2268133e-05
372	1.2241949e-05
373	1.2216987e-05
374	1.2190121e-05
375	1.2163004e-05
376	1.2146264e-05
377	1.2120134e-05
378	1.2094921e-05
379	1.2072915e-05
380	1.2050841e-05
381	1.2029185e-05
382	1.1995384e-05
383	1.1969466e-05
384	1.1937987e-05
385	1.1908963e-05
386	1.1882444e-05
387	1.1858645e-05
388	1.1829608e-05
389	1.1802351e-05
390	1.1775305e-05
391	1.1750192e-05
392	1.1721088e-05
393	1.1694819e-05
394	1.1670762e-05
395	1.1646797e-05
396	1.1623057e-05
397	1.1598718e-05
398	1.157454e-05
399	1.1549506e-05
400	1.1522576e-05
401	1.1495949e-05
402	1.1472498e-05
403	1.1449126e-05
404	1.1426652e-05
405	1.139976e-05
406	1.1370951e-05
407	1.1350861e-05
408	1.1332836e-05
409	1.131603e-05
410	1.130135e-05
411	1.1288449e-05
412	1.1277614e-05
413	1.1268435e-05
414	1.1262472e-05
415	1.1259076e-05
416	1.1259026e-05
417	1.1262706e-05
418	1.1267828e-05
419	1.1273446e-05
420	1.1281389e-05
421	1.1292034e-05
422	1.1305536e-05
423	1.1321047e-05
424	1.1338922e-05
425	1.1358346e-05
426	1.1377151e-05
427	1.1396759e-05
428	1.1421712e-05
429	1.1452755e-05
430	1.148593e-05
431	1.1519684e-05
432	1.1555386e-05
433	1.1593064e-05
434	1.1632728e-05
435	1.1675318e-05
436	1.1719038e-05
437	1.1764977e-05
438	1.1811973e-05
439	1.1861506e-05
440	1.1912778e-05
441	1.19654e-05
442	1.2020209e-05
443	1.2074926e-05
444	1.2130618e-05
445	1.2186761e-05
446	1.224389e-05
447	1.230185e-05
448	1.2359146e-05
449	1.2416779e-05
450	1.2473786e-05
451	1.2531011e-05
452	1.2587497e-05
453	1.2647447e-05
454	1.2697701e-05
455	1.2750569e-05
456	1.2804459e-05
457	1.2859009e-05
458	1.2916468e-05
459	1.2969429e-05
460	1.3024223e-05
461	1.3080304e-05
462	1.3136407e-05
463	1.3192619e-05
464	1.3252353e-05
465	1.3309174e-05
466	1.3363502e-05
467	1.3419801e-05
468	1.3475812e-05
469	1.3532e-05
470	1.3592032e-05
471	1.3650372e-05
472	1.3705227e-05
473	1.3761368e-05
474	1.3818895e-05
475	1.3876652e-05
476	1.3936277e-05
477	1.3996698e-05
478	1.4056067e-05
479	1.4116909e-05
480	1.417966e-05
481	1.4243764e-05
482	1.4308611e-05
483	1.4374593e-05
484	1.4440005e-05
485	1.4504028e-05
486	1.4569863e-05
487	1.4636127e-05
488	1.4703209e-05
489	1.477181e-05
490	1.4840658e-05
491	1.4910382e-05
492	1.4981214e-05
493	1.5053253e-05
494	1.5127782e-05
495	1.5204599e-05
496	1.528266e-05
497	1.5362119e-05
498	1.544314e-05
499	1.5525906e-05
500	1.5610637e-05
501	1.5697439e-05
502	1.5785957e-05
503	1.5876781e-05
504	1.5969922e-05
505	1.606558e-05
506	1.6163521e-05
507	1.6264949e-05
508	1.6370362e-05
509	1.647871e-05
510	1.6589743e-05
511	1.6703294e-05
512	1.6819758e-05
513	1.6939349e-05
514	1.7062145e-05
515	1.7187896e-05
516	1.7317735e-05
517	1.7451391e-05
518	1.7588271e-05
519	1.7729172e-05
520	1.7873824e-05
521	1.8022432e-05
522	1.8175752e-05
523	1.8333294e-05
524	1.8495295e-05
525	1.8661532e-05
526	1.8831959e-05
527	1.9006779e-05
528	1.918603e-05
529	1.9368988e-05
530	1.9555899e-05
531	1.9746647e-05
532	1.9941452e-05
533	2.0140787e-05
534	2.0343663e-05
535	2.0550129e-05
536	2.075986e-05
537	2.0973579e-05
538	2.1191408e-05
539	2.1413558e-05
540	2.1639262e-05
541	2.1868254e-05
542	2.2100373e-05
543	2.2337907e-05
544	2.2578233e-05
545	2.2821205e-05
546	2.3065594e-05
547	2.3313439e-05
548	2.3565527e-05
549	2.3819257e-05
550	2.4074931e-05
551	2.4332006e-05
552	2.4591597e-05
553	2.4854908e-05
554	2.5118453e-05
555	2.538264e-05
556	2.5647967e-05
557	2.5913248e-05
558	2.6178285e-05
559	2.6444329e-05
560	2.6710968e-05
561	2.6978209e-05
562	2.7246052e-05
563	2.7512925e-05
564	2.7778935e-05
565	2.8045342e-05
566	2.8310266e-05
567	2.8573972e-05
568	2.8836647e-05
569	2.9097589e-05
570	2.9357211e-05
571	2.9614447e-05
572	2.987112e-05
573	3.0125965e-05
574	3.0377667e-05
575	3.0626275e-05
576	3.0871803e-05
577	3.1114599e-05
578	3.1354051e-05
579	3.1591554e-05
580	3.182433e-05
581	3.2052787e-05
582	3.2277826e-05
583	3.2498874e-05
584	3.2717037e-05
585	3.2930771e-05
586	3.3140446e-05
587	3.3344804e-05
588	3.3544254e-05
589	3.3739172e-05
590	3.3930384e-05
591	3.4116944e-05
592	3.4297719e-05
593	3.4473256e-05
594	3.4644277e-05
595	3.4808369e-05
596	3.4967493e-05
597	3.5122855e-05
598	3.5273016e-05
599	3.541639e-05
600	3.5554383e-05
601	3.5686373e-05
602	3.5812721e-05
603	3.5934169e-05
604	3.6051954e-05
605	3.6163904e-05
606	3.6269629e-05
607	3.6369047e-05
608	3.6463256e-05
609	3.6551372e-05
610	3.6634721e-05
611	3.6712661e-05
612	3.6784681e-05
613	3.6850379e-05
614	3.6910168e-05
615	3.6963743e-05
616	3.7011955e-05
617	3.7055102e-05
618	3.7092265e-05
619	3.7125658e-05
620	3.7153211e-05
621	3.7175172e-05
622	3.7192003e-05
623	3.7202792e-05
624	3.7208232e-05
625	3.720728e-05
626	3.7201227e-05
627	3.7190191e-05
628	3.7173731e-05
629	3.7151954e-05
630	3.712512e-05
631	3.7093313e-05
632	3.7056088e-05
633	3.7014114e-05
634	3.6967775e-05
635	3.6916517e-05
636	3.6860958e-05
637	3.6800788e-05
638	3.6736182e-05
639	3.6666783e-05
640	3.6592752e-05
641	3.6514343e-05
642	3.6430763e-05
643	3.6343073e-05
644	3.6252722e-05
645	3.6158553e-05
646	3.6059763e-05
647	3.5958237e-05
648	3.5853022e-05
649	3.5743314e-05
650	3.5629515e-05
651	3.5512465e-05
652	3.5392567e-05
653	3.5269897e-05
654	3.5144466e-05
655	3.501673e-05
656	3.4886171e-05
657	3.4752455e-05
658	3.4616532e-05
659	3.4478071e-05
660	3.4336449e-05
661	3.4192274e-05
662	3.4047571e-05
663	3.3901707e-05
664	3.3752855e-05
665	3.3601687e-05
666	3.3448511e-05
667	3.3293574e-05
668	3.3136765e-05
669	3.2978284e-05
670	3.2817738e-05
671	3.2656717e-05
672	3.249346e-05
673	3.232984e-05
674	3.2164795e-05
675	3.1997942e-05
676	3.1831541e-05
677	3.166356e-05
678	3.1493699e-05
679	3.1323054e-05
680	3.115154e-05
681	3.0979074e-05
682	3.080617e-05
683	3.0632907e-05
684	3.0459046e-05
685	3.0284638e-05
686	3.0109517e-05
687	2.9934339e-05
688	2.9758292e-05
689	2.9581516e-05
690	2.9405073e-05
691	2.9228465e-05
692	2.9051216e-05
693	2.8874019e-05
694	2.8696643e-05
695	2.8519198e-05
696	2.8342094e-05
697	2.8164794e-05
698	2.7987588e-05
699	2.7810091e-05
700	2.7632071e-05
701	2.7454392e-05
702	2.7276602e-05
703	2.7100304e-05
704	2.6925158e-05
705	2.6750374e-05
706	2.6575135e-05
707	2.6400268e-05
708	2.6227336e-05
709	2.6054848e-05
710	2.5882258e-05
711	2.571012e-05
712	2.5538406e-05
713	2.536667e-05
714	2.5197744e-05
715	2.503012e-05
716	2.4863298e-05
717	2.4697798e-05
718	2.4532404e-05
719	2.4368709e-05
720	2.4205221e-05
721	2.4042198e-05
722	2.387933e-05
723	2.371689e-05
724	2.3556075e-05
725	2.3396578e-05
726	2.3238031e-05
727	2.3080399e-05
728	2.2923124e-05
729	2.2795646e-05
730	2.2747718e-05
731	2.2595751e-05
732	2.2441148e-05
733	2.228599e-05
734	2.2130302e-05
735	2.1974533e-05
736	2.1850145e-05
737	2.1806443e-05
738	2.1651818e-05
739	2.149294e-05
740	2.1333428e-05
741	2.1206164e-05
742	2.1162917e-05
743	2.1005658e-05
744	2.0844367e-05
745	2.0682168e-05
746	2.0552568e-05
747	2.050988e-05
748	2.0352582e-05
749	2.0191202e-05
750	2.0062913e-05
751	2.0021023e-05
752	1.9864972e-05
753	1.9705217e-05
754	1.9578053e-05
755	1.9538609e-05
756	1.9382361e-05
757	1.9222404e-05
758	1.9094356e-05
759	1.9053314e-05
760	1.8896136e-05
761	1.8735364e-05
762	1.8606673e-05
763	1.8564969e-05
764	1.8408024e-05
765	1.8278841e-05
766	1.8237678e-05
767	1.8082102e-05
768	1.7923983e-05
769	1.7796383e-05
770	1.7758586e-05
771	1.760883e-05
772	1.7486511e-05
773	1.7452193e-05
774	1.7305287e-05
775	1.7183243e-05
776	1.7149451e-05
777	1.7003448e-05
778	1.6881812e-05
779	1.684991e-05
780	1.6706193e-05
781	1.6587218e-05
782	1.6556613e-05
783	1.6413617e-05
784	1.6294466e-05
785	1.6263799e-05
786	1.6122332e-05
787	1.6003393e-05
788	1.5974941e-05
789	1.5865101e-05
790	1.5841232e-05
791	1.5707347e-05
792	1.5595743e-05
793	1.5572058e-05
794	1.5438877e-05
795	1.5327334e-05
796	1.5303663e-05
797	1.5198522e-05
798	1.5177552e-05
799	1.5048094e-05
800	1.4939264e-05
801	1.4917949e-05
802	1.4815479e-05
803	1.4796096e-05
804	1.4668594e-05
805	1.4561329e-05
806	1.4542725e-05
807	1.4445707e-05
808	1.4431074e-05
809	1.4309617e-05
810	1.4209186e-05
811	1.4194326e-05
812	1.4099116e-05
813	1.4085028e-05
814	1.3993747e-05
815	1.398329e-05
816	1.3866823e-05
817	1.3770096e-05
818	1.3760205e-05
819	1.3670855e-05
820	1.3662614e-05
821	1.3576255e-05
822	1.3570046e-05
823	1.3486719e-05
824	1.3484516e-05
825	1.3405235e-05
826	1.3405943e-05
827	1.3301384e-05
828	1.321382e-05
829	1.3212074e-05
830	1.313208e-05
831	1.3132772e-05
832	1.3056e-05
833	1.3059762e-05
834	1.2986325e-05
835	1.2992674e-05
836	1.2923402e-05
837	1.2933032e-05
838	1.2864706e-05
839	1.2876454e-05
840	1.2811315e-05
841	1.2824514e-05
842	1.2759265e-05
843	1.2774769e-05
844	1.2712985e-05
845	1.2729221e-05
846	1.2668354e-05
847	1.268608e-05
848	1.2627313e-05
849	1.2647074e-05
850	1.259014e-05
851	1.2611685e-05
852	1.2555761e-05
853	1.2578708e-05
854	1.2525395e-05
855	1.2550095e-05
856	1.2497475e-05
857	1.2523539e-05
858	1.2472699e-05
859	1.2500456e-05
860	1.2451249e-05
861	1.2479979e-05
862	1.243219e-05
863	1.2464609e-05
864	1.2420959e-05
865	1.2455836e-05
866	1.2413701e-05
867	1.245092e-05
868	1.241091e-05
869	1.2449318e-05
870	1.241144e-05
871	1.2452633e-05
872	1.2416483e-05
873	1.2460267e-05
874	1.2427101e-05
875	1.2474557e-05
876	1.2444005e-05
877	1.24934e-05
878	1.2465856e-05
879	1.2518895e-05
880	1.2493574e-05
881	1.2548367e-05
882	1.252457e-05
883	1.2581168e-05
884	1.2559541e-05
885	1.2619126e-05
886	1.2600076e-05
887	1.2661966e-05
888	1.264346e-05
889	1.2706977e-05
890	1.269137e-05
891	1.2755636e-05
892	1.2740618e-05
893	1.2808697e-05
894	1.2797244e-05
895	1.2867848e-05
896	1.2859e-05
897	1.2930913e-05
898	1.2924001e-05
899	1.2996701e-05
900	1.299309e-05
901	1.3068612e-05
902	1.3066058e-05
903	1.3141899e-05
904	1.3141008e-05
905	1.321857e-05
906	1.321854e-05
907	1.3296243e-05
908	1.3297162e-05
909	1.337452e-05
910	1.3375759e-05
911	1.3455061e-05
912	1.345692e-05
913	1.3536116e-05
914	1.3538219e-05
915	1.3617489e-05
916	1.3619566e-05
917	1.3698928e-05
918	1.3701383e-05
919	1.3780595e-05
920	1.3783433e-05
921	1.3862811e-05
922	1.3866032e-05
923	1.3945075e-05
924	1.3948386e-05
925	1.4068616e-05
926	1.4151042e-05
927	1.4159957e-05
928	1.423748e-05
929	1.4240464e-05
930	1.4316162e-05
931	1.4315491e-05
932	1.4388487e-05
933	1.4385783e-05
934	1.4497754e-05
935	1.4570681e-05
936	1.457221e-05
937	1.4640547e-05
938	1.4634542e-05
939	1.4700224e-05
940	1.4691082e-05
941	1.4793991e-05
942	1.4859002e-05
943	1.4854406e-05
944	1.4914575e-05
945	1.4902255e-05
946	1.4959564e-05
947	1.4944021e-05
948	1.5038742e-05
949	1.5097548e-05
950	1.5086255e-05
951	1.513986e-05
952	1.5122979e-05
953	1.5213497e-05
954	1.5268369e-05
955	1.5255073e-05
956	1.5304699e-05
957	1.5284495e-05
958	1.533163e-05
959	1.5308244e-05
960	1.5391357e-05
961	1.5440927e-05
962	1.5421752e-05
963	1.5466019e-05
964	1.5441698e-05
965	1.5521544e-05
966	1.5568248e-05
967	1.5548142e-05
968	1.5590956e-05
969	1.5565144e-05
970	1.5643818e-05
971	1.56898e-05
972	1.5669736e-05
973	1.5711181e-05
974	1.5682891e-05
975	1.5759082e-05
976	1.580114e-05
977	1.5776165e-05
978	1.5853009e-05
979	1.5895206e-05
980	1.5871337e-05
981	1.5907666e-05
982	1.5875267e-05
983	1.5947654e-05
984	1.5985859e-05
985	1.5957129e-05
986	1.5990144e-05
987	1.5954121e-05
988	1.6025027e-05
989	1.6061819e-05
990	1.6031002e-05
991	1.6102541e-05
992	1.6138296e-05
993	1.6107052e-05
994	1.6138902e-05
995	1.6100473e-05
996	1.6170137e-05
997	1.6204625e-05
998	1.616934e-05
999	1.6239253e-05
1000	1.6272882e-05
1001	1.6238102e-05
1002	1.6266029e-05
1003	1.6223889e-05
1004	1.6292302e-05
1005	1.6323568e-05
1006	1.6283747e-05
1007	1.6352306e-05
1008	1.6383148e-05
1009	1.6343998e-05
1010	1.6411713e-05
1011	1.6441387e-05
1012	1.6401317e-05
1013	1.6467789e-05
1014	1.6495568e-05
1015	1.6453179e-05
1016	1.6474766e-05
1017	1.6424438e-05
1018	1.6487223e-05
1019	1.6512199e-05
1020	1.646407e-05
1021	1.6527121e-05
1022	1.6550783e-05
1023	1.6502644e-05
1024	1.6564193e-05
1025	1.6586749e-05
1026	1.6537819e-05
1027	1.6597881e-05
1028	1.6618825e-05
1029	1.6568532e-05
1030	1.6627948e-05
1031	1.6647655e-05
1032	1.6595675e-05
1033	1.6653593e-05
1034	1.6671608e-05
1035	1.6617418e-05
1036	1.6673515e-05
1037	1.6689758e-05
1038	1.6633702e-05
1039	1.6688396e-05
1040	1.6702881e-05
1041	1.6645064e-05
1042	1.6697833e-05
1043	1.6710791e-05
1044	1.6651756e-05
1045	1.6703004e-05
1046	1.6714477e-05
1047	1.6653756e-05
1048	1.6704059e-05
1049	1.6713843e-05
1050	1.665096e-05
1051	1.6700817e-05
1052	1.6710978e-05
1053	1.6648093e-05
1054	1.6697123e-05
1055	1.6706348e-05
1056	1.6642435e-05
1057	1.6691185e-05
1058	1.6699827e-05
1059	1.6635252e-05
1060	1.6683129e-05
1061	1.6690995e-05
1062	1.6625635e-05
1063	1.6673355e-05
1064	1.6681092e-05
1065	1.6615269e-05
1066	1.6662934e-05
1067	1.6669874e-05
1068	1.6603587e-05
1069	1.6651268e-05
1070	1.6657937e-05
1071	1.6591049e-05
1072	1.6638467e-05
1073	1.6644782e-05
1074	1.6577427e-05
1075	1.662431e-05
1076	1.6631083e-05
1077	1.656385e-05
1078	1.6610569e-05
1079	1.6616658e-05
1080	1.654941e-05
1081	1.6595664e-05
1082	1.6600856e-05
1083	1.6533131e-05
1084	1.6579031e-05
1085	1.658426e-05
1086	1.6516771e-05
1087	1.6562079e-05
1088	1.6566214e-05
1089	1.6497997e-05
1090	1.6542604e-05
1091	1.6546018e-05
1092	1.6478356e-05
1093	1.6522277e-05
1094	1.6525003e-05
1095	1.6457306e-05
1096	1.6500724e-05
1097	1.650308e-05
1098	1.6435303e-05
1099	1.647784e-05
1100	1.6479587e-05
1101	1.6412186e-05
1102	1.6454099e-05
1103	1.6455151e-05
1104	1.6388294e-05
1105	1.6428881e-05
1106	1.6429035e-05
1107	1.6362047e-05
1108	1.6401891e-05
1109	1.6401822e-05
1110	1.633613e-05
1111	1.6376229e-05
1112	1.6375865e-05
1113	1.6309827e-05
1114	1.6347949e-05
1115	1.6346381e-05
1116	1.6280487e-05
1117	1.6317922e-05
1118	1.6315672e-05
1119	1.6250225e-05
1120	1.6286596e-05
1121	1.6325093e-05
1122	1.6320988e-05
1123	1.6255644e-05
1124	1.6289474e-05
1125	1.6284008e-05
1126	1.6218356e-05
1127	1.6252158e-05
1128	1.6246553e-05
1129	1.6180449e-05
1130	1.6212071e-05
1131	1.6246071e-05
1132	1.623783e-05
1133	1.6172418e-05
1134	1.6201982e-05
1135	1.6193027e-05
1136	1.6126996e-05
1137	1.6155217e-05
1138	1.6185992e-05
1139	1.6175147e-05
1140	1.6108519e-05
1141	1.6134526e-05
1142	1.612235e-05
1143	1.6054975e-05
1144	1.6079807e-05
1145	1.6107754e-05
1146	1.6093079e-05
1147	1.6026422e-05
1148	1.6049517e-05
1149	1.6035713e-05
1150	1.5968709e-05
1151	1.5991633e-05
1152	1.6018989e-05
1153	1.6004704e-05
1154	1.5939343e-05
1155	1.5961239e-05
1156	1.5946025e-05
1157	1.5880447e-05
1158	1.590197e-05
1159	1.5926544e-05
1160	1.591086e-05
1161	1.5845396e-05
1162	1.5865869e-05
1163	1.5889244e-05
1164	1.5872127e-05
1165	1.5806796e-05
1166	1.5826188e-05
1167	1.580891e-05
1168	1.5743547e-05
1169	1.5762799e-05
1170	1.5785004e-05
1171	1.5767352e-05
1172	1.5702958e-05
1173	1.5721641e-05
1174	1.5743283e-05
1175	1.5724677e-05
1176	1.5659955e-05
1177	1.5677667e-05
1178	1.5698161e-05
1179	1.5678447e-05
1180	1.5613471e-05
1181	1.563029e-05
1182	1.5610579e-05
1183	1.55456e-05
1184	1.5562063e-05
1185	1.5581694e-05
1186	1.5561772e-05
1187	1.5497183e-05
1188	1.5513613e-05
1189	1.5532704e-05
1190	1.5512002e-05
1191	1.544769e-05
1192	1.5463155e-05
1193	1.5481473e-05
1194	1.5460097e-05
1195	1.539625e-05
1196	1.5410944e-05
1197	1.5428128e-05
1198	1.5405818e-05
1199	1.5341727e-05
1200	1.5355968e-05
1201	1.5373184e-05
1202	1.5350372e-05
1203	1.5285549e-05
1204	1.5299675e-05
1205	1.5316741e-05
1206	1.5294976e-05
1207	1.5232547e-05
1208	1.5246601e-05
1209	1.526475e-05
1210	1.5242798e-05
1211	1.5180275e-05
1212	1.5194917e-05
1213	1.5211425e-05
1214	1.518867e-05
1215	1.5126517e-05
1216	1.5140443e-05
1217	1.5157198e-05
1218	1.5134268e-05
1219	1.5072079e-05
1220	1.5085793e-05
1221	1.5102087e-05
1222	1.5078801e-05
1223	1.5016766e-05
1224	1.5030398e-05
1225	1.5046431e-05
1226	1.5023029e-05
1227	1.4961107e-05
1228	1.4974546e-05
1229	1.4990306e-05
1230	1.496669e-05
1231	1.4904909e-05
1232	1.4918344e-05
1233	1.4933764e-05
1234	1.4909973e-05
1235	1.4848674e-05
1236	1.4861802e-05
1237	1.4876985e-05
1238	1.4852959e-05
1239	1.479252e-05
1240	1.4805279e-05
1241	1.4820372e-05
1242	1.4796377e-05
1243	1.4736466e-05
1244	1.4749428e-05
1245	1.4764225e-05
1246	1.4739867e-05
1247	1.4680231e-05
1248	1.4693067e-05
1249	1.4707645e-05
1250	1.4683286e-05
1251	1.4624194e-05
1252	1.4637055e-05
1253	1.4651413e-05
1254	1.4626952e-05
1255	1.4568376e-05
1256	1.4580956e-05
1257	1.4595202e-05
1258	1.4570781e-05
1259	1.4512783e-05
1260	1.4525564e-05
1261	1.453956e-05
1262	1.4514904e-05
1263	1.4457837e-05
1264	1.4470167e-05
1265	1.4483724e-05
1266	1.4458797e-05
1267	1.4402429e-05
1268	1.4414216e-05
1269	1.4427403e-05
1270	1.4402171e-05
1271	1.4346197e-05
1272	1.4358108e-05
1273	1.437096e-05
1274	1.4345507e-05
1275	1.4289846e-05
1276	1.4301279e-05
1277	1.4313862e-05
1278	1.4288207e-05
1279	1.4233037e-05
1280	1.4244452e-05
1281	1.4256753e-05
1282	1.4231531e-05
1283	1.4176245e-05
1284	1.4185538e-05
1285	1.4195155e-05
1286	1.4167414e-05
1287	1.4113395e-05
1288	1.412452e-05
1289	1.4136246e-05
1290	1.4148957e-05
1291	1.4121516e-05
1292	1.4067214e-05
1293	1.4076674e-05
1294	1.4086145e-05
1295	1.405734e-05
1296	1.4002925e-05
1297	1.4011752e-05
1298	1.4021713e-05
1299	1.3993431e-05
1300	1.3940217e-05
1301	1.3948987e-05
1302	1.3959312e-05
1303	1.3968318e-05
1304	1.393842e-05
1305	1.3884519e-05
1306	1.3892354e-05
1307	1.3901145e-05
1308	1.3909668e-05
1309	1.3877106e-05
1310	1.3821443e-05
1311	1.3827955e-05
1312	1.383554e-05
1313	1.3803931e-05
1314	1.3749217e-05
1315	1.3755178e-05
1316	1.3762272e-05
1317	1.3769132e-05
1318	1.3735973e-05
1319	1.3680884e-05
1320	1.3685897e-05
1321	1.3692109e-05
1322	1.369818e-05
1323	1.366369e-05
1324	1.3608132e-05
1325	1.3612339e-05
1326	1.3617741e-05
1327	1.3623064e-05
1328	1.3587475e-05
1329	1.3531534e-05
1330	1.3534916e-05
1331	1.3539517e-05
1332	1.3543548e-05
1333	1.3506768e-05
1334	1.3451269e-05
1335	1.3453944e-05
1336	1.345836e-05
1337	1.3463242e-05
1338	1.3426828e-05
1339	1.3371824e-05
1340	1.3374435e-05
1341	1.3378562e-05
1342	1.3382732e-05
1343	1.3345647e-05
1344	1.3290774e-05
1345	1.3292984e-05
1346	1.3296588e-05
1347	1.3300222e-05
1348	1.3262642e-05
1349	1.3207698e-05
1350	1.320954e-05
1351	1.3212709e-05
1352	1.3215861e-05
1353	1.3177909e-05
1354	1.3122991e-05
1355	1.3124374e-05
1356	1.3127123e-05
1357	1.3129832e-05
1358	1.3091601e-05
1359	1.3036727e-05
1360	1.3037789e-05
1361	1.3040235e-05
1362	1.304258e-05
1363	1.300383e-05
1364	1.2949262e-05
1365	1.2949705e-05
1366	1.2951567e-05
1367	1.2953417e-05
1368	1.2914132e-05
1369	1.2859556e-05
1370	1.2859672e-05
1371	1.2860379e-05
1372	1.2861167e-05
1373	1.2821109e-05
1374	1.2766462e-05
1375	1.2766646e-05
1376	1.2767976e-05
1377	1.2769019e-05
1378	1.272872e-05
1379	1.2675827e-05
1380	1.2675245e-05
1381	1.2676535e-05
1382	1.2677763e-05
1383	1.2637821e-05
1384	1.2584668e-05
1385	1.2584793e-05
1386	1.2586003e-05
1387	1.2586967e-05
1388	1.2546589e-05
1389	1.2492756e-05
1390	1.249222e-05
1391	1.2492722e-05
1392	1.2493071e-05
1393	1.2452373e-05
1394	1.2399252e-05
1395	1.239867e-05
1396	1.2398976e-05
1397	1.239922e-05
1398	1.2358635e-05
1399	1.2306742e-05
1400	1.2304922e-05
1401	1.2304641e-05
1402	1.2304163e-05
1403	1.2262333e-05
1404	1.2208609e-05
1405	1.2207371e-05
1406	1.2206941e-05
1407	1.2207027e-05
1408	1.2165579e-05
1409	1.2113064e-05
1410	1.2111065e-05
1411	1.2109498e-05
1412	1.2107568e-05
1413	1.2064856e-05
1414	1.2011528e-05
1415	1.2008738e-05
1416	1.2006639e-05
1417	1.2003475e-05
1418	1.1959976e-05
1419	1.1906872e-05
1420	1.1903759e-05
1421	1.1901298e-05
1422	1.1899477e-05
1423	1.1896808e-05
1424	1.1851982e-05
1425	1.1797491e-05
1426	1.1793935e-05
1427	1.1791011e-05
1428	1.1787493e-05
1429	1.1742558e-05
1430	1.1689082e-05
1431	1.1685209e-05
1432	1.1681935e-05
1433	1.1678496e-05
1434	1.167471e-05
1435	1.1628084e-05
1436	1.1573399e-05
1437	1.1568832e-05
1438	1.156437e-05
1439	1.1559368e-05
1440	1.155436e-05
1441	1.1505668e-05
1442	1.1450534e-05
1443	1.1445355e-05
1444	1.1440323e-05
1445	1.1436752e-05
1446	1.143159e-05
1447	1.1382759e-05
1448	1.1327236e-05
1449	1.1321403e-05
1450	1.1316823e-05
1451	1.1313089e-05
1452	1.1307916e-05
1453	1.1258243e-05
1454	1.1203179e-05
1455	1.1197621e-05
1456	1.1192452e-05
1457	1.1187352e-05
1458	1.1181896e-05
1459	1.1132159e-05
1460	1.107727e-05
1461	1.1070994e-05
1462	1.1065437e-05
1463	1.1059658e-05
1464	1.1053612e-05
1465	1.1003198e-05
1466	1.0948191e-05
1467	1.0941097e-05
1468	1.0934829e-05
1469	1.0928497e-05
1470	1.0921763e-05
1471	1.0870817e-05
1472	1.081596e-05
1473	1.080841e-05
1474	1.080139e-05
1475	1.0794276e-05
1476	1.078685e-05
1477	1.0735334e-05
1478	1.0680356e-05
1479	1.0671918e-05
1480	1.0664236e-05
1481	1.0656651e-05
1482	1.0648716e-05
1483	1.059665e-05
1484	1.0541509e-05
1485	1.0532393e-05
1486	1.0524095e-05
1487	1.0515824e-05
1488	1.0507244e-05
1489	1.0454341e-05
1490	1.0399174e-05
1491	1.0389443e-05
1492	1.0380539e-05
1493	1.0371677e-05
1494	1.0362598e-05
1495	1.0309538e-05
1496	1.0254541e-05
1497	1.0244452e-05
1498	1.0234997e-05
1499	1.0224989e-05
1500	1.0214929e-05
1501	1.0161142e-05
1502	1.0106583e-05
1503	1.0096743e-05
1504	1.0087986e-05
1505	1.0076839e-05
1506	1.0065458e-05
1507	1.0011209e-05
1508	9.9546269e-06
1509	9.9423222e-06
1510	9.9301865e-06
1511	9.9189476e-06
1512	9.9083963e-06
1513	9.8532082e-06
1514	9.7960905e-06
1515	9.7837509e-06
1516	9.7720574e-06
1517	9.7606682e-06
1518	9.7492597e-06
1519	9.6940827e-06
1520	9.6369112e-06
1521	9.6245353e-06
1522	9.6131893e-06
1523	9.6022266e-06
1524	9.5918286e-06
1525	9.5375263e-06
1526	9.4821152e-06
1527	9.47044e-06
1528	9.4592576e-06
1529	9.4487032e-06
1530	9.4383169e-06
1531	9.4280436e-06
1532	9.3721316e-06
1533	9.3154833e-06
1534	9.3044703e-06
1535	9.2939872e-06
1536	9.2838019e-06
1537	9.2738548e-06
1538	9.2193841e-06
1539	9.1643972e-06
1540	9.1534301e-06
1541	9.1428032e-06
1542	9.1322793e-06
1543	9.121545e-06
1544	9.1104607e-06
1545	9.0540635e-06
1546	8.9970609e-06
1547	8.9851224e-06
1548	8.9736495e-06
1549	8.9623895e-06
1550	8.9511261e-06
1551	8.9396631e-06
1552	8.8824083e-06
1553	8.8248311e-06
1554	8.8120931e-06
1555	8.7999357e-06
1556	8.7888434e-06
1557	8.7765207e-06
1558	8.7635822e-06
1559	8.7036459e-06
1560	8.6448031e-06
1561	8.6314891e-06
1562	8.6185426e-06
1563	8.605446e-06
1564	8.5926223e-06
1565	8.5807673e-06
1566	8.5234984e-06
1567	8.4680229e-06
1568	8.4564402e-06
1569	8.4458438e-06
1570	8.4349415e-06
1571	8.4236414e-06
1572	8.4120673e-06
1573	8.354607e-06
1574	8.3001934e-06
1575	8.2886305e-06
1576	8.2783707e-06
1577	8.2686539e-06
1578	8.2596638e-06
1579	8.251284e-06
1580	8.1976288e-06
1581	8.1471857e-06
1582	8.1388319e-06
1583	8.1315646e-06
1584	8.1245131e-06
1585	8.117296e-06
1586	8.1098879e-06
1587	8.0567946e-06
1588	8.005665e-06
1589	7.9950851e-06
1590	7.9860143e-06
1591	7.9757034e-06
1592	7.9650037e-06
1593	7.9531553e-06
1594	7.896631e-06
1595	7.8429338e-06
1596	7.8299367e-06
1597	7.8178505e-06
1598	7.8066362e-06
1599	7.7959864e-06
1600	7.7860482e-06
1601	7.7318167e-06
1602	7.6802452e-06
1603	7.6683523e-06
1604	7.6572874e-06
1605	7.6463335e-06
1606	7.6356321e-06
1607	7.6249877e-06
1608	7.5702383e-06
1609	7.5196169e-06
1610	7.5083936e-06
1611	7.4980045e-06
1612	7.4883686e-06
1613	7.4795591e-06
1614	7.4715151e-06
1615	7.4196409e-06
1616	7.3709958e-06
1617	7.3611484e-06
1618	7.352294e-06
1619	7.3435068e-06
1620	7.3346994e-06
1621	7.3257124e-06
1622	7.2724148e-06
1623	7.2215222e-06
1624	7.2102898e-06
1625	7.1986818e-06
1626	7.1869701e-06
1627	7.1748752e-06
1628	7.1635555e-06
1629	7.1083397e-06
1630	7.0556282e-06
1631	7.0430613e-06
1632	7.0318519e-06
1633	7.0214263e-06
1634	7.0114388e-06
1635	7.0016666e-06
1636	6.9475793e-06
1637	6.8969461e-06
1638	6.8850092e-06
1639	6.8740813e-06
1640	6.8634832e-06
1641	6.8531676e-06
1642	6.8428983e-06
1643	6.8329328e-06
1644	6.7780949e-06
1645	6.7272045e-06
1646	6.7163876e-06
1647	6.7066963e-06
1648	6.6980443e-06
1649	6.6897228e-06
1650	6.6814796e-06
1651	6.6734402e-06
1652	6.6193867e-06
1653	6.5685018e-06
1654	6.5583328e-06
1655	6.5485612e-06
1656	6.5388027e-06
1657	6.5282356e-06
1658	6.5179604e-06
1659	6.5085658e-06
1660	6.4534673e-06
1661	6.4023121e-06
1662	6.3918272e-06
1663	6.3824578e-06
1664	6.3736219e-06
1665	6.3653112e-06
1666	6.3571409e-06
1667	6.3490045e-06
1668	6.2952491e-06
1669	6.2463407e-06
1670	6.2356551e-06
1671	6.2255632e-06
1672	6.2161342e-06
1673	6.2068788e-06
1674	6.1980778e-06
1675	6.189732e-06
1676	6.1364099e-06
1677	6.0875901e-06
1678	6.076964e-06
1679	6.0671545e-06
1680	6.0581542e-06
1681	6.0497404e-06
1682	6.0407745e-06
1683	6.0313232e-06
1684	5.9771225e-06
1685	5.9284235e-06
1686	5.9173101e-06
1687	5.9072875e-06
1688	5.8981272e-06
1689	5.8896101e-06
1690	5.8816705e-06
1691	5.8740814e-06
1692	5.8217823e-06
1693	5.774306e-06
1694	5.7632073e-06
1695	5.7531647e-06
1696	5.7439351e-06
1697	5.7352097e-06
1698	5.727031e-06
1699	5.7194857e-06
1700	5.6673487e-06
1701	5.6200812e-06
1702	5.6098795e-06
1703	5.6005772e-06
1704	5.5917543e-06
1705	5.5830228e-06
1706	5.5752776e-06
1707	5.5682965e-06
1708	5.5169387e-06
1709	5.470738e-06
1710	5.4614986e-06
1711	5.4534822e-06
1712	5.4464083e-06
1713	5.4399987e-06
1714	5.4337865e-06
1715	5.427929e-06
1716	5.3766752e-06
1717	5.3301423e-06
1718	5.3201355e-06
1719	5.311299e-06
1720	5.3035136e-06
1721	5.2965297e-06
1722	5.2898225e-06
1723	5.2833319e-06
1724	5.2324076e-06
1725	5.1865517e-06
1726	5.1780257e-06
1727	5.1708479e-06
1728	5.1647215e-06
1729	5.1595601e-06
1730	5.1548702e-06
1731	5.150312e-06
1732	5.1458364e-06
1733	5.0947343e-06
1734	5.046801e-06
1735	5.037986e-06
1736	5.0306915e-06
1737	5.024046e-06
1738	5.0178319e-06
1739	5.0121206e-06
1740	5.0071686e-06
1741	5.002843e-06
1742	4.9515068e-06
1743	4.9038723e-06
1744	4.89711e-06
1745	4.8916156e-06
1746	4.8868574e-06
1747	4.8823872e-06
1748	4.8783484e-06
1749	4.8744355e-06
1750	4.8702485e-06
1751	4.8180688e-06
1752	4.7695567e-06
1753	4.7612361e-06
1754	4.7541534e-06
1755	4.7479025e-06
1756	4.7427314e-06
1757	4.7382373e-06
1758	4.7344855e-06
1759	4.7311598e-06
1760	4.6809019e-06
1761	4.6352219e-06
1762	4.6283502e-06
1763	4.6224618e-06
1764	4.6174238e-06
1765	4.6127636e-06
1766	4.6082032e-06
1767	4.6038631e-06
1768	4.5993124e-06
1769	4.5484491e-06
1770	4.5024438e-06
1771	4.4947543e-06
1772	4.4887061e-06
1773	4.4835481e-06
1774	4.4795846e-06
1775	4.4764835e-06
1776	4.4738772e-06
1777	4.4715541e-06
1778	4.4230653e-06
1779	4.3793142e-06
1780	4.3720403e-06
1781	4.3657981e-06
1782	4.3601597e-06
1783	4.3549904e-06
1784	4.3505762e-06
1785	4.3464805e-06
1786	4.3428204e-06
1787	4.2938112e-06
1788	4.2502721e-06
1789	4.2431594e-06
1790	4.2378355e-06
1791	4.2336931e-06
1792	4.2305821e-06
1793	4.228088e-06
1794	4.2260893e-06
1795	4.2244673e-06
1796	4.2229161e-06
1797	4.1743353e-06
1798	4.1300807e-06
1799	4.1237009e-06
1800	4.1187188e-06
1801	4.1147964e-06
1802	4.1113137e-06
1803	4.108386e-06
1804	4.1057326e-06
1805	4.1038729e-06
1806	4.1024348e-06
1807	4.0538153e-06
1808	4.0097041e-06
1809	4.0042501e-06
1810	4.0001767e-06
1811	3.9970117e-06
1812	3.9943928e-06
1813	3.9921984e-06
1814	3.9904318e-06
1815	3.9888423e-06
1816	3.9872361e-06
1817	3.938511e-06
1818	3.8943165e-06
1819	3.8881882e-06
1820	3.8832622e-06
1821	3.8796829e-06
1822	3.8767187e-06
1823	3.8744946e-06
1824	3.8729776e-06
1825	3.8717882e-06
1826	3.8709803e-06
1827	3.8244534e-06
1828	3.7825536e-06
1829	3.7771662e-06
1830	3.773158e-06
1831	3.7698292e-06
1832	3.7671425e-06
1833	3.76474e-06
1834	3.7626949e-06
1835	3.7611562e-06
1836	3.7600421e-06
1837	3.7142528e-06
1838	3.6736326e-06
1839	3.6679175e-06
1840	3.6639353e-06
1841	3.6608476e-06
1842	3.6587111e-06
1843	3.6576796e-06
1844	3.6571125e-06
1845	3.6570065e-06
1846	3.6572854e-06
1847	3.6134492e-06
1848	3.5744016e-06
1849	3.5695035e-06
1850	3.566188e-06
1851	3.5638662e-06
1852	3.5621e-06
1853	3.5609324e-06
1854	3.5606056e-06
1855	3.5606336e-06
1856	3.5609549e-06
1857	3.5182059e-06
1858	3.4802626e-06
1859	3.4755357e-06
1860	3.472595e-06
1861	3.4705307e-06
1862	3.469478e-06
1863	3.4693473e-06
1864	3.4699669e-06
1865	3.4712863e-06
1866	3.472988e-06
1867	3.4747882e-06
1868	3.4320452e-06
1869	3.3934674e-06
1870	3.3899939e-06
1871	3.3879157e-06
1872	3.3867052e-06
1873	3.3864028e-06
1874	3.3868613e-06
1875	3.3879502e-06
1876	3.3893237e-06
1877	3.3911355e-06
1878	3.3931817e-06
1879	3.3508848e-06
1880	3.3122011e-06
1881	3.3089776e-06
1882	3.3072709e-06
1883	3.3067006e-06
1884	3.3069099e-06
1885	3.3078528e-06
1886	3.309243e-06
1887	3.311092e-06
1888	3.3132814e-06
1889	3.3155599e-06
1890	3.2751403e-06
1891	3.2382257e-06
1892	3.23496e-06
1893	3.2330477e-06
1894	3.2323262e-06
1895	3.2323663e-06
1896	3.2330671e-06
1897	3.2344959e-06
1898	3.2362311e-06
1899	3.2382752e-06
1900	3.2405697e-06
1901	3.2015685e-06
1902	3.1662475e-06
1903	3.1632075e-06
1904	3.1616291e-06
1905	3.1610511e-06
1906	3.1614575e-06
1907	3.1623467e-06
1908	3.1637709e-06
1909	3.1657121e-06
1910	3.1681879e-06
1911	3.1708589e-06
1912	3.13353e-06
1913	3.0998639e-06
1914	3.0967977e-06
1915	3.0951912e-06
1916	3.0945805e-06
1917	3.094995e-06
1918	3.0963212e-06
1919	3.097998e-06
1920	3.1002597e-06
1921	3.1028764e-06
1922	3.1059297e-06
1923	3.1093673e-06
1924	3.0724489e-06
1925	3.038528e-06
1926	3.0362418e-06
1927	3.0350964e-06
1928	3.0349495e-06
1929	3.0358936e-06
1930	3.039197e-06
1931	3.0422463e-06
1932	3.0454499e-06
1933	3.0487243e-06
1934	3.0519648e-06
1935	3.0554633e-06
1936	3.0193175e-06
1937	2.9862805e-06
1938	2.9844106e-06
1939	2.9851996e-06
1940	2.9871133e-06
1941	2.9890551e-06
1942	2.9915375e-06
1943	2.9945276e-06
1944	2.9983969e-06
1945	3.0028907e-06
1946	3.0077358e-06
1947	3.0124271e-06
1948	2.978528e-06
1949	2.947919e-06
1950	2.9469093e-06
1951	2.9472447e-06
1952	2.9484999e-06
1953	2.9503688e-06
1954	2.9530515e-06
1955	2.9564717e-06
1956	2.9602337e-06
1957	2.9645589e-06
1958	2.9691517e-06
1959	2.9743942e-06
1960	2.9423925e-06
1961	2.9132648e-06
1962	2.912035e-06
1963	2.9125383e-06
1964	2.9145681e-06
1965	2.9171214e-06
1966	2.9204062e-06
1967	2.9253725e-06
1968	2.9312352e-06
1969	2.9364748e-06
1970	2.9416532e-06
1971	2.9469247e-06
1972	2.9163132e-06
1973	2.8890149e-06
1974	2.8881601e-06
1975	2.8886482e-06
1976	2.8901077e-06
1977	2.892212e-06
1978	2.8950848e-06
1979	2.900519e-06
1980	2.9053122e-06
1981	2.9102012e-06
1982	2.9152267e-06
1983	2.9203345e-06
1984	2.8903083e-06
1985	2.8631639e-06
1986	2.8613361e-06
1987	2.8616905e-06
1988	2.8630262e-06
1989	2.8652044e-06
1990	2.8681604e-06
1991	2.8717429e-06
1992	2.8758615e-06
1993	2.8803312e-06
1994	2.8850537e-06
1995	2.8904023e-06
1996	2.8961483e-06
1997	2.8655968e-06
1998	2.8376012e-06
1999	2.8366239e-06
2000	2.8373458e-06
2001	2.8389796e-06
2002	2.8411843e-06
2003	2.8442381e-06
2004	2.8480084e-06
2005	2.8523e-06
2006	2.8571907e-06
2007	2.8624265e-06
2008	2.8679607e-06
2009	2.8736553e-06
2010	2.8433873e-06
2011	2.8156052e-06
2012	2.8145937e-06
2013	2.8154245e-06
2014	2.8173779e-06
2015	2.820124e-06
2016	2.8235705e-06
2017	2.8276341e-06
2018	2.8322439e-06
2019	2.8370146e-06
2020	2.842088e-06
2021	2.8475703e-06
2022	2.8533746e-06
2023	2.8250267e-06
2024	2.7995666e-06
2025	2.7990523e-06
2026	2.8003792e-06
2027	2.8027745e-06
2028	2.8057585e-06
2029	2.8091614e-06
2030	2.8133265e-06
2031	2.818058e-06
2032	2.8233379e-06
2033	2.8290344e-06
2034	2.8350653e-06
2035	2.8413925e-06
2036	2.8152554e-06
2037	2.7917031e-06
2038	2.7912156e-06
2039	2.792511e-06
2040	2.794919e-06
2041	2.7981578e-06
2042	2.8021235e-06
2043	2.8066264e-06
2044	2.8117332e-06
2045	2.817255e-06
2046	2.8232552e-06
2047	2.8295177e-06
2048	2.8359355e-06
2049	2.8110392e-06
2050	2.7883703e-06
2051	2.7877315e-06
2052	2.7891295e-06
2053	2.7917626e-06
2054	2.7951909e-06
2055	2.7993265e-06
2056	2.8040456e-06
2057	2.8093024e-06
2058	2.814966e-06
2059	2.8208326e-06
2060	2.8270522e-06
2061	2.833663e-06
2062	2.8097569e-06
2063	2.7879746e-06
2064	2.7875434e-06
2065	2.7891741e-06
2066	2.79204e-06
2067	2.7956459e-06
2068	2.7997935e-06
2069	2.8043516e-06
2070	2.8093528e-06
2071	2.8149522e-06
2072	2.821069e-06
2073	2.8276702e-06
2074	2.8345167e-06
2075	2.8415735e-06
2076	2.8165973e-06
2077	2.7935087e-06
2078	2.7936842e-06
2079	2.7958167e-06
2080	2.7988982e-06
2081	2.8026039e-06
2082	2.8069288e-06
2083	2.8120631e-06
2084	2.8176445e-06
2085	2.8236338e-06
2086	2.8299982e-06
2087	2.8366336e-06
2088	2.8434868e-06
2089	2.8505194e-06
2090	2.8255996e-06
2091	2.8021662e-06
2092	2.8018826e-06
2093	2.8035685e-06
2094	2.8077702e-06
2095	2.8126442e-06
2096	2.817525e-06
2097	2.8227051e-06
2098	2.82833e-06
2099	2.8343259e-06
2100	2.8407216e-06
2101	2.8475376e-06
2102	2.8545353e-06
2103	2.8616976e-06
2104	2.8368682e-06
2105	2.8141805e-06
2106	2.8157027e-06
2107	2.8180111e-06
2108	2.8209861e-06
2109	2.8244536e-06
2110	2.8277657e-06
2111	2.8315259e-06
2112	2.836852e-06
2113	2.8427597e-06
2114	2.8488362e-06
2115	2.8548688e-06
2116	2.8610833e-06
2117	2.8676252e-06
2118	2.8448129e-06
2119	2.8230487e-06
2120	2.8234956e-06
2121	2.825778e-06
2122	2.8292439e-06
2123	2.8333095e-06
2124	2.8377103e-06
2125	2.8425696e-06
2126	2.8478011e-06
2127	2.8536221e-06
2128	2.8599343e-06
2129	2.8664132e-06
2130	2.8729582e-06
2131	2.8796329e-06
2132	2.8864923e-06
2133	2.8631197e-06
2134	2.8398489e-06
2135	2.8397888e-06
2136	2.8417883e-06
2137	2.8450035e-06
2138	2.8488978e-06
2139	2.8532833e-06
2140	2.858115e-06
2141	2.8632287e-06
2142	2.8686104e-06
2143	2.8741511e-06
2144	2.8799453e-06
2145	2.885887e-06
2146	2.8921468e-06
2147	2.8985064e-06
2148	2.8747209e-06
2149	2.8510499e-06
2150	2.8504668e-06
2151	2.8516729e-06
2152	2.854138e-06
2153	2.857191e-06
2154	2.86067e-06
2155	2.8645182e-06
2156	2.8687637e-06
2157	2.8733529e-06
2158	2.8782925e-06
2159	2.8836212e-06
2160	2.8892105e-06
2161	2.8950542e-06
2162	2.9010369e-06
2163	2.8773612e-06
2164	2.8534114e-06
2165	2.852393e-06
2166	2.8531796e-06
2167	2.8554196e-06
2168	2.8584486e-06
2169	2.8619528e-06
2170	2.8658262e-06
2171	2.8700909e-06
2172	2.874795e-06
2173	2.8799092e-06
2174	2.885382e-06
2175	2.8909281e-06
2176	2.8967124e-06
2177	2.9028072e-06
2178	2.8796721e-06
2179	2.8561503e-06
2180	2.8553017e-06
2181	2.8562692e-06
2182	2.8587467e-06
2183	2.8619512e-06
2184	2.8656114e-06
2185	2.869724e-06
2186	2.8742367e-06
2187	2.879136e-06
2188	2.8844161e-06
2189	2.8899839e-06
2190	2.8958699e-06
2191	2.9019741e-06
2192	2.9083115e-06
2193	2.8854939e-06
2194	2.8619007e-06
2195	2.8611812e-06
2196	2.8622195e-06
2197	2.8647581e-06
2198	2.8680867e-06
2199	2.8720169e-06
2200	2.8763912e-06
2201	2.8811571e-06
2202	2.8863101e-06
2203	2.8917989e-06
2204	2.8976062e-06
2205	2.9037376e-06
2206	2.9101121e-06
2207	2.9167068e-06
2208	2.9234575e-06
2209	2.8990084e-06
2210	2.8736495e-06
2211	2.8732887e-06
2212	2.8746775e-06
2213	2.877567e-06
2214	2.8813337e-06
2215	2.8855541e-06
2216	2.8901776e-06
2217	2.8951593e-06
2218	2.9004728e-06
2219	2.9061286e-06
2220	2.9120906e-06
2221	2.9183197e-06
2222	2.9248236e-06
2223	2.9315464e-06
2224	2.9383983e-06
2225	2.913804e-06
2226	2.8877108e-06
2227	2.8874692e-06
2228	2.8890424e-06
2229	2.8920723e-06
2230	2.8959268e-06
2231	2.9002516e-06
2232	2.90502e-06
2233	2.9100534e-06
2234	2.9154066e-06
2235	2.921078e-06
2236	2.9269634e-06
2237	2.9331375e-06
2238	2.9395243e-06
2239	2.9460918e-06
2240	2.9528478e-06
2241	2.9284845e-06
2242	2.9020258e-06
2243	2.9018926e-06
2244	2.9035022e-06
2245	2.9065694e-06
2246	2.9104671e-06
2247	2.9147407e-06
2248	2.9194159e-06
2249	2.9244108e-06
2250	2.9296442e-06
2251	2.9352088e-06
2252	2.9410964e-06
2253	2.9472551e-06
2254	2.9536596e-06
2255	2.9602646e-06
2256	2.9669971e-06
2257	2.9429778e-06
2258	2.9160643e-06
2259	2.9159556e-06
2260	2.9174124e-06
2261	2.9202823e-06
2262	2.9241375e-06
2263	2.9284638e-06
2264	2.9331685e-06
2265	2.9382276e-06
2266	2.9436447e-06
2267	2.9493232e-06
2268	2.9553155e-06
2269	2.9615832e-06
2270	2.9681061e-06
2271	2.9748429e-06
2272	2.9817896e-06
2273	2.9578671e-06
2274	2.9305552e-06
2275	2.9307041e-06
2276	2.9323154e-06
2277	2.9353144e-06
2278	2.9392782e-06
2279	2.9436922e-06
2280	2.9484884e-06
2281	2.9538223e-06
2282	2.9594466e-06
2283	2.9653212e-06
2284	2.971534e-06
2285	2.9780297e-06
2286	2.9847713e-06
2287	2.9917357e-06
2288	2.9988746e-06
2289	3.0061322e-06
2290	2.9806464e-06
2291	2.951643e-06
2292	2.9521719e-06
2293	2.9541497e-06
2294	2.9574379e-06
2295	2.9617588e-06
2296	2.966502e-06
2297	2.9715816e-06
2298	2.9769688e-06
2299	2.982699e-06
2300	2.9886991e-06
2301	2.9948592e-06
2302	3.0012914e-06
2303	3.0079393e-06
2304	3.0148204e-06
2305	3.021877e-06
2306	3.0290743e-06
2307	3.0030674e-06
2308	2.9731823e-06
2309	2.9734748e-06
2310	2.9752626e-06
2311	2.978339e-06
2312	2.9824426e-06
2313	2.9870272e-06
2314	2.9919725e-06
2315	2.9972687e-06
2316	3.0028618e-06
2317	3.0087313e-06
2318	3.014809e-06
2319	3.021047e-06
2320	3.0275384e-06
2321	3.0341785e-06
2322	3.0409656e-06
2323	3.0478926e-06
2324	3.0215211e-06
2325	2.9907131e-06
2326	2.9909853e-06
2327	2.9927389e-06
2328	2.995646e-06
2329	2.999637e-06
2330	3.0041484e-06
2331	3.0088877e-06
2332	3.0140027e-06
2333	3.0194086e-06
2334	3.0251492e-06
2335	3.0311921e-06
2336	3.0374297e-06
2337	3.0438238e-06
2338	3.0504469e-06
2339	3.0572176e-06
2340	3.0640659e-06
2341	3.0373611e-06
2342	3.0056449e-06
2343	3.0057305e-06
2344	3.0073196e-06
2345	3.0099936e-06
2346	3.0138791e-06
2347	3.0183469e-06
2348	3.0231038e-06
2349	3.0281791e-06
2350	3.033521e-06
2351	3.0390879e-06
2352	3.0449489e-06
2353	3.0510725e-06
2354	3.0574682e-06
2355	3.0641089e-06
2356	3.0708559e-06
2357	3.0777057e-06
2358	3.0846039e-06
2359	3.0564339e-06
2360	3.0231715e-06
2361	3.0236094e-06
2362	3.0253863e-06
2363	3.0281936e-06
2364	3.0320687e-06
2365	3.0365487e-06
2366	3.0414551e-06
2367	3.0468285e-06
2368	3.052413e-06
2369	3.0581716e-06
2370	3.0643027e-06
2371	3.0709215e-06
2372	3.0776161e-06
2373	3.0844569e-06
2374	3.0914258e-06
2375	3.0984715e-06
2376	3.1056514e-06
2377	3.0768862e-06
2378	3.0423223e-06
2379	3.0427445e-06
2380	3.0446318e-06
2381	3.0474622e-06
2382	3.0514821e-06
2383	3.0561811e-06
2384	3.0613522e-06
2385	3.0667853e-06
2386	3.0724136e-06
2387	3.0782356e-06
2388	3.0844882e-06
2389	3.0912398e-06
2390	3.0979079e-06
2391	3.104655e-06
2392	3.1114262e-06
2393	3.1182616e-06
2394	3.1252083e-06
2395	3.0959399e-06
2396	3.0605205e-06
2397	3.0607416e-06
2398	3.0624422e-06
2399	3.0650282e-06
2400	3.068718e-06
2401	3.0731876e-06
2402	3.0784855e-06
2403	3.0837774e-06
2404	3.0892209e-06
2405	3.0947519e-06
2406	3.1005454e-06
2407	3.1065487e-06
2408	3.1127618e-06
2409	3.1191546e-06
2410	3.1257987e-06
2411	3.1326095e-06
2412	3.139473e-06
2413	3.1094831e-06
2414	3.0732509e-06
2415	3.0730731e-06
2416	3.0744977e-06
2417	3.0768666e-06
2418	3.0803185e-06
2419	3.0845597e-06
2420	3.0893251e-06
2421	3.0944086e-06
2422	3.0997166e-06
2423	3.1052786e-06
2424	3.1110712e-06
2425	3.1170754e-06
2426	3.1232941e-06
2427	3.1296941e-06
2428	3.1362472e-06
2429	3.1429797e-06
2430	3.1498169e-06
2431	3.1567199e-06
2432	3.1247329e-06
2433	3.0867742e-06
2434	3.0864961e-06
2435	3.087843e-06
2436	3.0901634e-06
2437	3.0936475e-06
2438	3.0979502e-06
2439	3.102699e-06
2440	3.1077195e-06
2441	3.1130248e-06
2442	3.1185797e-06
2443	3.1243474e-06
2444	3.1303425e-06
2445	3.1365179e-06
2446	3.1428645e-06
2447	3.1493001e-06
2448	3.1558532e-06
2449	3.1624351e-06
2450	3.1690194e-06
2451	3.1357913e-06
2452	3.0966709e-06
2453	3.0960658e-06
2454	3.0972502e-06
2455	3.0994236e-06
2456	3.1026954e-06
2457	3.1068915e-06
2458	3.1115114e-06
2459	3.116465e-06
2460	3.1216864e-06
2461	3.1270012e-06
2462	3.1324483e-06
2463	3.1380976e-06
2464	3.1439343e-06
2465	3.1498692e-06
2466	3.1559557e-06
2467	3.1621933e-06
2468	3.1685442e-06
2469	3.1749642e-06
2470	3.1410154e-06
2471	3.1011327e-06
2472	3.1001976e-06
2473	3.1012252e-06
2474	3.1031178e-06
2475	3.1060969e-06
2476	3.1101763e-06
2477	3.1147179e-06
2478	3.1195482e-06
2479	3.1246785e-06
2480	3.1299738e-06
2481	3.1354029e-06
2482	3.1409846e-06
2483	3.1467698e-06
2484	3.152749e-06
2485	3.1588427e-06
2486	3.1650401e-06
2487	3.1712924e-06
2488	3.1775839e-06
2489	3.1428324e-06
2490	3.1024189e-06
2491	3.1009428e-06
2492	3.1018015e-06
2493	3.1036094e-06
2494	3.1064396e-06
2495	3.110309e-06
2496	3.1147455e-06
2497	3.1195598e-06
2498	3.1246822e-06
2499	3.1299971e-06
2500	3.1354742e-06
2501	3.1411162e-06
2502	3.1469548e-06
2503	3.1529531e-06
2504	3.1589835e-06
2505	3.1651562e-06
2506	3.1714134e-06
2507	3.1777091e-06
2508	3.1839825e-06
2509	3.1473076e-06
2510	3.1051911e-06
2511	3.1036164e-06
2512	3.1043262e-06
2513	3.1060242e-06
2514	3.1087604e-06
2515	3.1126197e-06
2516	3.1170459e-06
2517	3.1218543e-06
2518	3.1269784e-06
2519	3.132262e-06
2520	3.1376691e-06
2521	3.14323e-06
2522	3.1489448e-06
2523	3.154796e-06
2524	3.1607605e-06
2525	3.166786e-06
2526	3.17282e-06
2527	3.1789144e-06
2528	3.1849893e-06
2529	3.1470005e-06
2530	3.104212e-06
2531	3.1021786e-06
2532	3.1028308e-06
2533	3.1043574e-06
2534	3.1068262e-06
2535	3.1104567e-06
2536	3.1147282e-06
2537	3.1193823e-06
2538	3.1243913e-06
2539	3.129601e-06
2540	3.1349645e-06
2541	3.1404823e-06
2542	3.1460995e-06
2543	3.1518253e-06
2544	3.1576424e-06
2545	3.1635641e-06
2546	3.1695476e-06
2547	3.1755394e-06
2548	3.1815466e-06
2549	3.1429083e-06
2550	3.1004303e-06
2551	3.0977161e-06
2552	3.0981715e-06
2553	3.0995043e-06
2554	3.1017368e-06
2555	3.1051023e-06
2556	3.1092043e-06
2557	3.1137133e-06
2558	3.1186101e-06
2559	3.123741e-06
2560	3.129021e-06
2561	3.1344712e-06
2562	3.1400955e-06
2563	3.145768e-06
2564	3.1515094e-06
2565	3.1573143e-06
2566	3.1631798e-06
2567	3.1690803e-06
2568	3.1750093e-06
2569	3.1355995e-06
2570	3.0933964e-06
2571	3.0901102e-06
2572	3.0902577e-06
2573	3.0915094e-06
2574	3.0935952e-06
2575	3.0968003e-06
2576	3.1007822e-06
2577	3.1052015e-06
2578	3.109996e-06
2579	3.1150198e-06
2580	3.1202438e-06
2581	3.125618e-06
2582	3.1311874e-06
2583	3.1368436e-06
2584	3.1425378e-06
2585	3.1483202e-06
2586	3.1541994e-06
2587	3.1601207e-06
2588	3.1660386e-06
2589	3.1719436e-06
2590	3.1306922e-06
2591	3.0870358e-06
2592	3.083777e-06
2593	3.0838725e-06
2594	3.0850797e-06
2595	3.0871366e-06
2596	3.0902957e-06
2597	3.0942693e-06
2598	3.0986976e-06
2599	3.1035257e-06
2600	3.1085688e-06
2601	3.1137828e-06
2602	3.1191379e-06
2603	3.1246594e-06
2604	3.1302393e-06
2605	3.1358733e-06
2606	3.1415352e-06
2607	3.14724e-06
2608	3.1529948e-06
2609	3.1587312e-06
2610	3.1644346e-06
2611	3.1223157e-06
2612	3.0786254e-06
2613	3.0748627e-06
2614	3.0744995e-06
2615	3.0754383e-06
2616	3.0772749e-06
2617	3.0801124e-06
2618	3.0838511e-06
2619	3.0880512e-06
2620	3.0926522e-06
2621	3.09752e-06
2622	3.1025331e-06
2623	3.1076855e-06
2624	3.1129826e-06
2625	3.1183771e-06
2626	3.1238412e-06
2627	3.1293636e-06
2628	3.1349501e-06
2629	3.1405971e-06
2630	3.1462422e-06
2631	3.1517859e-06
2632	3.1088914e-06
2633	3.0658794e-06
2634	3.0614722e-06
2635	3.0604944e-06
2636	3.0611739e-06
2637	3.0627815e-06
2638	3.0654087e-06
2639	3.0689348e-06
2640	3.0729662e-06
2641	3.0774013e-06
2642	3.08208e-06
2643	3.086959e-06
2644	3.0919268e-06
2645	3.0970672e-06
2646	3.102354e-06
2647	3.1077145e-06
2648	3.1131465e-06
2649	3.1185857e-06
2650	3.1240656e-06
2651	3.1296063e-06
2652	3.1351201e-06
2653	3.1406123e-06
2654	3.0964357e-06
2655	3.0523931e-06
2656	3.0477047e-06
2657	3.0464271e-06
2658	3.0469152e-06
2659	3.0482908e-06
2660	3.0506565e-06
2661	3.0540456e-06
2662	3.0579501e-06
2663	3.0622078e-06
2664	3.0667649e-06
2665	3.0715378e-06
2666	3.0764481e-06
2667	3.0814945e-06
2668	3.0866326e-06
2669	3.091845e-06
2670	3.0971047e-06
2671	3.1023585e-06
2672	3.1076476e-06
2673	3.1128732e-06
2674	3.1180666e-06
2675	3.1232935e-06
2676	3.0783208e-06
2677	3.0350669e-06
2678	3.0298341e-06
2679	3.0277367e-06
2680	3.0278252e-06
2681	3.0289295e-06
2682	3.0309798e-06
2683	3.0340492e-06
2684	3.0376818e-06
2685	3.0416853e-06
2686	3.0460239e-06
2687	3.05057e-06
2688	3.0552564e-06
2689	3.0600784e-06
2690	3.0650001e-06
2691	3.0699094e-06
2692	3.074861e-06
2693	3.0798997e-06
2694	3.0849925e-06
2695	3.0901081e-06
2696	3.0952176e-06
2697	3.1003369e-06
2698	3.0548581e-06
2699	3.0131819e-06
2700	3.007275e-06
2701	3.0044317e-06
2702	3.0039583e-06
2703	3.0048189e-06
2704	3.0065548e-06
2705	3.0093385e-06
2706	3.0126861e-06
2707	3.0164608e-06
2708	3.0206327e-06
2709	3.0249953e-06
2710	3.0295626e-06
2711	3.0342995e-06
2712	3.039144e-06
2713	3.0440484e-06
2714	3.0490161e-06
2715	3.0540464e-06
2716	3.0591742e-06
2717	3.0643142e-06
2718	3.0694165e-06
2719	3.0744701e-06
2720	3.0284163e-06
2721	2.9878169e-06
2722	2.981396e-06
2723	2.9779124e-06
2724	2.9769137e-06
2725	2.9775304e-06
2726	2.9791298e-06
2727	2.9817639e-06
2728	2.9850246e-06
2729	2.9887319e-06
2730	2.9928769e-06
2731	2.9972608e-06
2732	3.0017765e-06
2733	3.0065109e-06
2734	3.0114207e-06
2735	3.0163441e-06
2736	3.0213391e-06
2737	3.0264223e-06
2738	3.031562e-06
2739	3.0367069e-06
2740	3.0418233e-06
2741	3.0469071e-06
2742	3.052006e-06
2743	3.0045387e-06
2744	2.9626786e-06
2745	2.9563216e-06
2746	2.9528436e-06
2747	2.9517031e-06
2748	2.9521037e-06
2749	2.95347e-06
2750	2.9559157e-06
2751	2.9590422e-06
2752	2.9626023e-06
2753	2.9666131e-06
2754	2.9708367e-06
2755	2.9752554e-06
2756	2.9799072e-06
2757	2.9846139e-06
2758	2.9893995e-06
2759	2.9942141e-06
2760	2.9990489e-06
2761	3.0039098e-06
2762	3.0087959e-06
2763	3.0136705e-06
2764	3.0185226e-06
2765	3.0233441e-06
2766	2.9750058e-06
2767	2.9336989e-06
2768	2.9267934e-06
2769	2.9227269e-06
2770	2.9209481e-06
2771	2.9210264e-06
2772	2.9221191e-06
2773	2.9242316e-06
2774	2.9271265e-06
2775	2.9304847e-06
2776	2.9343105e-06
2777	2.9384515e-06
2778	2.9427011e-06
2779	2.947125e-06
2780	2.9516818e-06
2781	2.9562619e-06
2782	2.960926e-06
2783	2.9656445e-06
2784	2.970419e-06
2785	2.9752185e-06
2786	2.9799935e-06
2787	2.9846512e-06
2788	2.9893199e-06
2789	2.9401705e-06
2790	2.9006836e-06
2791	2.8932236e-06
2792	2.8886641e-06
2793	2.8861097e-06
2794	2.8856498e-06
2795	2.8865211e-06
2796	2.8884394e-06
2797	2.8911853e-06
2798	2.8944286e-06
2799	2.8982146e-06
2800	2.9022482e-06
2801	2.9064191e-06
2802	2.910693e-06
2803	2.915136e-06
2804	2.919738e-06
2805	2.9243709e-06
2806	2.9291173e-06
2807	2.9339104e-06
2808	2.9386641e-06
2809	2.9433807e-06
2810	2.9480232e-06
2811	2.9527269e-06
2812	2.9574218e-06
2813	2.9065253e-06
2814	2.8664186e-06
2815	2.858785e-06
2816	2.8540627e-06
2817	2.8512592e-06
2818	2.8505102e-06
2819	2.8512658e-06
2820	2.8530334e-06
2821	2.8556709e-06
2822	2.8588529e-06
2823	2.8624135e-06
2824	2.8663025e-06
2825	2.8703941e-06
2826	2.8746484e-06
2827	2.8790418e-06
2828	2.8835071e-06
2829	2.8880322e-06
2830	2.8925702e-06
2831	2.8970748e-06
2832	2.9015665e-06
2833	2.9060421e-06
2834	2.9104393e-06
2835	2.9148108e-06
2836	2.9191773e-06
2837	2.8668751e-06
2838	2.8282507e-06
2839	2.8203667e-06
2840	2.8152768e-06
2841	2.8119977e-06
2842	2.8106198e-06
2843	2.810995e-06
2844	2.8125065e-06
2845	2.814873e-06
2846	2.8178665e-06
2847	2.8213721e-06
2848	2.8251997e-06
2849	2.8292282e-06
2850	2.8334297e-06
2851	2.837701e-06
2852	2.8420017e-06
2853	2.8462916e-06
2854	2.8506794e-06
2855	2.8550822e-06
2856	2.8594207e-06
2857	2.863833e-06
2858	2.8682755e-06
2859	2.8726601e-06
2860	2.8769744e-06
2861	2.8237517e-06
2862	2.7872997e-06
2863	2.7787041e-06
2864	2.7729404e-06
2865	2.769064e-06
2866	2.7670456e-06
2867	2.767085e-06
2868	2.7684635e-06
2869	2.7707931e-06
2870	2.7737156e-06
2871	2.7770753e-06
2872	2.780837e-06
2873	2.7848006e-06
2874	2.7888675e-06
2875	2.7930774e-06
2876	2.7973514e-06
2877	2.8016678e-06
2878	2.8060147e-06
2879	2.8103425e-06
2880	2.8148198e-06
2881	2.8192405e-06
2882	2.8236438e-06
2883	2.8280386e-06
2884	2.8325011e-06
2885	2.8368885e-06
2886	2.7817414e-06
2887	2.7448768e-06
2888	2.7363712e-06
2889	2.7305145e-06
2890	2.7263867e-06
2891	2.7239387e-06
2892	2.7234809e-06
2893	2.7244731e-06
2894	2.7264892e-06
2895	2.7291685e-06
2896	2.7324069e-06
2897	2.7360151e-06
2898	2.7398326e-06
2899	2.7439181e-06
2900	2.7481215e-06
2901	2.7523894e-06
2902	2.7567106e-06
2903	2.7609078e-06
2904	2.7651522e-06
2905	2.7694935e-06
2906	2.7738193e-06
2907	2.7781265e-06
2908	2.782423e-06
2909	2.7867798e-06
2910	2.7910599e-06
2911	2.7357319e-06
2912	2.7011701e-06
2913	2.6922631e-06
2914	2.6859841e-06
2915	2.6813258e-06
2916	2.6782894e-06
2917	2.6772195e-06
2918	2.677776e-06
2919	2.6794179e-06
2920	2.6819328e-06
2921	2.6849982e-06
2922	2.6885437e-06
2923	2.6923507e-06
2924	2.6962811e-06
2925	2.7003272e-06
2926	2.7045363e-06
2927	2.7088037e-06
2928	2.7130845e-06
2929	2.717384e-06
2930	2.7216556e-06
2931	2.7258696e-06
2932	2.7298931e-06
2933	2.7339105e-06
2934	2.7378559e-06
2935	2.7417671e-06
2936	2.7456524e-06
2937	2.6885514e-06
2938	2.6535455e-06
2939	2.6441786e-06
2940	2.6374581e-06
2941	2.6323308e-06
2942	2.6288979e-06
2943	2.6272718e-06
2944	2.6275056e-06
2945	2.6288806e-06
2946	2.6311416e-06
2947	2.6339829e-06
2948	2.6373006e-06
2949	2.6408731e-06
2950	2.6446112e-06
2951	2.6484003e-06
2952	2.6523419e-06
2953	2.6563633e-06
2954	2.6603088e-06
2955	2.6642566e-06
2956	2.6681341e-06
2957	2.6720056e-06
2958	2.675857e-06
2959	2.6796464e-06
2960	2.6833631e-06
2961	2.687029e-06
2962	2.6906209e-06
2963	2.6325454e-06
2964	2.6004997e-06
2965	2.5908676e-06
2966	2.5837479e-06
2967	2.5781254e-06
2968	2.5741022e-06
2969	2.5718214e-06
2970	2.5715482e-06
2971	2.5727138e-06
2972	2.5748472e-06
2973	2.5775864e-06
2974	2.5808009e-06
2975	2.5842683e-06
2976	2.5878787e-06
2977	2.5915986e-06
2978	2.5954585e-06
2979	2.5993629e-06
2980	2.6032727e-06
2981	2.6072364e-06
2982	2.6111631e-06
2983	2.615102e-06
2984	2.6189737e-06
2985	2.6227925e-06
2986	2.6265316e-06
2987	2.6301894e-06
2988	2.6338256e-06
2989	2.5750839e-06
2990	2.5459805e-06
2991	2.5360932e-06
2992	2.528509e-06
2993	2.5224625e-06
2994	2.5179954e-06
2995	2.5153024e-06
2996	2.5145308e-06
2997	2.5154648e-06
2998	2.5174806e-06
2999	2.5201592e-06
3000	2.5233317e-06
3001	2.5268762e-06
3002	2.5306722e-06
3003	2.5346679e-06
3004	2.5387842e-06
3005	2.5429879e-06
3006	2.5472458e-06
3007	2.5515605e-06
3008	2.5559305e-06
3009	2.56036e-06
3010	2.5647865e-06
3011	2.5692112e-06
3012	2.5735331e-06
3013	2.5775126e-06
3014	2.5806157e-06
3015	2.5835192e-06
3016	2.5229967e-06
3017	2.492723e-06
3018	2.482334e-06
3019	2.4743608e-06
3020	2.4679914e-06
3021	2.4632543e-06
3022	2.4602159e-06
3023	2.4590031e-06
3024	2.4598127e-06
3025	2.4617625e-06
3026	2.4643892e-06
3027	2.4675899e-06
3028	2.4710804e-06
3029	2.4747478e-06
3030	2.4785849e-06
3031	2.4825332e-06
3032	2.4865834e-06
3033	2.4906398e-06
3034	2.4947371e-06
3035	2.4988245e-06
3036	2.5028894e-06
3037	2.5069229e-06
3038	2.5109095e-06
3039	2.5148467e-06
3040	2.5187326e-06
3041	2.5221111e-06
3042	2.5247006e-06
3043	2.5272856e-06
3044	2.4644815e-06
3045	2.4346235e-06
3046	2.4240886e-06
3047	2.4157439e-06
3048	2.4091602e-06
3049	2.4041632e-06
3050	2.4008516e-06
3051	2.3992111e-06
3052	2.3994774e-06
3053	2.4010643e-06
3054	2.4033869e-06
3055	2.4062368e-06
3056	2.4093986e-06
3057	2.4127205e-06
3058	2.4162113e-06
3059	2.4197985e-06
3060	2.4235498e-06
3061	2.42725e-06
3062	2.4309296e-06
3063	2.4345561e-06
3064	2.4380048e-06
3065	2.441648e-06
3066	2.4452927e-06
3067	2.4488582e-06
3068	2.4523659e-06
3069	2.4557831e-06
3070	2.459122e-06
3071	2.4623696e-06
3072	2.3988035e-06
3073	2.3729559e-06
3074	2.3624673e-06
3075	2.3543032e-06
3076	2.3475435e-06
3077	2.3421895e-06
3078	2.338335e-06
3079	2.3360793e-06
3080	2.3356737e-06
3081	2.3369273e-06
3082	2.3390598e-06
3083	2.3417578e-06
3084	2.3448694e-06
3085	2.348207e-06
3086	2.3517046e-06
3087	2.3552845e-06
3088	2.3589171e-06
3089	2.3625649e-06
3090	2.3662488e-06
3091	2.3699775e-06
3092	2.3737071e-06
3093	2.3774306e-06
3094	2.3811097e-06
3095	2.3847205e-06
3096	2.3882666e-06
3097	2.3917452e-06
3098	2.3951063e-06
3099	2.3983678e-06
3100	2.4015127e-06
3101	2.336398e-06
3102	2.3114427e-06
3103	2.3008177e-06
3104	2.2925199e-06
3105	2.2855705e-06
3106	2.2800129e-06
3107	2.2758712e-06
3108	2.2732117e-06
3109	2.2723644e-06
3110	2.273247e-06
3111	2.2752177e-06
3112	2.2778316e-06
3113	2.2809175e-06
3114	2.2842453e-06
3115	2.2877007e-06
3116	2.2911913e-06
3117	2.2947424e-06
3118	2.2983275e-06
3119	2.3019647e-06
3120	2.3056167e-06
3121	2.3092626e-06
3122	2.3129434e-06
3123	2.3165495e-06
3124	2.3201237e-06
3125	2.3236559e-06
3126	2.3271556e-06
3127	2.3305755e-06
3128	2.3338924e-06
3129	2.3370991e-06
3130	2.2714013e-06
3131	2.2488844e-06
3132	2.2380784e-06
3133	2.2294624e-06
3134	2.2221728e-06
3135	2.2161548e-06
3136	2.2116617e-06
3137	2.2086026e-06
3138	2.2072158e-06
3139	2.2076147e-06
3140	2.2093893e-06
3141	2.2118963e-06
3142	2.2149713e-06
3143	2.2183079e-06
3144	2.2218542e-06
3145	2.2255581e-06
3146	2.2293374e-06
3147	2.2331878e-06
3148	2.2370708e-06
3149	2.2409907e-06
3150	2.244929e-06
3151	2.2488438e-06
3152	2.2527508e-06
3153	2.2566303e-06
3154	2.2604453e-06
3155	2.2641981e-06
3156	2.2678342e-06
3157	2.2713394e-06
3158	2.2745144e-06
3159	2.2776343e-06
3160	2.210019e-06
3161	2.1873025e-06
3162	2.1764586e-06
3163	2.1677083e-06
3164	2.1603032e-06
3165	2.1542551e-06
3166	2.1497561e-06
3167	2.1466443e-06
3168	2.1451604e-06
3169	2.1453703e-06
3170	2.1471328e-06
3171	2.1496285e-06
3172	2.1526958e-06
3173	2.1561107e-06
3174	2.1597256e-06
3175	2.1634573e-06
3176	2.1672584e-06
3177	2.1710634e-06
3178	2.1748844e-06
3179	2.1786885e-06
3180	2.1825001e-06
3181	2.1863088e-06
3182	2.1900825e-06
3183	2.1938311e-06
3184	2.1976189e-06
3185	2.2015641e-06
3186	2.2055735e-06
3187	2.2095779e-06
3188	2.2135607e-06
3189	2.2174646e-06
3190	2.2212774e-06
3191	2.1530501e-06
3192	2.1304721e-06
3193	2.1205432e-06
3194	2.1127842e-06
3195	2.1062145e-06
3196	2.1008574e-06
3197	2.0968204e-06
3198	2.0941141e-06
3199	2.092803e-06
3200	2.092927e-06
3201	2.0937044e-06
3202	2.0945193e-06
3203	2.0955033e-06
3204	2.0972285e-06
3205	2.099932e-06
3206	2.1029794e-06
3207	2.1060777e-06
3208	2.1093487e-06
3209	2.1128414e-06
3210	2.1164106e-06
3211	2.1200862e-06
3212	2.1237783e-06
3213	2.1274375e-06
3214	2.1311394e-06
3215	2.1348458e-06
3216	2.1384274e-06
3217	2.141971e-06
3218	2.1454127e-06
3219	2.1487873e-06
3220	2.1520898e-06
3221	2.1553083e-06
3222	2.0865521e-06
3223	2.0661423e-06
3224	2.0554646e-06
3225	2.046786e-06
3226	2.0390742e-06
3227	2.0326399e-06
3228	2.0276762e-06
3229	2.0241116e-06
3230	2.0219758e-06
3231	2.0208196e-06
3232	2.0212298e-06
3233	2.0229587e-06
3234	2.0255604e-06
3235	2.0286327e-06
3236	2.0320094e-06
3237	2.0355801e-06
3238	2.0392733e-06
3239	2.043057e-06
3240	2.0468742e-06
3241	2.0507012e-06
3242	2.054533e-06
3243	2.0583394e-06
3244	2.0621942e-06
3245	2.0659645e-06
3246	2.0696536e-06
3247	2.0733695e-06
3248	2.0769495e-06
3249	2.0804599e-06
3250	2.0838677e-06
3251	2.0871888e-06
3252	2.0904061e-06
3253	2.0935586e-06
3254	2.0239469e-06
3255	2.0044127e-06
3256	1.9937595e-06
3257	1.9852764e-06
3258	1.9777046e-06
3259	1.9711002e-06
3260	1.9657156e-06
3261	1.96163e-06
3262	1.9589438e-06
3263	1.9576847e-06
3264	1.9579791e-06
3265	1.9596171e-06
3266	1.9622062e-06
3267	1.9653387e-06
3268	1.9686871e-06
3269	1.9722148e-06
3270	1.9758196e-06
3271	1.9795112e-06
3272	1.9833154e-06
3273	1.9872337e-06
3274	1.9911558e-06
3275	1.9951124e-06
3276	1.9992532e-06
3277	2.0034556e-06
3278	2.0076195e-06
3279	2.011753e-06
3280	2.0154981e-06
3281	2.0191134e-06
3282	2.022742e-06
3283	2.0262279e-06
3284	2.0295786e-06
3285	2.0329374e-06
3286	2.0361512e-06
3287	1.96633e-06
3288	1.9475864e-06
3289	1.9372904e-06
3290	1.9289037e-06
3291	1.9213227e-06
3292	1.9145514e-06
3293	1.9088035e-06
3294	1.9042516e-06
3295	1.9009484e-06
3296	1.8990834e-06
3297	1.8982646e-06
3298	1.8987676e-06
3299	1.9002398e-06
3300	1.902514e-06
3301	1.9053264e-06
3302	1.9084301e-06
3303	1.9117034e-06
3304	1.9150782e-06
3305	1.9185247e-06
3306	1.9220346e-06
3307	1.9256255e-06
3308	1.9292847e-06
3309	1.9329898e-06
3310	1.9363795e-06
3311	1.9399564e-06
3312	1.9434773e-06
3313	1.9469956e-06
3314	1.9504517e-06
3315	1.9538567e-06
3316	1.9571669e-06
3317	1.9604862e-06
3318	1.9637223e-06
3319	1.9668124e-06
3320	1.9698007e-06
3321	1.8994318e-06
3322	1.8820845e-06
3323	1.871514e-06
3324	1.8627329e-06
3325	1.8547351e-06
3326	1.8475548e-06
3327	1.8414638e-06
3328	1.8366491e-06
3329	1.8329905e-06
3330	1.8306351e-06
3331	1.8297219e-06
3332	1.8302637e-06
3333	1.8319986e-06
3334	1.8345461e-06
3335	1.8375235e-06
3336	1.8407202e-06
3337	1.8441351e-06
3338	1.8476845e-06
3339	1.8512378e-06
3340	1.8548291e-06
3341	1.8584846e-06
3342	1.8621347e-06
3343	1.865785e-06
3344	1.8693899e-06
3345	1.8729711e-06
3346	1.8765882e-06
3347	1.8801849e-06
3348	1.8837468e-06
3349	1.8872688e-06
3350	1.890732e-06
3351	1.8941158e-06
3352	1.897413e-06
3353	1.9006039e-06
3354	1.9036923e-06
3355	1.9066797e-06
3356	1.8359862e-06
3357	1.8216051e-06
3358	1.8110417e-06
3359	1.8023105e-06
3360	1.7940184e-06
3361	1.7862383e-06
3362	1.7796492e-06
3363	1.7743368e-06
3364	1.7701834e-06
3365	1.7672642e-06
3366	1.7657577e-06
3367	1.7658008e-06
3368	1.7671454e-06
3369	1.7696134e-06
3370	1.7725795e-06
3371	1.7758538e-06
3372	1.7793273e-06
3373	1.78292e-06
3374	1.7866538e-06
3375	1.7903326e-06
3376	1.7940321e-06
3377	1.7979433e-06
3378	1.8020039e-06
3379	1.8060298e-06
3380	1.8099345e-06
3381	1.8138063e-06
3382	1.8173197e-06
3383	1.8204869e-06
3384	1.823584e-06
3385	1.8266186e-06
3386	1.8296455e-06
3387	1.8323465e-06
3388	1.8349571e-06
3389	1.837667e-06
3390	1.8404725e-06
3391	1.8432562e-06
3392	1.7719747e-06
3393	1.7606542e-06
3394	1.7503375e-06
3395	1.7414462e-06
3396	1.7331481e-06
3397	1.7254507e-06
3398	1.7186433e-06
3399	1.7129658e-06
3400	1.7082829e-06
3401	1.7047336e-06
3402	1.7027122e-06
3403	1.7024432e-06
3404	1.7032127e-06
3405	1.7051154e-06
3406	1.7076566e-06
3407	1.7105343e-06
3408	1.7136464e-06
3409	1.716936e-06
3410	1.7203035e-06
3411	1.7237297e-06
3412	1.7271684e-06
3413	1.7306394e-06
3414	1.7342413e-06
3415	1.7379015e-06
3416	1.7415774e-06
3417	1.7450819e-06
3418	1.7485697e-06
3419	1.7522891e-06
3420	1.7559457e-06
3421	1.7595209e-06
3422	1.7630488e-06
3423	1.766522e-06
3424	1.7699357e-06
3425	1.7730906e-06
3426	1.7757245e-06
3427	1.7784965e-06
3428	1.7814639e-06
3429	1.7104241e-06
3430	1.7022184e-06
3431	1.6919539e-06
3432	1.6833101e-06
3433	1.6749817e-06
3434	1.6671443e-06
3435	1.6601479e-06
3436	1.6541778e-06
3437	1.6492898e-06
3438	1.6454066e-06
3439	1.6426803e-06
3440	1.6411751e-06
3441	1.6410196e-06
3442	1.6426874e-06
3443	1.6454858e-06
3444	1.6486596e-06
3445	1.651733e-06
3446	1.6548719e-06
3447	1.6580817e-06
3448	1.6613282e-06
3449	1.6646246e-06
3450	1.6673519e-06
3451	1.6707107e-06
3452	1.6742419e-06
3453	1.6777924e-06
3454	1.6813904e-06
3455	1.6849997e-06
3456	1.6886419e-06
3457	1.6923999e-06
3458	1.696706e-06
3459	1.6995119e-06
3460	1.702556e-06
3461	1.7056219e-06
3462	1.7087004e-06
3463	1.7117447e-06
3464	1.7138234e-06
3465	1.7167322e-06
3466	1.7196258e-06
3467	1.6486139e-06
3468	1.6430798e-06
3469	1.6322548e-06
3470	1.6232224e-06
3471	1.6145283e-06
3472	1.6065186e-06
3473	1.5992585e-06
3474	1.592861e-06
3475	1.5875137e-06
3476	1.5830984e-06
3477	1.579835e-06
3478	1.5777358e-06
3479	1.577017e-06
3480	1.5776946e-06
3481	1.5794792e-06
3482	1.5817961e-06
3483	1.5844359e-06
3484	1.5873141e-06
3485	1.5903948e-06
3486	1.5935631e-06
3487	1.5968362e-06
3488	1.6001283e-06
3489	1.6034245e-06
3490	1.6067266e-06
3491	1.6100807e-06
3492	1.6135427e-06
3493	1.617039e-06
3494	1.6205331e-06
3495	1.6240346e-06
3496	1.6274832e-06
3497	1.6309113e-06
3498	1.634332e-06
3499	1.63776e-06
3500	1.6411531e-06
3501	1.6444565e-06
3502	1.6476582e-06
3503	1.6507971e-06
3504	1.6532288e-06
3505	1.6556907e-06
3506	1.5845226e-06
3507	1.5815738e-06
3508	1.570377e-06
3509	1.5612133e-06
3510	1.5526051e-06
3511	1.5445226e-06
3512	1.5369972e-06
3513	1.5301049e-06
3514	1.5240933e-06
3515	1.5192053e-06
3516	1.5154341e-06
3517	1.5127238e-06
3518	1.5112928e-06
3519	1.5113786e-06
3520	1.5128014e-06
3521	1.514824e-06
3522	1.5172201e-06
3523	1.5199528e-06
3524	1.5229473e-06
3525	1.5260614e-06
3526	1.5292428e-06
3527	1.5324338e-06
3528	1.5356288e-06
3529	1.5388737e-06
3530	1.542131e-06
3531	1.545383e-06
3532	1.5486923e-06
3533	1.5521099e-06
3534	1.555553e-06
3535	1.5590449e-06
3536	1.5625472e-06
3537	1.5660593e-06
3538	1.569576e-06
3539	1.5731075e-06
3540	1.576629e-06
3541	1.5800768e-06
3542	1.5833921e-06
3543	1.586612e-06
3544	1.5896821e-06
3545	1.5927262e-06
3546	1.5215875e-06
3547	1.5214366e-06
3548	1.5100777e-06
3549	1.5004405e-06
3550	1.4914987e-06
3551	1.483042e-06
3552	1.4751831e-06
3553	1.4678713e-06
3554	1.4614417e-06
3555	1.4558524e-06
3556	1.4515141e-06
3557	1.4481537e-06
3558	1.4459663e-06
3559	1.4452684e-06
3560	1.44608e-06
3561	1.4478e-06
3562	1.4499275e-06
3563	1.4523408e-06
3564	1.4550673e-06
3565	1.4579884e-06
3566	1.4610533e-06
3567	1.4640976e-06
3568	1.4671608e-06
3569	1.4702181e-06
3570	1.4733193e-06
3571	1.4764492e-06
3572	1.4795937e-06
3573	1.482816e-06
3574	1.4861177e-06
3575	1.4894879e-06
3576	1.4929173e-06
3577	1.4963241e-06
3578	1.4995957e-06
3579	1.5031091e-06
3580	1.5066552e-06
3581	1.5101504e-06
3582	1.5135659e-06
3583	1.5169135e-06
3584	1.5201917e-06
3585	1.5233289e-06
3586	1.5263661e-06
3587	1.4551993e-06
3588	1.4572402e-06
3589	1.4457116e-06
3590	1.435862e-06
3591	1.4265989e-06
3592	1.4178389e-06
3593	1.4097418e-06
3594	1.4021176e-06
3595	1.3950463e-06
3596	1.3888244e-06
3597	1.3836633e-06
3598	1.3796303e-06
3599	1.3768339e-06
3600	1.375365e-06
3601	1.3755648e-06
3602	1.3768322e-06
3603	1.3786869e-06
3604	1.3809073e-06
3605	1.3834284e-06
3606	1.3860463e-06
3607	1.388853e-06
3608	1.391745e-06
3609	1.3947869e-06
3610	1.3978006e-06
3611	1.4008502e-06
3612	1.4039408e-06
3613	1.4070943e-06
3614	1.4103862e-06
3615	1.4137742e-06
3616	1.417295e-06
3617	1.4207287e-06
3618	1.4243335e-06
3619	1.4280017e-06
3620	1.4317192e-06
3621	1.4356206e-06
3622	1.4395573e-06
3623	1.4436061e-06
3624	1.4475802e-06
3625	1.4514263e-06
3626	1.45513e-06
3627	1.4585991e-06
3628	1.4618715e-06
3629	1.4647776e-06
3630	1.393425e-06
3631	1.3963329e-06
3632	1.3848888e-06
3633	1.374815e-06
3634	1.3652682e-06
3635	1.3563928e-06
3636	1.3478859e-06
3637	1.3398134e-06
3638	1.3322453e-06
3639	1.3253887e-06
3640	1.319514e-06
3641	1.3146915e-06
3642	1.3110233e-06
3643	1.3085432e-06
3644	1.3074838e-06
3645	1.3079032e-06
3646	1.3090928e-06
3647	1.3107126e-06
3648	1.3126929e-06
3649	1.3148439e-06
3650	1.3168245e-06
3651	1.3188451e-06
3652	1.3210354e-06
3653	1.3235824e-06
3654	1.3262532e-06
3655	1.3290742e-06
3656	1.3320188e-06
3657	1.3350474e-06
3658	1.3378848e-06
3659	1.3411767e-06
3660	1.3444915e-06
3661	1.3481224e-06
3662	1.3518817e-06
3663	1.3557321e-06
3664	1.3595892e-06
3665	1.3634635e-06
3666	1.3674643e-06
3667	1.3713826e-06
3668	1.3751881e-06
3669	1.3788686e-06
3670	1.3824127e-06
3671	1.3858253e-06
3672	1.3890812e-06
3673	1.3921617e-06
3674	1.321334e-06
3675	1.328305e-06
3676	1.3163762e-06
3677	1.3060098e-06
3678	1.2962924e-06
3679	1.2870513e-06
3680	1.2779246e-06
3681	1.269145e-06
3682	1.2607088e-06
3683	1.2529862e-06
3684	1.2462575e-06
3685	1.2404888e-06
3686	1.2357927e-06
3687	1.2322821e-06
3688	1.2302115e-06
3689	1.2298515e-06
3690	1.2303809e-06
3691	1.2314474e-06
3692	1.2329006e-06
3693	1.2346693e-06
3694	1.236706e-06
3695	1.2389987e-06
3696	1.2415113e-06
3697	1.2442376e-06
3698	1.2470809e-06
3699	1.2500751e-06
3700	1.2531885e-06
3701	1.256447e-06
3702	1.2598909e-06
3703	1.2634786e-06
3704	1.2672459e-06
3705	1.2711361e-06
3706	1.2751338e-06
3707	1.2792825e-06
3708	1.2835091e-06
3709	1.2877908e-06
3710	1.2921239e-06
3711	1.2964946e-06
3712	1.3008174e-06
3713	1.3050345e-06
3714	1.3091411e-06
3715	1.3132572e-06
3716	1.3172258e-06
3717	1.3210095e-06
3718	1.3245727e-06
3719	1.3278927e-06
3720	1.2558551e-06
3721	1.265524e-06
3722	1.2537174e-06
3723	1.2428596e-06
3724	1.2324968e-06
3725	1.222599e-06
3726	1.2130046e-06
3727	1.2036355e-06
3728	1.1948452e-06
3729	1.1866599e-06
3730	1.1791872e-06
3731	1.1725795e-06
3732	1.166977e-06
3733	1.1624067e-06
3734	1.1592029e-06
3735	1.1578426e-06
3736	1.157602e-06
3737	1.1580319e-06
3738	1.15902e-06
3739	1.1604715e-06
3740	1.1622332e-06
3741	1.1642617e-06
3742	1.1665857e-06
3743	1.1691092e-06
3744	1.1717571e-06
3745	1.174523e-06
3746	1.1772353e-06
3747	1.1798207e-06
3748	1.1826978e-06
3749	1.1859479e-06
3750	1.1895061e-06
3751	1.1932914e-06
3752	1.1972457e-06
3753	1.2014167e-06
3754	1.2057443e-06
3755	1.2101689e-06
3756	1.2146939e-06
3757	1.2192652e-06
3758	1.2238427e-06
3759	1.2283382e-06
3760	1.2327206e-06
3761	1.236954e-06
3762	1.2410129e-06
3763	1.2448937e-06
3764	1.2485205e-06
3765	1.2518461e-06
3766	1.2548906e-06
3767	1.1819246e-06
3768	1.1947331e-06
3769	1.1825389e-06
3770	1.1712744e-06
3771	1.1606454e-06
3772	1.1503529e-06
3773	1.1404646e-06
3774	1.1309005e-06
3775	1.1216853e-06
3776	1.1127927e-06
3777	1.1045255e-06
3778	1.0970177e-06
3779	1.0904042e-06
3780	1.0846469e-06
3781	1.0802303e-06
3782	1.0778963e-06
3783	1.0769961e-06
3784	1.0768494e-06
3785	1.0771577e-06
3786	1.077744e-06
3787	1.078695e-06
3788	1.0801215e-06
3789	1.0818668e-06
3790	1.0838411e-06
3791	1.0861007e-06
3792	1.0885828e-06
3793	1.0912099e-06
3794	1.0940763e-06
3795	1.0971969e-06
3796	1.1006362e-06
3797	1.1043588e-06
3798	1.1084763e-06
3799	1.1128435e-06
3800	1.1174864e-06
3801	1.1222886e-06
3802	1.1272497e-06
3803	1.132332e-06
3804	1.1374453e-06
3805	1.1425036e-06
3806	1.1474698e-06
3807	1.1523123e-06
3808	1.1569904e-06
3809	1.1614679e-06
3810	1.1657095e-06
3811	1.169678e-06
3812	1.1733973e-06
3813	1.1768035e-06
3814	1.1798776e-06
3815	1.1826231e-06
3816	1.1078578e-06
3817	1.1232805e-06
3818	1.1107842e-06
3819	1.099349e-06
3820	1.0883128e-06
3821	1.0775333e-06
3822	1.0668384e-06
3823	1.0564115e-06
3824	1.0466029e-06
3825	1.0370902e-06
3826	1.0280989e-06
3827	1.0196665e-06
3828	1.012253e-06
3829	1.0057735e-06
3830	1.00034e-06
3831	9.9644512e-07
3832	9.9436694e-07
3833	9.9333512e-07
3834	9.9299157e-07
3835	9.9301615e-07
3836	9.9347301e-07
3837	9.9430226e-07
3838	9.9544192e-07
3839	9.9680138e-07
3840	9.9831129e-07
3841	1.0002964e-06
3842	1.0027389e-06
3843	1.0055605e-06
3844	1.0087544e-06
3845	1.0122492e-06
3846	1.0160843e-06
3847	1.0204109e-06
3848	1.0250894e-06
3849	1.0300381e-06
3850	1.0352363e-06
3851	1.0405501e-06
3852	1.0459664e-06
3853	1.0514656e-06
3854	1.0569893e-06
3855	1.0624454e-06
3856	1.067732e-06
3857	1.0728481e-06
3858	1.0777645e-06
3859	1.0824619e-06
3860	1.086878e-06
3861	1.0909607e-06
3862	1.094738e-06
3863	1.0982028e-06
3864	1.1013419e-06
3865	1.1041257e-06
3866	1.1065559e-06
3867	1.0300641e-06
3868	1.0479802e-06
3869	1.035625e-06
3870	1.023709e-06
3871	1.0120404e-06
3872	1.0006593e-06
3873	9.8957115e-07
3874	9.7874255e-07
3875	9.6807615e-07
3876	9.579412e-07
3877	9.4863512e-07
3878	9.4012599e-07
3879	9.3231338e-07
3880	9.2526941e-07
3881	9.192797e-07
3882	9.1464694e-07
3883	9.118364e-07
3884	9.104634e-07
3885	9.0972903e-07
3886	9.0945826e-07
3887	9.0940317e-07
3888	9.0962438e-07
3889	9.1020995e-07
3890	9.1090293e-07
3891	9.1164976e-07
3892	9.1247818e-07
3893	9.139545e-07
3894	9.1597832e-07
3895	9.1858623e-07
3896	9.2178005e-07
3897	9.2558138e-07
3898	9.2997027e-07
3899	9.3484652e-07
3900	9.4016635e-07
3901	9.4574492e-07
3902	9.5163001e-07
3903	9.5769875e-07
3904	9.6384623e-07
3905	9.6997733e-07
3906	9.76035e-07
3907	9.8195979e-07
3908	9.8770669e-07
3909	9.9322494e-07
3910	9.9845629e-07
3911	1.0033501e-06
3912	1.0078525e-06
3913	1.0119857e-06
3914	1.015761e-06
3915	1.019172e-06
3916	1.0222476e-06
3917	1.0250047e-06
3918	1.0274445e-06
3919	1.0295585e-06
3920	9.5087292e-07
3921	9.7386803e-07
3922	9.6124803e-07
3923	9.492165e-07
3924	9.3741654e-07
3925	9.2585653e-07
3926	9.1444217e-07
3927	9.0335351e-07
3928	8.9285112e-07
3929	8.8270951e-07
3930	8.7308334e-07
3931	8.6433651e-07
3932	8.5647187e-07
3933	8.4945978e-07
3934	8.4351784e-07
3935	8.3874386e-07
3936	8.3532199e-07
3937	8.3334149e-07
3938	8.3194473e-07
3939	8.3111901e-07
3940	8.3056975e-07
3941	8.3030449e-07
3942	8.303967e-07
3943	8.3069806e-07
3944	8.3114683e-07
3945	8.3165866e-07
3946	8.3235016e-07
3947	8.3381941e-07
3948	8.3593457e-07
3949	8.3868968e-07
3950	8.4213253e-07
3951	8.4633292e-07
3952	8.5113008e-07
3953	8.5643833e-07
3954	8.6223919e-07
3955	8.6829929e-07
3956	8.7462349e-07
3957	8.811226e-07
3958	8.8770661e-07
3959	8.9434987e-07
3960	9.0088398e-07
3961	9.0727365e-07
3962	9.1344342e-07
3963	9.1932623e-07
3964	9.2488083e-07
3965	9.3009551e-07
3966	9.3490436e-07
3967	9.3909209e-07
3968	9.4294696e-07
3969	9.4649507e-07
3970	9.4965872e-07
3971	9.5242723e-07
3972	9.5483689e-07
3973	9.5688432e-07
3974	9.5861599e-07
3975	8.7710087e-07
3976	9.0398736e-07
3977	8.9170862e-07
3978	8.7960141e-07
3979	8.6775638e-07
3980	8.563242e-07
3981	8.4529318e-07
3982	8.3457373e-07
3983	8.2431881e-07
3984	8.1471738e-07
3985	8.0559372e-07
3986	7.9719923e-07
3987	7.8957699e-07
3988	7.825951e-07
3989	7.7635225e-07
3990	7.7104018e-07
3991	7.6694926e-07
3992	7.6441662e-07
3993	7.6300109e-07
3994	7.6195153e-07
3995	7.6105709e-07
3996	7.6042611e-07
3997	7.60003e-07
3998	7.5969056e-07
3999	7.5948035e-07
4000	7.5944558e-07
4001	7.5956242e-07
4002	7.6023783e-07
4003	7.6182368e-07
4004	7.64126e-07
4005	7.6741649e-07
4006	7.7142799e-07
4007	7.7615854e-07
4008	7.8142432e-07
4009	7.872352e-07
4010	7.934639e-07
4011	7.9996141e-07
4012	8.0671209e-07
4013	8.1364455e-07
4014	8.2057117e-07
4015	8.274226e-07
4016	8.3411939e-07
4017	8.4059982e-07
4018	8.4680864e-07
4019	8.5270388e-07
4020	8.582822e-07
4021	8.6348613e-07
4022	8.6825627e-07
4023	8.7261385e-07
4024	8.765451e-07
4025	8.8006365e-07
4026	8.831938e-07
4027	8.8592305e-07
4028	8.8823185e-07
4029	8.9015908e-07
4030	8.9174214e-07
4031	8.930232e-07
4032	8.9400604e-07
4033	8.1014629e-07
4034	8.4160915e-07
4035	8.2907778e-07
4036	8.1700955e-07
4037	8.0538048e-07
4038	7.9430754e-07
4039	7.8395435e-07
4040	7.7399997e-07
4041	7.6442279e-07
4042	7.5537219e-07
4043	7.4677136e-07
4044	7.3868703e-07
4045	7.3131408e-07
4046	7.2451117e-07
4047	7.1835517e-07
4048	7.1304036e-07
4049	7.0882027e-07
4050	7.0553481e-07
4051	7.03585e-07
4052	7.0253389e-07
4053	7.0162571e-07
4054	7.0066153e-07
4055	6.9982282e-07
4056	6.9904688e-07
4057	6.9838377e-07
4058	6.9781084e-07
4059	6.9741991e-07
4060	6.9732123e-07
4061	6.9814266e-07
4062	6.9978032e-07
4063	7.0238377e-07
4064	7.0582048e-07
4065	7.1008496e-07
4066	7.15106e-07
4067	7.2069995e-07
4068	7.2688363e-07
4069	7.3344649e-07
4070	7.4022272e-07
4071	7.471325e-07
4072	7.5420197e-07
4073	7.6121394e-07
4074	7.6815439e-07
4075	7.7476783e-07
4076	7.8104849e-07
4077	7.8715315e-07
4078	7.9291966e-07
4079	7.983107e-07
4080	8.032983e-07
4081	8.0785822e-07
4082	8.1200482e-07
4083	8.1575841e-07
4084	8.1912854e-07
4085	8.2212947e-07
4086	8.2476306e-07
4087	8.2702093e-07
4088	8.2888877e-07
4089	8.3039941e-07
4090	8.3154817e-07
4091	8.3240729e-07
4092	8.3299741e-07
4093	8.3334106e-07
4094	7.4740386e-07
4095	7.8519734e-07
4096	7.7318858e-07
4097	7.6183089e-07
4098	7.5105496e-07
4099	7.4071999e-07
4100	7.310677e-07
4101	7.2185234e-07
4102	7.1303371e-07
4103	7.0470297e-07
4104	6.966724e-07
4105	6.891735e-07
4106	6.8205807e-07
4107	6.7561251e-07
4108	6.6978734e-07
4109	6.6473751e-07
4110	6.6052414e-07
4111	6.5708103e-07
4112	6.5440794e-07
4113	6.5295809e-07
4114	6.5196423e-07
4115	6.5092091e-07
4116	6.4982159e-07
4117	6.4879625e-07
4118	6.4772577e-07
4119	6.4672915e-07
4120	6.4568124e-07
4121	6.4481346e-07
4122	6.4473601e-07
4123	6.4574618e-07
4124	6.4762108e-07
4125	6.5046208e-07
4126	6.5419941e-07
4127	6.5887147e-07
4128	6.641675e-07
4129	6.7003522e-07
4130	6.7640003e-07
4131	6.8314254e-07
4132	6.9008751e-07
4133	6.9712931e-07
4134	7.04199e-07
4135	7.1116797e-07
4136	7.1791716e-07
4137	7.2439833e-07
4138	7.3061205e-07
4139	7.3648295e-07
4140	7.4198368e-07
4141	7.470847e-07
4142	7.5177729e-07
4143	7.5603478e-07
4144	7.5989476e-07
4145	7.6334638e-07
4146	7.6639714e-07
4147	7.6911203e-07
4148	7.7155847e-07
4149	7.7365702e-07
4150	7.7536133e-07
4151	7.76667e-07
4152	7.7760773e-07
4153	7.7826555e-07
4154	7.7867908e-07
4155	7.7887799e-07
4156	7.7883258e-07
4157	6.9192321e-07
4158	7.3578131e-07
4159	7.2487162e-07
4160	7.1439295e-07
4161	7.0444199e-07
4162	6.9501443e-07
4163	6.8610599e-07
4164	6.7751036e-07
4165	6.6952763e-07
4166	6.6184139e-07
4167	6.5455263e-07
4168	6.4752326e-07
4169	6.4089079e-07
4170	6.3485655e-07
4171	6.2942277e-07
4172	6.2463463e-07
4173	6.2057702e-07
4174	6.1697069e-07
4175	6.138587e-07
4176	6.1137267e-07
4177	6.0981495e-07
4178	6.0857481e-07
4179	6.0718313e-07
4180	6.0575568e-07
4181	6.0439944e-07
4182	6.0310146e-07
4183	6.018474e-07
4184	6.0064477e-07
4185	5.9993311e-07
4186	6.0030053e-07
4187	6.0170741e-07
4188	6.0415308e-07
4189	6.075277e-07
4190	6.1179186e-07
4191	6.1681692e-07
4192	6.2240523e-07
4193	6.2851447e-07
4194	6.3510491e-07
4195	6.419791e-07
4196	6.4895521e-07
4197	6.5602962e-07
4198	6.6315302e-07
4199	6.7013228e-07
4200	6.7681915e-07
4201	6.8316972e-07
4202	6.8919285e-07
4203	6.9488516e-07
4204	7.0019247e-07
4205	7.0507622e-07
4206	7.0949427e-07
4207	7.1352983e-07
4208	7.1715708e-07
4209	7.2036857e-07
4210	7.2318189e-07
4211	7.2559047e-07
4212	7.2762845e-07
4213	7.2939431e-07
4214	7.3087135e-07
4215	7.32002e-07
4216	7.327743e-07
4217	7.3323765e-07
4218	7.3347574e-07
4219	7.334488e-07
4220	7.33212e-07
4221	7.3280572e-07
4222	7.3220039e-07
4223	7.3143878e-07
4224	6.4347869e-07
4225	6.9364999e-07
4226	6.8335413e-07
4227	6.7326315e-07
4228	6.6394871e-07
4229	6.5517383e-07
4230	6.4696692e-07
4231	6.3916794e-07
4232	6.3170396e-07
4233	6.2450756e-07
4234	6.1763658e-07
4235	6.1108593e-07
4236	6.0486706e-07
4237	5.9909134e-07
4238	5.9378459e-07
4239	5.8905523e-07
4240	5.8487565e-07
4241	5.8103817e-07
4242	5.7747481e-07
4243	5.7434432e-07
4244	5.7164669e-07
4245	5.6946311e-07
4246	5.6776917e-07
4247	5.662176e-07
4248	5.6471968e-07
4249	5.6321537e-07
4250	5.6154158e-07
4251	5.6002568e-07
4252	5.5888082e-07
4253	5.5859965e-07
4254	5.5944489e-07
4255	5.6140539e-07
4256	5.6439401e-07
4257	5.6821529e-07
4258	5.7298722e-07
4259	5.784061e-07
4260	5.8438801e-07
4261	5.9083712e-07
4262	5.9771887e-07
4263	6.0484222e-07
4264	6.1205886e-07
4265	6.1924719e-07
4266	6.2642741e-07
4267	6.3337625e-07
4268	6.400108e-07
4269	6.4629611e-07
4270	6.5221655e-07
4271	6.5775136e-07
4272	6.6286516e-07
4273	6.6751395e-07
4274	6.7172102e-07
4275	6.7549425e-07
4276	6.7887e-07
4277	6.818891e-07
4278	6.8454805e-07
4279	6.8684949e-07
4280	6.8881311e-07
4281	6.9053126e-07
4282	6.9198556e-07
4283	6.9314916e-07
4284	6.9406031e-07
4285	6.9471232e-07
4286	6.9509153e-07
4287	6.9515914e-07
4288	6.949419e-07
4289	6.9452403e-07
4290	6.9393143e-07
4291	6.9316863e-07
4292	6.9219323e-07
4293	6.9099042e-07
4294	6.0266359e-07
4295	6.5714412e-07
4296	6.471142e-07
4297	6.3781269e-07
4298	6.2912117e-07
4299	6.210537e-07
4300	6.1351015e-07
4301	6.062175e-07
4302	5.9932064e-07
4303	5.9259935e-07
4304	5.8610379e-07
4305	5.7979094e-07
4306	5.7378871e-07
4307	5.6816091e-07
4308	5.6299299e-07
4309	5.5820575e-07
4310	5.5388763e-07
4311	5.4996071e-07
4312	5.4627549e-07
4313	5.4279559e-07
4314	5.3948637e-07
4315	5.3644449e-07
4316	5.3364628e-07
4317	5.3109008e-07
4318	5.287528e-07
4319	5.2662828e-07
4320	5.2455861e-07
4321	5.2274475e-07
4322	5.2134472e-07
4323	5.207519e-07
4324	5.2146627e-07
4325	5.2327743e-07
4326	5.2622363e-07
4327	5.3003737e-07
4328	5.3470846e-07
4329	5.4021239e-07
4330	5.4617014e-07
4331	5.5260742e-07
4332	5.5943941e-07
4333	5.6649277e-07
4334	5.7365028e-07
4335	5.8082872e-07
4336	5.8796732e-07
4337	5.9490128e-07
4338	6.0156753e-07
4339	6.0788767e-07
4340	6.1386472e-07
4341	6.1950697e-07
4342	6.2475778e-07
4343	6.2952379e-07
4344	6.3383956e-07
4345	6.3774901e-07
4346	6.4127031e-07
4347	6.4452619e-07
4348	6.4740076e-07
4349	6.4983774e-07
4350	6.5193209e-07
4351	6.5365991e-07
4352	6.550253e-07
4353	6.5609156e-07
4354	6.5694541e-07
4355	6.5755574e-07
4356	6.5787831e-07
4357	6.5794859e-07
4358	6.5773892e-07
4359	6.5723495e-07
4360	6.5650165e-07
4361	6.5564042e-07
4362	6.5459634e-07
4363	6.5344379e-07
4364	6.5215255e-07
4365	6.5075335e-07
4366	6.4918119e-07
4367	6.474884e-07
4368	5.6166668e-07
4369	6.2259778e-07
4370	6.1342082e-07
4371	6.0463486e-07
4372	5.9654723e-07
4373	5.8903893e-07
4374	5.8180942e-07
4375	5.7502099e-07
4376	5.6856953e-07
4377	5.6222523e-07
4378	5.5611742e-07
4379	5.5018898e-07
4380	5.4458107e-07
4381	5.3924144e-07
4382	5.3421024e-07
4383	5.2946456e-07
4384	5.2489043e-07
4385	5.2053012e-07
4386	5.1629712e-07
4387	5.1230481e-07
4388	5.0842502e-07
4389	5.0466965e-07
4390	5.0108051e-07
4391	4.9751398e-07
4392	4.940871e-07
4393	4.9115255e-07
4394	4.8866701e-07
4395	4.8635284e-07
4396	4.8454583e-07
4397	4.836417e-07
4398	4.8378808e-07
4399	4.8510605e-07
4400	4.87627e-07
4401	4.910704e-07
4402	4.9539853e-07
4403	5.0065647e-07
4404	5.0655363e-07
4405	5.1291033e-07
4406	5.19929e-07
4407	5.2724585e-07
4408	5.3472334e-07
4409	5.4228889e-07
4410	5.4983778e-07
4411	5.572646e-07
4412	5.645021e-07
4413	5.7137349e-07
4414	5.7788203e-07
4415	5.840188e-07
4416	5.897633e-07
4417	5.9498918e-07
4418	5.9968373e-07
4419	6.0389424e-07
4420	6.0766319e-07
4421	6.1112062e-07
4422	6.1411409e-07
4423	6.1664135e-07
4424	6.1877391e-07
4425	6.2051732e-07
4426	6.2197764e-07
4427	6.2312104e-07
4428	6.2401868e-07
4429	6.2463315e-07
4430	6.2495295e-07
4431	6.2504761e-07
4432	6.2489924e-07
4433	6.2447762e-07
4434	6.2378973e-07
4435	6.2282594e-07
4436	6.2169303e-07
4437	6.2035737e-07
4438	6.1882925e-07
4439	6.1713638e-07
4440	6.1530532e-07
4441	6.1340631e-07
4442	6.1139636e-07
4443	6.0927416e-07
4444	6.0707017e-07
4445	6.0479617e-07
4446	5.2185525e-07
4447	5.8823269e-07
4448	5.7953079e-07
4449	5.7130669e-07
4450	5.6377141e-07
4451	5.5645699e-07
4452	5.4958261e-07
4453	5.4311298e-07
4454	5.3688528e-07
4455	5.3092601e-07
4456	5.2502201e-07
4457	5.1937815e-07
4458	5.1399012e-07
4459	5.0875389e-07
4460	5.0370476e-07
4461	4.9891361e-07
4462	4.9439082e-07
4463	4.8991545e-07
4464	4.855714e-07
4465	4.8122762e-07
4466	4.767715e-07
4467	4.7226779e-07
4468	4.6782255e-07
4469	4.6353264e-07
4470	4.5935006e-07
4471	4.5533159e-07
4472	4.51711e-07
4473	4.4855666e-07
4474	4.4601846e-07
4475	4.4440257e-07
4476	4.4396839e-07
4477	4.4483695e-07
4478	4.4699082e-07
4479	4.5009373e-07
4480	4.5420368e-07
4481	4.5925512e-07
4482	4.6508072e-07
4483	4.7156693e-07
4484	4.7865435e-07
4485	4.8623493e-07
4486	4.940743e-07
4487	5.0207927e-07
4488	5.1022702e-07
4489	5.1833931e-07
4490	5.2613622e-07
4491	5.3363079e-07
4492	5.4078277e-07
4493	5.475397e-07
4494	5.5390973e-07
4495	5.5970129e-07
4496	5.6491836e-07
4497	5.6960394e-07
4498	5.7379492e-07
4499	5.7757949e-07
4500	5.8089715e-07
4501	5.8369073e-07
4502	5.8600323e-07
4503	5.8788314e-07
4504	5.8933745e-07
4505	5.904147e-07
4506	5.9115736e-07
4507	5.9161548e-07
4508	5.9171901e-07
4509	5.9150593e-07
4510	5.9098196e-07
4511	5.9019208e-07
4512	5.8920578e-07
4513	5.8801859e-07
4514	5.8664786e-07
4515	5.8512933e-07
4516	5.8340076e-07
4517	5.814945e-07
4518	5.7946233e-07
4519	5.772886e-07
4520	5.7498631e-07
4521	5.7256211e-07
4522	5.7005424e-07
4523	5.6752071e-07
4524	5.6498251e-07
4525	5.6242349e-07
4526	5.5983976e-07
4527	4.8030607e-07
4528	5.5176667e-07
4529	5.4345376e-07
4530	5.3555909e-07
4531	5.283713e-07
4532	5.2144599e-07
4533	5.1487001e-07
4534	5.0858923e-07
4535	5.026889e-07
4536	4.9697864e-07
4537	4.9130122e-07
4538	4.8585308e-07
4539	4.8052827e-07
4540	4.7533524e-07
4541	4.7033267e-07
4542	4.6561271e-07
4543	4.6112478e-07
4544	4.5658974e-07
4545	4.5216993e-07
4546	4.4765408e-07
4547	4.4302473e-07
4548	4.3820045e-07
4549	4.3320206e-07
4550	4.2823638e-07
4551	4.232241e-07
4552	4.182649e-07
4553	4.135614e-07
4554	4.0927191e-07
4555	4.0559674e-07
4556	4.0288838e-07
4557	4.015063e-07
4558	4.014832e-07
4559	4.0287027e-07
4560	4.0556927e-07
4561	4.0927312e-07
4562	4.1410813e-07
4563	4.1993392e-07
4564	4.2639944e-07
4565	4.3364654e-07
4566	4.4153443e-07
4567	4.4986531e-07
4568	4.5843851e-07
4569	4.6720624e-07
4570	4.7614772e-07
4571	4.8485126e-07
4572	4.9319633e-07
4573	5.0115235e-07
4574	5.0865908e-07
4575	5.1568191e-07
4576	5.2212979e-07
4577	5.2788529e-07
4578	5.3311461e-07
4579	5.3783864e-07
4580	5.4206052e-07
4581	5.4568979e-07
4582	5.4868905e-07
4583	5.5115521e-07
4584	5.5311852e-07
4585	5.5456042e-07
4586	5.5558981e-07
4587	5.5626099e-07
4588	5.5657005e-07
4589	5.5648596e-07
4590	5.5604709e-07
4591	5.5529574e-07
4592	5.5421715e-07
4593	5.5285882e-07
4594	5.5130183e-07
4595	5.4949976e-07
4596	5.4753495e-07
4597	5.4538554e-07
4598	5.4309429e-07
4599	5.4064621e-07
4600	5.3808487e-07
4601	5.3543768e-07
4602	5.3267201e-07
4603	5.2980281e-07
4604	5.2685381e-07
4605	5.2387634e-07
4606	5.208479e-07
4607	5.1779862e-07
4608	5.147946e-07
4609	5.1186444e-07
4610	5.0898172e-07
4611	4.344885e-07
4612	5.1311447e-07
4613	5.0485594e-07
4614	4.972378e-07
4615	4.9035802e-07
4616	4.8372605e-07
4617	4.7748853e-07
4618	4.7161405e-07
4619	4.6613087e-07
4620	4.6081639e-07
4621	4.5553845e-07
4622	4.5033871e-07
4623	4.4542727e-07
4624	4.4068309e-07
4625	4.360985e-07
4626	4.3155701e-07
4627	4.2711876e-07
4628	4.2262063e-07
4629	4.1823787e-07
4630	4.1378918e-07
4631	4.0905332e-07
4632	4.0420059e-07
4633	3.9902441e-07
4634	3.9355743e-07
4635	3.8798476e-07
4636	3.823317e-07
4637	3.7668378e-07
4638	3.7122844e-07
4639	3.6627985e-07
4640	3.6221708e-07
4641	3.5966581e-07
4642	3.5870663e-07
4643	3.5922079e-07
4644	3.6138941e-07
4645	3.6471577e-07
4646	3.6921605e-07
4647	3.7506152e-07
4648	3.8176441e-07
4649	3.8929831e-07
4650	3.9772172e-07
4651	4.0667589e-07
4652	4.1605363e-07
4653	4.2558085e-07
4654	4.3527164e-07
4655	4.4488001e-07
4656	4.540556e-07
4657	4.6278812e-07
4658	4.7098984e-07
4659	4.786992e-07
4660	4.8577903e-07
4661	4.9205981e-07
4662	4.9768614e-07
4663	5.0268012e-07
4664	5.0708759e-07
4665	5.1074046e-07
4666	5.1374895e-07
4667	5.1612973e-07
4668	5.1798317e-07
4669	5.1936541e-07
4670	5.2031507e-07
4671	5.2085555e-07
4672	5.2095317e-07
4673	5.2059997e-07
4674	5.198798e-07
4675	5.1879824e-07
4676	5.1736749e-07
4677	5.1564288e-07
4678	5.1365622e-07
4679	5.1146723e-07
4680	5.09071e-07
4681	5.0645964e-07
4682	5.0369849e-07
4683	5.0079974e-07
4684	4.9780907e-07
4685	4.9477919e-07
4686	4.9168831e-07
4687	4.8856132e-07
4688	4.8541217e-07
4689	4.8230944e-07
4690	4.7922519e-07
4691	4.761303e-07
4692	4.7305727e-07
4693	4.6998361e-07
4694	4.6690946e-07
4695	4.6383684e-07
4696	4.6074556e-07
4697	4.5763789e-07
4698	4.5453893e-07
4699	3.9032303e-07
4700	4.8031465e-07
4701	4.7221598e-07
4702	4.6502026e-07
4703	4.5839041e-07
4704	4.5232243e-07
4705	4.4682318e-07
4706	4.4183897e-07
4707	4.3724029e-07
4708	4.3281083e-07
4709	4.2834627e-07
4710	4.2398737e-07
4711	4.1971805e-07
4712	4.1571605e-07
4713	4.1188641e-07
4714	4.0800466e-07
4715	4.0421578e-07
4716	4.0044755e-07
4717	3.9675909e-07
4718	3.9295476e-07
4719	3.8860522e-07
4720	3.8391797e-07
4721	3.7890244e-07
4722	3.7325695e-07
4723	3.6708418e-07
4724	3.6058068e-07
4725	3.539126e-07
4726	3.4721143e-07
4727	3.4072212e-07
4728	3.3478205e-07
4729	3.3002088e-07
4730	3.2707261e-07
4731	3.2597307e-07
4732	3.2664113e-07
4733	3.2905985e-07
4734	3.3284197e-07
4735	3.3803581e-07
4736	3.4444395e-07
4737	3.5180399e-07
4738	3.6011816e-07
4739	3.6917431e-07
4740	3.7875254e-07
4741	3.8862503e-07
4742	3.9872652e-07
4743	4.0880598e-07
4744	4.1845575e-07
4745	4.2769403e-07
4746	4.3638466e-07
4747	4.445312e-07
4748	4.5192994e-07
4749	4.5852138e-07
4750	4.644287e-07
4751	4.6967997e-07
4752	4.7438885e-07
4753	4.7838109e-07
4754	4.8157998e-07
4755	4.8406333e-07
4756	4.8590182e-07
4757	4.8708484e-07
4758	4.8770792e-07
4759	4.8785737e-07
4760	4.8759339e-07
4761	4.8689447e-07
4762	4.8579949e-07
4763	4.8441515e-07
4764	4.8276055e-07
4765	4.8079701e-07
4766	4.7862419e-07
4767	4.7622084e-07
4768	4.73665e-07
4769	4.7094457e-07
4770	4.680906e-07
4771	4.6514976e-07
4772	4.6211592e-07
4773	4.5906022e-07
4774	4.5593436e-07
4775	4.5280122e-07
4776	4.4971999e-07
4777	4.4662991e-07
4778	4.4352493e-07
4779	4.404594e-07
4780	4.3737926e-07
4781	4.3432264e-07
4782	4.3126051e-07
4783	4.2821596e-07
4784	4.2522356e-07
4785	4.2219192e-07
4786	4.1918256e-07
4787	4.1617449e-07
4788	4.1318896e-07
4789	4.1023665e-07
4790	4.0733749e-07
4791	3.5679076e-07
4792	4.5877684e-07
4793	4.5106324e-07
4794	4.4434159e-07
4795	4.3827089e-07
4796	4.3283206e-07
4797	4.2781073e-07
4798	4.2315325e-07
4799	4.1894687e-07
4800	4.148716e-07
4801	4.1112209e-07
4802	4.076947e-07
4803	4.0440434e-07
4804	4.0143154e-07
4805	3.988797e-07
4806	3.9642141e-07
4807	3.9416404e-07
4808	3.9193513e-07
4809	3.8963898e-07
4810	3.8686664e-07
4811	3.8336245e-07
4812	3.7893175e-07
4813	3.7372599e-07
4814	3.6768334e-07
4815	3.6079703e-07
4816	3.5317111e-07
4817	3.4501348e-07
4818	3.3661074e-07
4819	3.2830299e-07
4820	3.2045e-07
4821	3.1357432e-07
4822	3.0860497e-07
4823	3.0585342e-07
4824	3.0503949e-07
4825	3.0624853e-07
4826	3.0902557e-07
4827	3.1329992e-07
4828	3.1901209e-07
4829	3.2588924e-07
4830	3.3381915e-07
4831	3.4268297e-07
4832	3.5220138e-07
4833	3.620753e-07
4834	3.7218676e-07
4835	3.8226516e-07
4836	3.920053e-07
4837	4.0126981e-07
4838	4.0994858e-07
4839	4.1804022e-07
4840	4.2538539e-07
4841	4.3191957e-07
4842	4.3778651e-07
4843	4.4304555e-07
4844	4.4760285e-07
4845	4.5134852e-07
4846	4.5431089e-07
4847	4.5641291e-07
4848	4.5781973e-07
4849	4.5857123e-07
4850	4.5880451e-07
4851	4.5848349e-07
4852	4.5769979e-07
4853	4.5648194e-07
4854	4.5493738e-07
4855	4.5310828e-07
4856	4.5105932e-07
4857	4.488481e-07
4858	4.4642018e-07
4859	4.438168e-07
4860	4.4103554e-07
4861	4.380501e-07
4862	4.3496464e-07
4863	4.318219e-07
4864	4.286475e-07
4865	4.2543482e-07
4866	4.2213006e-07
4867	4.1880631e-07
4868	4.154917e-07
4869	4.1220973e-07
4870	4.0898267e-07
4871	4.0580544e-07
4872	4.0272194e-07
4873	3.9968756e-07
4874	3.9673914e-07
4875	3.9390644e-07
4876	3.9110647e-07
4877	3.8835355e-07
4878	3.8561939e-07
4879	3.8291005e-07
4880	3.8023075e-07
4881	3.7756547e-07
4882	3.7492238e-07
4883	3.7234358e-07
4884	3.6980076e-07
4885	3.6733758e-07
4886	3.6491394e-07
4887	3.6252167e-07
4888	3.601722e-07
4889	3.2729519e-07
4890	4.4339139e-07
4891	4.3695564e-07
4892	4.3126478e-07
4893	4.2644963e-07
4894	4.2214402e-07
4895	4.1827645e-07
4896	4.1479658e-07
4897	4.1161176e-07
4898	4.0866769e-07
4899	4.0592101e-07
4900	4.0340744e-07
4901	4.0098375e-07
4902	3.9877375e-07
4903	3.9703233e-07
4904	3.9582128e-07
4905	3.948443e-07
4906	3.9376213e-07
4907	3.9260175e-07
4908	3.9089888e-07
4909	3.8830462e-07
4910	3.8472913e-07
4911	3.8008461e-07
4912	3.7417972e-07
4913	3.6705985e-07
4914	3.5871936e-07
4915	3.4938656e-07
4916	3.3938534e-07
4917	3.2916913e-07
4918	3.1919234e-07
4919	3.1007705e-07
4920	3.027223e-07
4921	2.9768499e-07
4922	2.9499525e-07
4923	2.946811e-07
4924	2.9617028e-07
4925	2.9934364e-07
4926	3.0411407e-07
4927	3.1012418e-07
4928	3.171543e-07
4929	3.2520206e-07
4930	3.3388021e-07
4931	3.4283143e-07
4932	3.5211856e-07
4933	3.6153747e-07
4934	3.7063236e-07
4935	3.791756e-07
4936	3.8731328e-07
4937	3.9517358e-07
4938	4.0242291e-07
4939	4.0906748e-07
4940	4.1491026e-07
4941	4.1997988e-07
4942	4.2426117e-07
4943	4.2772837e-07
4944	4.3031872e-07
4945	4.321331e-07
4946	4.3320036e-07
4947	4.3357665e-07
4948	4.3341576e-07
4949	4.3272414e-07
4950	4.3151467e-07
4951	4.2994762e-07
4952	4.280283e-07
4953	4.2589736e-07
4954	4.2356067e-07
4955	4.2110391e-07
4956	4.1859133e-07
4957	4.1595047e-07
4958	4.132205e-07
4959	4.1042088e-07
4960	4.0752431e-07
4961	4.0463023e-07
4962	4.0169518e-07
4963	3.9873198e-07
4964	3.9577564e-07
4965	3.927834e-07
4966	3.8977675e-07
4967	3.8679322e-07
4968	3.8381263e-07
4969	3.8083225e-07
4970	3.7789625e-07
4971	3.7501116e-07
4972	3.7216949e-07
4973	3.6943071e-07
4974	3.6674165e-07
4975	3.6408507e-07
4976	3.6149772e-07
4977	3.5897355e-07
4978	3.565406e-07
4979	3.5421735e-07
4980	3.5194345e-07
4981	3.4970612e-07
4982	3.474822e-07
4983	3.4530468e-07
4984	3.4317333e-07
4985	3.4105488e-07
4986	3.3901289e-07
4987	3.3700408e-07
4988	3.3502057e-07
4989	3.330394e-07
4990	3.3107124e-07
4991	3.2911602e-07
4992	3.2719711e-07
4993	3.2534231e-07
4994	3.1167863e-07
4995	4.4010421e-07
4996	4.3465007e-07
4997	4.3016424e-07
4998	4.2632098e-07
4999	4.2295946e-07
5000	4.1984992e-07
