196	0.0018376667
200	0.0018259994
201	0.0018226237
204	0.0018114671
205	0.0018073869
206	0.0018030937
209	0.001789162
211	0.0017791022
215	0.0017572979
216	0.00175155
217	0.0017456969
219	0.00173372
224	0.0017192449
225	0.0017159275
228	0.0017051758
232	0.0016892797
234	0.0016807021
236	0.001671664
238	0.0016622408
240	0.0016524746
241	0.001647472
242	0.0016423936
243	0.0016372321
245	0.0016266999
248	0.0016107394
253	0.0015945915
254	0.0015910837
256	0.0015838041
257	0.0015800385
261	0.0015641262
263	0.0015556622
265	0.0015468239
266	0.001542276
267	0.001537652
268	0.0015329562
269	0.0015281924
271	0.0015184719
272	0.00151352
273	0.0015085118
274	0.0015034502
275	0.0014983348
277	0.0014879503
279	0.0014804059
280	0.0014769245
281	0.0014733766
282	0.0014697625
283	0.0014660838
285	0.0014585595
286	0.0014547131
287	0.0014508077
288	0.0014468436
289	0.0014428209
290	0.00143874
291	0.0014346009
292	0.0014304001
293	0.0014261388
294	0.0014218069
295	0.001417406
296	0.0014129412
297	0.0014084141
298	0.0014038253
299	0.0013991762
300	0.0013944673
301	0.0013897003
302	0.0013848774
303	0.0013799999
304	0.0013750684
305	0.0013700855
306	0.0013650544
307	0.0013600124
308	0.0013563858
309	0.0013527256
310	0.0013490124
311	0.0013452429
312	0.0013414174
313	0.0013375402
314	0.0013336149
315	0.0013296438
316	0.0013256262
317	0.001321559
318	0.0013174411
319	0.0013132729
320	0.0013090548
321	0.001304786
322	0.0013004681
323	0.0012961012
324	0.0012916722
325	0.0012871917
326	0.0012826605
327	0.0012780793
328	0.001273448
329	0.0012687665
330	0.0012640349
331	0.0012592535
332	0.0012544218
333	0.0012495392
334	0.0012446064
335	0.0012396226
336	0.0012350469
337	0.0012312351
338	0.0012273894
339	0.0012234947
340	0.0012195483
341	0.0012155514
342	0.0012115094
343	0.0012074228
344	0.0012032907
345	0.0011991115
346	0.0011948837
347	0.0011906083
349	0.001181916
350	0.0011775002
351	0.0011730395
352	0.0011685211
353	0.0011639534
354	0.0011593388
355	0.0011546778
356	0.0011499705
357	0.0011452168
358	0.0011404161
359	0.0011355669
360	0.0011306689
361	0.0011257227
362	0.0011207289
363	0.0011160696
364	0.001112091
365	0.0011080844
366	0.0011040321
367	0.0010999327
369	0.0010915954
370	0.0010873577
371	0.0010830726
372	0.0010787403
373	0.0010743612
375	0.0010654638
376	0.0010609462
378	0.001051769
379	0.0010471021
380	0.0010423885
381	0.0010376264
382	0.0010328176
386	0.0010131137
390	0.00099500951
452	0.00079098011
457	0.00077695573
463	0.00075998762
464	0.0007571438
469	0.00074285256
470	0.00073997874
475	0.00072553049
476	0.00072262507
482	0.00070508145
483	0.0007021388
