196	-7.4647965e-10
200	-4.2681837e-09
201	-7.6590633e-10
204	-1.3800543e-09
205	-1.5647426e-10
206	-7.7133053e-10
209	-1.6928912e-09
211	-2.0877262e-09
215	-1.3133838e-09
216	-7.8314778e-10
217	-9.4737367e-10
219	-3.528367e-10
224	-4.5817992e-10
225	-1.0855002e-10
228	-2.1795168e-10
232	-1.0927197e-09
234	-5.2435678e-10
236	-1.2782807e-09
238	-1.3496706e-09
240	-1.2241381e-09
241	-7.1628425e-11
242	-3.7567556e-10
243	-6.3463215e-10
245	-1.4419563e-10
248	-1.0896654e-09
253	-3.6852918e-10
254	-1.5107179e-09
256	-1.3384166e-10
257	-9.2839519e-10
261	-7.9970839e-10
263	-5.6402477e-11
265	-1.0168321e-09
266	-5.0761543e-10
267	-2.5054415e-08
268	-2.3370476e-09
269	-1.2340582e-09
271	-4.2564529e-09
272	-7.518074e-09
273	-8.8972912e-09
274	-3.0118669e-09
275	-1.3228404e-09
277	-2.7395429e-10
279	-5.8812077e-10
280	-1.4281441e-10
281	-1.4329289e-08
282	-6.9366097e-09
283	-1.7551065e-09
285	-1.1280327e-08
286	-2.2633049e-08
287	-3.028729e-09
288	-8.7543842e-10
289	-3.9463431e-10
290	-4.3999533e-09
291	-1.7559873e-08
292	-4.7031459e-08
293	-2.1840597e-09
294	-1.8245808e-09
295	-7.1109197e-09
296	-6.3179206e-09
297	-3.4216988e-08
298	-1.2121434e-08
299	-1.1103302e-08
300	-1.1645935e-08
301	-8.8945961e-09
302	-2.0855419e-08
303	-5.2540004e-08
304	-4.9843879e-09
305	-3.4018349e-08
306	-1.6098588e-08
307	-1.1782665e-08
308	-3.3627542e-08
309	-2.0545053e-08
310	-5.0284351e-08
311	-1.3722676e-08
312	-2.5629587e-08
313	-2.1685463e-08
314	-1.7445624e-09
315	-1.0911507e-08
316	-4.0659524e-09
317	-1.5024629e-08
318	-4.7946403e-09
319	-3.2391433e-08
320	-5.6687984e-09
321	-1.8288952e-08
322	-8.4639972e-09
323	-2.9356573e-09
324	-2.33088e-08
325	-1.8535319e-09
326	-1.3537016e-08
327	-6.1433017e-09
328	-8.7450473e-09
329	-1.1334274e-08
330	-6.4754661e-09
331	-3.2709623e-08
332	-1.8181651e-08
333	-1.7365603e-09
334	-1.4016444e-08
335	-4.5107701e-09
336	-1.9908313e-08
337	-4.0646136e-09
338	-1.8286132e-08
339	-1.7411026e-08
340	-1.0483722e-08
341	-1.16418e-08
342	-2.4367301e-09
343	-5.5241536e-09
344	-7.0414587e-09
345	-1.0084375e-08
346	-4.0942889e-09
347	-2.1530574e-08
349	-3.3145915e-09
350	-4.0813876e-09
351	-2.7525396e-09
352	-6.7712614e-09
353	-3.9649862e-10
354	-2.893825e-09
355	-7.620113e-09
356	-1.203821e-08
357	-1.5877227e-08
358	-2.7514531e-10
359	-3.5695358e-09
360	-7.1703837e-09
361	-6.0527286e-09
362	-9.1351366e-10
363	-2.0130411e-09
364	-1.2090605e-08
365	-5.7805312e-09
366	-7.3364032e-10
367	-4.451294e-09
369	-5.3202593e-09
370	-4.6555636e-10
371	-3.4248513e-09
372	-2.135679e-09
373	-3.7069733e-11
375	-2.6086324e-09
376	-1.9843232e-09
378	-5.7664005e-10
379	-1.3285436e-09
380	-4.1023868e-10
381	-7.4311072e-10
382	-1.3650104e-09
386	-2.7105655e-09
390	-1.1256254e-09
452	-1.5109098e-10
457	-3.0976363e-10
463	-6.1884191e-10
464	-1.8091872e-10
469	-6.8423262e-10
470	-7.3869307e-10
475	-1.5145314e-10
476	-2.8713022e-10
482	-4.9497361e-10
483	-2.1500183e-10
