1	0.00021019422
2	2.7330944e-05
3	1.0293396e-05
4	7.832175e-06
5	6.2357786e-06
6	5.6475278e-06
7	4.5205059e-06
8	4.157246e-06
9	4.4659093e-06
10	4.4677392e-06
11	3.5907188e-06
12	5.2328022e-06
13	4.9947302e-06
14	2.899784e-06
15	3.2678497e-06
16	4.0305517e-06
17	4.1719444e-06
18	3.9012409e-06
19	3.4940131e-06
20	3.0792775e-06
21	2.6822089e-06
22	2.400235e-06
23	2.1945851e-06
24	2.0174886e-06
25	1.8631847e-06
26	1.7191029e-06
27	1.5835146e-06
28	1.4936074e-06
29	1.4222456e-06
30	1.3578022e-06
31	1.29553e-06
32	1.2426636e-06
33	1.2029545e-06
34	1.1663388e-06
35	1.130695e-06
36	1.1006073e-06
37	1.0735766e-06
38	1.0438775e-06
39	1.0203698e-06
40	9.967734e-07
41	9.7291283e-07
42	9.5153963e-07
43	9.2837599e-07
44	9.0475958e-07
45	8.8373532e-07
46	8.627537e-07
47	8.4351193e-07
48	8.2315312e-07
49	8.0412668e-07
50	7.859247e-07
51	7.6776126e-07
52	7.5109906e-07
53	7.3478868e-07
54	7.1898577e-07
55	7.039385e-07
56	6.8884819e-07
57	6.7471232e-07
58	6.6111504e-07
59	6.474914e-07
60	6.3451747e-07
61	6.2235312e-07
62	6.1022722e-07
63	5.985924e-07
64	5.8724144e-07
65	5.7589609e-07
66	5.6484707e-07
67	5.5400167e-07
68	5.4334591e-07
69	5.329474e-07
70	5.2273576e-07
71	5.1273479e-07
72	5.0279896e-07
73	4.9319924e-07
74	4.839873e-07
75	4.7497332e-07
76	4.6618032e-07
77	4.580454e-07
78	4.5026442e-07
79	4.4276949e-07
80	4.3562734e-07
81	4.2888657e-07
82	4.2227176e-07
83	4.1581999e-07
84	4.0972093e-07
85	4.0376208e-07
86	3.9811517e-07
87	3.9282214e-07
88	3.879727e-07
89	3.8331693e-07
90	3.7870826e-07
91	3.7436835e-07
92	3.7006439e-07
93	3.6559213e-07
94	3.6111351e-07
95	3.5687423e-07
96	3.5270728e-07
97	3.4852577e-07
98	3.4442711e-07
99	3.403889e-07
100	3.363408e-07
101	3.3232908e-07
102	3.2832788e-07
103	3.2448625e-07
104	3.2077578e-07
105	3.1717158e-07
106	3.1362513e-07
107	3.1021051e-07
108	3.0680634e-07
109	3.0363558e-07
110	3.0055229e-07
111	2.9750641e-07
112	2.9453179e-07
113	2.916283e-07
114	2.8857927e-07
115	2.8563613e-07
116	2.8276219e-07
117	2.7985143e-07
118	2.7677309e-07
119	2.7370208e-07
120	2.7062859e-07
121	2.6742603e-07
122	2.6418822e-07
123	2.6091197e-07
124	2.5771649e-07
125	2.5444414e-07
126	2.5114007e-07
127	2.4794487e-07
128	2.4463066e-07
129	2.4126992e-07
130	2.3787668e-07
131	2.3461436e-07
132	2.313076e-07
133	2.2799252e-07
134	2.2472538e-07
135	2.2144186e-07
136	2.1822317e-07
137	2.1511539e-07
138	2.1202217e-07
139	2.0892827e-07
140	2.0585188e-07
141	2.0283308e-07
142	1.9985419e-07
143	1.9686301e-07
144	1.9389704e-07
145	1.9107833e-07
146	1.8822727e-07
147	1.8541618e-07
148	1.8269128e-07
149	1.8001693e-07
150	1.7727883e-07
151	1.7458322e-07
152	1.7195118e-07
153	1.6938378e-07
154	1.6685147e-07
155	1.6444932e-07
156	1.6209449e-07
157	1.597024e-07
158	1.5735722e-07
159	1.5506754e-07
160	1.5285474e-07
161	1.506363e-07
162	1.4852857e-07
163	1.4663777e-07
164	1.4474004e-07
165	1.4278603e-07
166	1.4093688e-07
167	1.3922676e-07
168	1.3761572e-07
169	1.3611202e-07
170	1.347361e-07
171	1.3345911e-07
172	1.3208078e-07
173	1.3067301e-07
174	1.29318e-07
175	1.280622e-07
176	1.268407e-07
177	1.2576162e-07
178	1.248546e-07
179	1.2378336e-07
180	1.2262607e-07
181	1.2150132e-07
182	1.2046314e-07
183	1.195202e-07
184	1.1880056e-07
185	1.1815703e-07
186	1.1734971e-07
187	1.1643711e-07
188	1.1548561e-07
189	1.1458807e-07
190	1.1386724e-07
191	1.1342248e-07
192	1.1283297e-07
193	1.1207747e-07
194	1.1127447e-07
195	1.1049456e-07
196	1.0975937e-07
197	1.091068e-07
198	1.0867043e-07
199	1.0814608e-07
200	1.0749148e-07
201	1.0680155e-07
202	1.0607811e-07
203	1.0546986e-07
204	1.0488717e-07
205	1.0440773e-07
206	1.0398865e-07
207	1.0343318e-07
208	1.0280339e-07
209	1.0217882e-07
210	1.0163426e-07
211	1.0118831e-07
212	1.0073865e-07
213	1.0031401e-07
214	9.9797949e-08
215	9.9308267e-08
216	9.8815778e-08
217	9.8325729e-08
218	9.7882365e-08
219	9.7454363e-08
220	9.7019583e-08
221	9.6593904e-08
222	9.6155323e-08
223	9.5755178e-08
224	9.529765e-08
225	9.4835088e-08
226	9.4398444e-08
227	9.4043253e-08
228	9.3721955e-08
229	9.333057e-08
230	9.2900972e-08
231	9.2524285e-08
232	9.2133783e-08
233	9.1780476e-08
234	9.1502914e-08
235	9.1201984e-08
236	9.0867079e-08
237	9.0506632e-08
238	9.0126271e-08
239	8.9752063e-08
240	8.9473627e-08
241	8.9227841e-08
242	8.8949758e-08
243	8.8635136e-08
244	8.8256846e-08
245	8.7929673e-08
246	8.7627564e-08
247	8.7398654e-08
248	8.7152269e-08
249	8.6847773e-08
250	8.6521134e-08
251	8.6164132e-08
252	8.5911384e-08
253	8.562513e-08
254	8.5446542e-08
255	8.5181095e-08
256	8.4859178e-08
257	8.4541823e-08
258	8.4240386e-08
259	8.398985e-08
260	8.3746033e-08
261	8.3532854e-08
262	8.3265226e-08
263	8.2949226e-08
264	8.2663211e-08
265	8.2355906e-08
266	8.2123828e-08
267	8.1911219e-08
268	8.1641736e-08
269	8.1350637e-08
270	8.1037373e-08
271	8.0759892e-08
272	8.0468588e-08
273	8.0250714e-08
274	7.9990456e-08
275	7.9716232e-08
276	7.9495922e-08
277	7.9204292e-08
278	7.8959398e-08
279	7.8763478e-08
280	7.8524263e-08
281	7.8256282e-08
282	7.7948818e-08
283	7.7674259e-08
284	7.7388561e-08
285	7.7199792e-08
286	7.6949506e-08
287	7.6658968e-08
288	7.6399235e-08
289	7.6085876e-08
290	7.580509e-08
291	7.5569975e-08
292	7.531887e-08
293	7.5063635e-08
294	7.4780655e-08
295	7.4528567e-08
296	7.4288911e-08
297	7.4077116e-08
298	7.381632e-08
299	7.3507433e-08
300	7.3249415e-08
301	7.3003356e-08
302	7.2818646e-08
303	7.2582809e-08
304	7.2328395e-08
305	7.2102338e-08
306	7.1861889e-08
307	7.1708421e-08
308	7.1496237e-08
309	7.1238925e-08
310	7.096519e-08
311	7.0705392e-08
312	7.0562714e-08
313	7.0433746e-08
314	7.0242136e-08
315	6.9995468e-08
316	6.975284e-08
317	6.9587171e-08
318	6.9499467e-08
319	6.9349312e-08
320	6.9124975e-08
321	6.8906497e-08
322	6.8716907e-08
323	6.8627654e-08
324	6.8548862e-08
325	6.8377956e-08
326	6.819705e-08
327	6.7979471e-08
328	6.7787844e-08
329	6.7718983e-08
330	6.7618788e-08
331	6.7484952e-08
332	6.729373e-08
333	6.7107493e-08
334	6.6966306e-08
335	6.686697e-08
336	6.6764288e-08
337	6.665362e-08
338	6.6499238e-08
339	6.6320119e-08
340	6.6214638e-08
341	6.6104749e-08
342	6.6008485e-08
343	6.5859613e-08
344	6.5730079e-08
345	6.5626892e-08
346	6.5536535e-08
347	6.5395403e-08
348	6.5272803e-08
349	6.5150684e-08
350	6.5058658e-08
351	6.5032751e-08
352	6.492865e-08
353	6.4793195e-08
354	6.4648291e-08
355	6.451925e-08
356	6.44393e-08
357	6.434248e-08
358	6.422937e-08
359	6.4100421e-08
360	6.3958794e-08
361	6.3822692e-08
362	6.3738543e-08
363	6.36077e-08
364	6.3463763e-08
365	6.3310728e-08
366	6.320829e-08
367	6.309246e-08
368	6.2987829e-08
369	6.2889803e-08
370	6.2764237e-08
371	6.2648713e-08
372	6.2509449e-08
373	6.2349976e-08
374	6.2226927e-08
375	6.2143931e-08
376	6.2054563e-08
377	6.1970449e-08
378	6.1861826e-08
379	6.1748636e-08
380	6.1598126e-08
381	6.1437506e-08
382	6.1353651e-08
383	6.1199967e-08
384	6.104185e-08
385	6.0885172e-08
386	6.0751357e-08
387	6.0620932e-08
388	6.0489601e-08
389	6.0349183e-08
390	6.0220105e-08
391	6.0071861e-08
392	5.9900838e-08
393	5.9716805e-08
394	5.9546143e-08
395	5.9392773e-08
396	5.9260532e-08
397	5.908304e-08
398	5.8913635e-08
399	5.8713322e-08
400	5.8511019e-08
401	5.8325623e-08
402	5.8155251e-08
403	5.7998281e-08
404	5.7833046e-08
405	5.7661255e-08
406	5.7502471e-08
407	5.7333482e-08
408	5.7146584e-08
409	5.6965421e-08
410	5.678483e-08
411	5.6602527e-08
412	5.6423664e-08
413	5.6252607e-08
414	5.6077882e-08
415	5.590049e-08
416	5.5713383e-08
417	5.5547005e-08
418	5.5368302e-08
419	5.5169672e-08
420	5.4992493e-08
421	5.4867704e-08
422	5.4768182e-08
423	5.4661602e-08
424	5.4530009e-08
425	5.438453e-08
426	5.423269e-08
427	5.4092697e-08
428	5.3999032e-08
429	5.3891731e-08
430	5.3778505e-08
431	5.364392e-08
432	5.3507372e-08
433	5.3380744e-08
434	5.3291097e-08
435	5.3204457e-08
436	5.3109408e-08
437	5.3011287e-08
438	5.29175e-08
439	5.2837606e-08
440	5.277954e-08
441	5.2721962e-08
442	5.2665544e-08
443	5.2585366e-08
444	5.2503284e-08
445	5.241973e-08
446	5.233832e-08
447	5.2248302e-08
448	5.2169056e-08
449	5.2100198e-08
450	5.2031868e-08
451	5.1972706e-08
452	5.1928307e-08
453	5.1903058e-08
454	5.1886766e-08
455	5.189361e-08
456	5.191371e-08
457	5.1939176e-08
458	5.1976478e-08
459	5.2020733e-08
460	5.2065206e-08
461	5.2115282e-08
462	5.2180568e-08
463	5.226795e-08
464	5.2385805e-08
465	5.2516141e-08
466	5.2673844e-08
467	5.2868955e-08
468	5.3089528e-08
469	5.3332658e-08
470	5.360028e-08
471	5.3864936e-08
472	5.4135517e-08
473	5.4424643e-08
474	5.4729113e-08
475	5.5044125e-08
476	5.5376662e-08
477	5.5739248e-08
478	5.6136766e-08
479	5.6559467e-08
480	5.701241e-08
481	5.7495884e-08
482	5.7995721e-08
483	5.8516328e-08
484	5.9058482e-08
485	5.961873e-08
486	6.0201669e-08
487	6.0796014e-08
488	6.140263e-08
489	6.202618e-08
490	6.2663346e-08
491	6.3309364e-08
492	6.3950956e-08
493	6.4602056e-08
494	6.5271012e-08
495	6.5940653e-08
496	6.6599823e-08
497	6.7250767e-08
498	6.7902465e-08
499	6.8555158e-08
500	6.9217147e-08
501	6.9877958e-08
502	7.0508178e-08
503	7.1136633e-08
504	7.1758456e-08
505	7.2373697e-08
506	7.2964954e-08
507	7.3552225e-08
508	7.4137345e-08
509	7.4706402e-08
510	7.5266589e-08
511	7.5811949e-08
512	7.6345684e-08
513	7.6860046e-08
514	7.7375415e-08
515	7.785597e-08
516	7.8351888e-08
517	7.8840122e-08
518	7.9302055e-08
519	7.9740852e-08
520	8.0141125e-08
521	8.0521919e-08
522	8.0880653e-08
523	8.1224897e-08
524	8.1544855e-08
525	8.1850881e-08
526	8.2139438e-08
527	8.2427165e-08
528	8.2703405e-08
529	8.2951726e-08
530	8.3198308e-08
531	8.342803e-08
532	8.3630441e-08
533	8.3806511e-08
534	8.3968835e-08
535	8.4108559e-08
536	8.424561e-08
537	8.4346178e-08
538	8.4439373e-08
539	8.4516579e-08
540	8.4574247e-08
541	8.4636052e-08
542	8.4664552e-08
543	8.4697658e-08
544	8.4714965e-08
545	8.4728824e-08
546	8.471605e-08
547	8.4688135e-08
548	8.4661965e-08
549	8.4625922e-08
550	8.4577028e-08
551	8.4514148e-08
552	8.4459562e-08
553	8.4376287e-08
554	8.4294703e-08
555	8.4176881e-08
556	8.4072045e-08
557	8.3951307e-08
558	8.3831871e-08
559	8.3697433e-08
560	8.3546918e-08
561	8.3400342e-08
562	8.3252755e-08
563	8.3089594e-08
564	8.2906757e-08
565	8.2726689e-08
566	8.253885e-08
567	8.2337783e-08
568	8.2129337e-08
569	8.1926803e-08
570	8.1715794e-08
571	8.1514972e-08
572	8.1304406e-08
573	8.1107601e-08
574	8.0910993e-08
575	8.0707565e-08
576	8.0500054e-08
577	8.0298738e-08
578	8.0090569e-08
579	7.9884418e-08
580	7.9657624e-08
581	7.9437732e-08
582	7.9207972e-08
583	7.8969393e-08
584	7.8732662e-08
585	7.8486551e-08
586	7.8245966e-08
587	7.8007043e-08
588	7.7760195e-08
589	7.7505303e-08
590	7.7248622e-08
591	7.699571e-08
592	7.6744562e-08
593	7.6487273e-08
594	7.6233788e-08
595	7.5982218e-08
596	7.5718439e-08
597	7.5453001e-08
598	7.517473e-08
599	7.4904017e-08
600	7.4635642e-08
601	7.4367656e-08
602	7.4087903e-08
603	7.3804894e-08
604	7.352665e-08
605	7.3245991e-08
606	7.2964842e-08
607	7.2680078e-08
608	7.2396398e-08
609	7.2105573e-08
610	7.1808667e-08
611	7.1494852e-08
612	7.1179147e-08
613	7.0862339e-08
614	7.0541912e-08
615	7.0215647e-08
616	6.9887265e-08
617	6.9561422e-08
618	6.9237129e-08
619	6.8912307e-08
620	6.8580386e-08
621	6.8254282e-08
622	6.7928401e-08
623	6.7600166e-08
624	6.7270188e-08
625	6.6936555e-08
626	6.6595944e-08
627	6.6257431e-08
628	6.5921921e-08
629	6.5578167e-08
630	6.5231581e-08
631	6.4889447e-08
632	6.4550021e-08
633	6.4203292e-08
634	6.3860848e-08
635	6.3520317e-08
636	6.317866e-08
637	6.283621e-08
638	6.2488463e-08
639	6.2130401e-08
640	6.1776315e-08
641	6.1417663e-08
642	6.1059944e-08
643	6.0700582e-08
644	6.0339708e-08
645	5.9983552e-08
646	5.9635515e-08
647	5.9291843e-08
648	5.8947682e-08
649	5.860582e-08
650	5.8266698e-08
651	5.7932516e-08
652	5.7589362e-08
653	5.7240766e-08
654	5.6890147e-08
655	5.6563657e-08
656	5.6232071e-08
657	5.5910084e-08
658	5.5596242e-08
659	5.5282403e-08
660	5.4978495e-08
661	5.4670419e-08
662	5.4372873e-08
663	5.4087757e-08
664	5.3803768e-08
665	5.3519468e-08
666	5.3251492e-08
667	5.2983385e-08
668	5.2715223e-08
669	5.245686e-08
670	5.2201567e-08
671	5.19511e-08
672	5.1703201e-08
673	5.146221e-08
674	5.1216689e-08
675	5.0983046e-08
676	5.076148e-08
677	5.0549646e-08
678	5.0343524e-08
679	5.0135162e-08
680	4.9941317e-08
681	4.9750405e-08
682	4.9560116e-08
683	4.937658e-08
684	4.920615e-08
685	4.9042884e-08
686	4.8877233e-08
687	4.8722575e-08
688	4.8564389e-08
689	4.8414953e-08
690	4.8278954e-08
691	4.8149578e-08
692	4.8018143e-08
693	4.7892334e-08
694	4.7770015e-08
695	4.7650172e-08
696	4.7542095e-08
697	4.7443999e-08
698	4.7349333e-08
699	4.7250711e-08
700	4.7158882e-08
701	4.7069385e-08
702	4.6981205e-08
703	4.6908162e-08
704	4.6840933e-08
705	4.6774446e-08
706	4.6703673e-08
707	4.6644005e-08
708	4.6586693e-08
709	4.6540215e-08
710	4.6499446e-08
711	4.6456361e-08
712	4.6416382e-08
713	4.6378394e-08
714	4.6341489e-08
715	4.631317e-08
716	4.6290868e-08
717	4.6266341e-08
718	4.6243342e-08
719	4.6225564e-08
720	4.6207815e-08
721	4.620096e-08
722	4.6194743e-08
723	4.6183349e-08
724	4.6174431e-08
725	4.6165254e-08
726	4.6168782e-08
727	4.6174588e-08
728	4.61825e-08
729	9.9987484e-07
730	4.6443818e-08
731	4.9288766e-08
732	4.8178877e-08
733	4.7943543e-08
734	4.7670287e-08
735	4.7505247e-08
736	9.9620977e-07
737	4.7421789e-08
738	5.03683e-08
739	4.9148801e-08
740	4.8840963e-08
741	9.9763434e-07
742	4.8422553e-08
743	5.136932e-08
744	5.0027277e-08
745	4.963441e-08
746	9.9477169e-07
747	4.9024773e-08
748	5.2026647e-08
749	5.0631049e-08
750	9.968515e-07
751	4.9921411e-08
752	5.2848806e-08
753	5.1349389e-08
754	9.9605461e-07
755	5.0479045e-08
756	5.3430718e-08
757	5.1878267e-08
758	9.9359618e-07
759	5.0893969e-08
760	5.3881507e-08
761	5.2296975e-08
762	9.9004108e-07
763	5.1193069e-08
764	5.4227783e-08
765	9.9957353e-07
766	5.2047637e-08
767	5.5085124e-08
768	5.3287595e-08
769	9.8714531e-07
770	5.1986628e-08
771	5.5015398e-08
772	9.9466465e-07
773	5.2640219e-08
774	5.5723197e-08
775	9.9569672e-07
776	5.3159882e-08
777	5.619229e-08
778	9.9521834e-07
779	5.3547039e-08
780	5.6543788e-08
781	9.9378702e-07
782	5.3824606e-08
783	5.6827841e-08
784	9.9170918e-07
785	5.4017777e-08
786	5.7044842e-08
787	9.8904147e-07
788	5.4171171e-08
789	9.974288e-07
790	5.6549828e-08
791	5.827164e-08
792	9.9345362e-07
793	5.5264524e-08
794	5.8090343e-08
795	9.8712214e-07
796	5.5008292e-08
797	9.9421677e-07
798	5.7258278e-08
799	5.8895096e-08
800	9.8806617e-07
801	5.5743072e-08
802	9.9393734e-07
803	5.7850445e-08
804	5.9377968e-08
805	9.8574278e-07
806	5.6128123e-08
807	9.9095482e-07
808	5.8165065e-08
809	5.9638087e-08
810	9.8173186e-07
811	5.6341275e-08
812	9.864962e-07
813	5.8328877e-08
814	9.9640743e-07
815	5.904584e-08
816	6.0468413e-08
817	9.8039427e-07
818	5.6973262e-08
819	9.8350336e-07
820	5.8849883e-08
821	9.9212801e-07
822	5.9447317e-08
823	9.9607778e-07
824	6.0083407e-08
825	9.9875159e-07
826	6.0542839e-08
827	6.165503e-08
828	9.7753899e-07
829	5.7932004e-08
830	9.7849198e-07
831	5.9659137e-08
832	9.8512861e-07
833	6.0089771e-08
834	9.8775601e-07
835	6.0587977e-08
836	9.8953888e-07
837	6.0950399e-08
838	9.9048138e-07
839	6.1243654e-08
840	9.9093251e-07
841	6.1496888e-08
842	9.9100015e-07
843	6.1703597e-08
844	9.9046004e-07
845	6.1867771e-08
846	9.8980083e-07
847	6.2017038e-08
848	9.8891749e-07
849	6.2131939e-08
850	9.8785882e-07
851	6.2236945e-08
852	9.8665972e-07
853	6.2312972e-08
854	9.8522927e-07
855	6.2389487e-08
856	9.8371021e-07
857	6.2424787e-08
858	9.8216632e-07
859	6.246375e-08
860	9.8017498e-07
861	6.2471981e-08
862	9.7816374e-07
863	6.2465196e-08
864	9.7599638e-07
865	6.2470081e-08
866	9.7398975e-07
867	6.2444878e-08
868	9.7178092e-07
869	6.2437522e-08
870	9.6947286e-07
871	6.2399737e-08
872	9.6727801e-07
873	6.2350143e-08
874	9.6488687e-07
875	6.2293478e-08
876	9.6228502e-07
877	6.2227182e-08
878	9.5970015e-07
879	6.2170715e-08
880	9.5716779e-07
881	6.2093651e-08
882	9.5468194e-07
883	6.2012226e-08
884	9.5212851e-07
885	6.1921134e-08
886	9.494319e-07
887	6.1836034e-08
888	9.4676263e-07
889	6.174096e-08
890	9.4400722e-07
891	6.1633356e-08
892	9.4107295e-07
893	6.1508174e-08
894	9.3823822e-07
895	6.1396389e-08
896	9.3537956e-07
897	6.1272013e-08
898	9.3258476e-07
899	6.1143819e-08
900	9.2981042e-07
901	6.1002709e-08
902	9.2703038e-07
903	6.0868144e-08
904	9.2413997e-07
905	6.0727494e-08
906	9.2123706e-07
907	6.0575952e-08
908	9.1837634e-07
909	6.0426179e-08
910	9.1547983e-07
911	6.0264357e-08
912	9.1263169e-07
913	6.0119867e-08
914	9.0967581e-07
915	5.996398e-08
916	9.0682894e-07
917	5.9806191e-08
918	9.0401807e-07
919	5.9655254e-08
920	9.0126877e-07
921	5.9506154e-08
922	8.9847604e-07
923	5.9352497e-08
924	8.9569289e-07
925	9.973319e-07
926	5.8653363e-08
927	9.1331399e-07
928	6.1882828e-08
929	9.0942185e-07
930	6.0500122e-08
931	9.0148258e-07
932	6.0210664e-08
933	8.9665802e-07
934	9.9640951e-07
935	5.9260058e-08
936	9.1217936e-07
937	6.2280961e-08
938	9.0715765e-07
939	6.0809627e-08
940	8.9827014e-07
941	9.9655253e-07
942	5.98726e-08
943	9.1236575e-07
944	6.2682472e-08
945	9.0633769e-07
946	6.1128977e-08
947	8.9671244e-07
948	9.9368472e-07
949	6.0123025e-08
950	9.0991297e-07
951	6.2822735e-08
952	9.0347964e-07
953	9.9960622e-07
954	6.0770041e-08
955	9.128793e-07
956	6.3432358e-08
957	9.0564818e-07
958	6.1691593e-08
959	8.9479304e-07
960	9.8958203e-07
961	6.0595108e-08
962	9.0660822e-07
963	6.3077757e-08
964	8.9954286e-07
965	9.9368514e-07
966	6.1007904e-08
967	9.0797019e-07
968	6.3451099e-08
969	9.0028174e-07
970	9.9356542e-07
971	6.1294754e-08
972	9.078497e-07
973	6.3619019e-08
974	8.9965204e-07
975	9.9213166e-07
976	6.1460832e-08
977	9.0661478e-07
978	9.9868128e-07
979	6.3255665e-08
980	9.1657064e-07
981	6.4471502e-08
982	9.043307e-07
983	9.9561559e-07
984	6.2330798e-08
985	9.0974022e-07
986	6.4216935e-08
987	9.0003425e-07
988	9.90437e-07
989	6.2038143e-08
990	9.0537005e-07
991	9.9531513e-07
992	6.3623778e-08
993	9.1386187e-07
994	6.4562472e-08
995	9.0079293e-07
996	9.8993326e-07
997	6.244404e-08
998	9.0502833e-07
999	9.937611e-07
1000	6.3844204e-08
1001	9.1244656e-07
1002	6.4592654e-08
1003	8.9880454e-07
1004	9.8659675e-07
1005	6.2475175e-08
1006	9.0218115e-07
1007	9.8953708e-07
1008	6.3772272e-08
1009	9.0886018e-07
1010	9.9588653e-07
1011	6.4264052e-08
1012	9.1228615e-07
1013	9.9886591e-07
1014	6.4731569e-08
1015	9.1495164e-07
1016	6.5108846e-08
1017	8.9979078e-07
1018	9.8535707e-07
1019	6.2896992e-08
1020	9.0117531e-07
1021	9.8633686e-07
1022	6.3948153e-08
1023	9.0636438e-07
1024	9.9102115e-07
1025	6.4242858e-08
1026	9.085495e-07
1027	9.9281016e-07
1028	6.4537303e-08
1029	9.10095e-07
1030	9.9390989e-07
1031	6.4714441e-08
1032	9.108462e-07
1033	9.9432054e-07
1034	6.4829442e-08
1035	9.1128541e-07
1036	9.943066e-07
1037	6.4882255e-08
1038	9.1126825e-07
1039	9.9386184e-07
1040	6.4901662e-08
1041	9.1095118e-07
1042	9.9305317e-07
1043	6.4879464e-08
1044	9.1038013e-07
1045	9.9203504e-07
1046	6.4824811e-08
1047	9.0957711e-07
1048	9.9075567e-07
1049	6.4727596e-08
1050	9.0861105e-07
1051	9.8937277e-07
1052	6.4609272e-08
1053	9.0738995e-07
1054	9.8770977e-07
1055	6.4467817e-08
1056	9.0591725e-07
1057	9.8579811e-07
1058	6.4308827e-08
1059	9.0433606e-07
1060	9.8375494e-07
1061	6.4134757e-08
1062	9.0267233e-07
1063	9.8161377e-07
1064	6.3937505e-08
1065	9.0090592e-07
1066	9.7938485e-07
1067	6.3711666e-08
1068	8.9887644e-07
1069	9.7696583e-07
1070	6.3471006e-08
1071	8.968481e-07
1072	9.7444687e-07
1073	6.3218519e-08
1074	8.9470774e-07
1075	9.7179566e-07
1076	6.2949659e-08
1077	8.9239409e-07
1078	9.6904148e-07
1079	6.2673586e-08
1080	8.900511e-07
1081	9.6619304e-07
1082	6.2384484e-08
1083	8.8764733e-07
1084	9.6334052e-07
1085	6.2088582e-08
1086	8.8513795e-07
1087	9.6037312e-07
1088	6.1785631e-08
1089	8.8267122e-07
1090	9.5744499e-07
1091	6.1485145e-08
1092	8.8017497e-07
1093	9.5447794e-07
1094	6.1167742e-08
1095	8.7762866e-07
1096	9.5145415e-07
1097	6.0862605e-08
1098	8.7506032e-07
1099	9.4841195e-07
1100	6.0544852e-08
1101	8.7244642e-07
1102	9.4533844e-07
1103	6.0238426e-08
1104	8.6986377e-07
1105	9.4226274e-07
1106	5.9928614e-08
1107	8.6728012e-07
1108	9.3924991e-07
1109	5.9626125e-08
1110	8.6469634e-07
1111	9.3627739e-07
1112	5.9317176e-08
1113	8.6208234e-07
1114	9.3319588e-07
1115	5.9018864e-08
1116	8.5950607e-07
1117	9.3023768e-07
1118	5.8723463e-08
1119	8.5693894e-07
1120	9.2731558e-07
1121	9.9780618e-07
1122	5.8639176e-08
1123	8.6853696e-07
1124	9.3830834e-07
1125	5.9794083e-08
1126	8.6487046e-07
1127	9.343709e-07
1128	5.8955809e-08
1129	8.584248e-07
1130	9.2752061e-07
1131	9.967074e-07
1132	5.8703426e-08
1133	8.6808343e-07
1134	9.3657373e-07
1135	5.9681439e-08
1136	8.6335341e-07
1137	9.3161802e-07
1138	9.999526e-07
1139	5.8947352e-08
1140	8.6961666e-07
1141	9.3726581e-07
1142	5.9821708e-08
1143	8.639652e-07
1144	9.3145086e-07
1145	9.990237e-07
1146	5.8977087e-08
1147	8.691105e-07
1148	9.3603163e-07
1149	5.9760161e-08
1150	8.6301693e-07
1151	9.2976714e-07
1152	9.9664058e-07
1153	5.8876172e-08
1154	8.6766453e-07
1155	9.3386072e-07
1156	5.9594772e-08
1157	8.612774e-07
1158	9.2735726e-07
1159	9.9355646e-07
1160	5.8691519e-08
1161	8.6558867e-07
1162	9.3112242e-07
1163	9.9700823e-07
1164	5.9568183e-08
1165	8.7181161e-07
1166	9.3713675e-07
1167	5.9761247e-08
1168	8.6257791e-07
1169	9.2765928e-07
1170	9.9287211e-07
1171	5.8777703e-08
1172	8.6572021e-07
1173	9.3025475e-07
1174	9.9515723e-07
1175	5.949399e-08
1176	8.7078282e-07
1177	9.3506278e-07
1178	9.9960019e-07
1179	5.9792682e-08
1180	8.7327656e-07
1181	9.3719664e-07
1182	5.9772764e-08
1183	8.6285971e-07
1184	9.2657272e-07
1185	9.9036894e-07
1186	5.8639312e-08
1187	8.6442167e-07
1188	9.2756184e-07
1189	9.9100389e-07
1190	5.9182392e-08
1191	8.6831893e-07
1192	9.3122584e-07
1193	9.943247e-07
1194	5.9350245e-08
1195	8.6985723e-07
1196	9.3237446e-07
1197	9.9509271e-07
1198	5.9457747e-08
1199	8.707526e-07
1200	9.329125e-07
1201	9.9527858e-07
1202	5.9483464e-08
1203	8.7111826e-07
1204	9.3291064e-07
1205	9.9486331e-07
1206	5.9436371e-08
1207	8.7101598e-07
1208	9.3240744e-07
1209	9.9400657e-07
1210	5.935829e-08
1211	8.7056426e-07
1212	9.3160734e-07
1213	9.9284742e-07
1214	5.9242532e-08
1215	8.6986104e-07
1216	9.3055507e-07
1217	9.9144966e-07
1218	5.9098246e-08
1219	8.6888074e-07
1220	9.2921224e-07
1221	9.8975618e-07
1222	5.8925922e-08
1223	8.6768673e-07
1224	9.2769038e-07
1225	9.879119e-07
1226	5.8731431e-08
1227	8.6634519e-07
1228	9.2597705e-07
1229	9.8586374e-07
1230	5.8504137e-08
1231	8.6479177e-07
1232	9.2412551e-07
1233	9.8363694e-07
1234	5.8281092e-08
1235	8.632019e-07
1236	9.2212632e-07
1237	9.8131461e-07
1238	5.8053603e-08
1239	8.6144194e-07
1240	9.2002541e-07
1241	9.788714e-07
1242	5.7811248e-08
1243	8.5961326e-07
1244	9.1792695e-07
1245	9.7636775e-07
1246	5.754073e-08
1247	8.5761194e-07
1248	9.1555646e-07
1249	9.7369662e-07
1250	5.7290597e-08
1251	8.5553795e-07
1252	9.1315335e-07
1253	9.7097395e-07
1254	5.7007873e-08
1255	8.5336166e-07
1256	9.106742e-07
1257	9.6810483e-07
1258	5.6731897e-08
1259	8.510864e-07
1260	9.0805012e-07
1261	9.6515976e-07
1262	5.6468702e-08
1263	8.4879216e-07
1264	9.0545156e-07
1265	9.6223587e-07
1266	5.6191663e-08
1267	8.4648478e-07
1268	9.0282013e-07
1269	9.5925061e-07
1270	5.5909047e-08
1271	8.4399794e-07
1272	8.9999882e-07
1273	9.5615271e-07
1274	5.5639578e-08
1275	8.4148785e-07
1276	8.9709584e-07
1277	9.5289543e-07
1278	5.5385132e-08
1279	8.3894522e-07
1280	8.9431754e-07
1281	9.4985319e-07
1282	5.5085729e-08
1283	8.3638153e-07
1284	8.9141109e-07
1285	9.4655755e-07
1286	5.482749e-08
1287	8.3380312e-07
1288	8.8851575e-07
1289	9.4334781e-07
1290	9.9822921e-07
1291	5.4627218e-08
1292	8.433217e-07
1293	8.9566814e-07
1294	9.5022059e-07
1295	5.5400058e-08
1296	8.380226e-07
1297	8.9218418e-07
1298	9.4646446e-07
1299	5.4751753e-08
1300	8.3225859e-07
1301	8.8598292e-07
1302	9.3991367e-07
1303	9.9389468e-07
1304	5.4404409e-08
1305	8.40135e-07
1306	8.916032e-07
1307	9.4520972e-07
1308	9.9889699e-07
1309	5.5090766e-08
1310	8.4469907e-07
1311	8.9681812e-07
1312	9.5011431e-07
1313	5.5394867e-08
1314	8.3675842e-07
1315	8.8960202e-07
1316	9.4252416e-07
1317	9.9554189e-07
1318	5.459643e-08
1319	8.4089322e-07
1320	8.9118629e-07
1321	9.4392692e-07
1322	9.9671991e-07
1323	5.5075537e-08
1324	8.432582e-07
1325	8.944523e-07
1326	9.4685028e-07
1327	9.9931668e-07
1328	5.5258721e-08
1329	8.4467875e-07
1330	8.9527644e-07
1331	9.4735477e-07
1332	9.994948e-07
1333	5.5359207e-08
1334	8.4512879e-07
1335	8.9545881e-07
1336	9.4722989e-07
1337	9.9904207e-07
1338	5.5366398e-08
1339	8.4505405e-07
1340	8.9496917e-07
1341	9.4634624e-07
1342	9.9777692e-07
1343	5.535179e-08
1344	8.4441183e-07
1345	8.9398574e-07
1346	9.4498703e-07
1347	9.9612257e-07
1348	5.5282346e-08
1349	8.4344709e-07
1350	8.927813e-07
1351	9.4352739e-07
1352	9.9432384e-07
1353	5.5177967e-08
1354	8.4225019e-07
1355	8.9110853e-07
1356	9.4144845e-07
1357	9.9189312e-07
1358	5.5055957e-08
1359	8.407372e-07
1360	8.8938701e-07
1361	9.3945404e-07
1362	9.8955822e-07
1363	5.4900398e-08
1364	8.3908398e-07
1365	8.8740649e-07
1366	9.3717777e-07
1367	9.8693159e-07
1368	5.4751681e-08
1369	8.3729712e-07
1370	8.8517198e-07
1371	9.3456257e-07
1372	9.8406781e-07
1373	5.4575967e-08
1374	8.3534497e-07
1375	8.8309862e-07
1376	9.3219576e-07
1377	9.8137637e-07
1378	5.4375203e-08
1379	8.3339729e-07
1380	8.8073812e-07
1381	9.2951754e-07
1382	9.7836921e-07
1383	5.4163898e-08
1384	8.3122199e-07
1385	8.7825029e-07
1386	9.2670172e-07
1387	9.7522364e-07
1388	5.3942011e-08
1389	8.2892065e-07
1390	8.7570234e-07
1391	9.2384291e-07
1392	9.7204139e-07
1393	5.3711596e-08
1394	8.2657242e-07
1395	8.7288504e-07
1396	9.2067091e-07
1397	9.6853928e-07
1398	5.3483536e-08
1399	8.2410588e-07
1400	8.7024178e-07
1401	9.1771051e-07
1402	9.6527081e-07
1403	5.3226349e-08
1404	8.215735e-07
1405	8.6737483e-07
1406	9.1452256e-07
1407	9.6172528e-07
1408	5.2981915e-08
1409	8.1890581e-07
1410	8.6428579e-07
1411	9.1110152e-07
1412	9.5797011e-07
1413	5.2732306e-08
1414	8.160726e-07
1415	8.6135633e-07
1416	9.0793076e-07
1417	9.5452923e-07
1418	5.2468584e-08
1419	8.1346533e-07
1420	8.5824768e-07
1421	9.0437235e-07
1422	9.5058898e-07
1423	9.9689989e-07
1424	5.2212491e-08
1425	8.2387716e-07
1426	8.6322274e-07
1427	9.0909009e-07
1428	9.5504806e-07
1429	5.277601e-08
1430	8.1468299e-07
1431	8.5954297e-07
1432	9.0511005e-07
1433	9.5073703e-07
1434	9.9641073e-07
1435	5.2203973e-08
1436	8.2324787e-07
1437	8.6158374e-07
1438	9.0667045e-07
1439	9.5193224e-07
1440	9.9726705e-07
1441	5.2619545e-08
1442	8.2487801e-07
1443	8.6447866e-07
1444	9.0941495e-07
1445	9.5443177e-07
1446	9.9949949e-07
1447	5.2750931e-08
1448	8.2607588e-07
1449	8.6485272e-07
1450	9.0939555e-07
1451	9.5401408e-07
1452	9.9874378e-07
1453	5.2822778e-08
1454	8.2603215e-07
1455	8.6469128e-07
1456	9.0898281e-07
1457	9.5333602e-07
1458	9.9774514e-07
1459	5.2790779e-08
1460	8.252557e-07
1461	8.6344873e-07
1462	9.0741132e-07
1463	9.5142354e-07
1464	9.9552977e-07
1465	5.2730623e-08
1466	8.2397605e-07
1467	8.6190511e-07
1468	9.0555636e-07
1469	9.4930638e-07
1470	9.9315791e-07
1471	5.2598852e-08
1472	8.224289e-07
1473	8.601267e-07
1474	9.0347708e-07
1475	9.4689298e-07
1476	9.9038212e-07
1477	5.2473247e-08
1478	8.2055835e-07
1479	8.5787751e-07
1480	9.0096763e-07
1481	9.4414873e-07
1482	9.8742668e-07
1483	5.2333285e-08
1484	8.1855073e-07
1485	8.556781e-07
1486	8.9844741e-07
1487	9.4135801e-07
1488	9.8435355e-07
1489	5.2140527e-08
1490	8.162602e-07
1491	8.5300025e-07
1492	8.9551352e-07
1493	9.3816762e-07
1494	9.8089657e-07
1495	5.1965639e-08
1496	8.1386633e-07
1497	8.505494e-07
1498	8.9285368e-07
1499	9.3522377e-07
1500	9.7764972e-07
1501	5.1751587e-08
1502	8.1142297e-07
1503	8.4768001e-07
1504	8.8964239e-07
1505	9.3174762e-07
1506	9.7391948e-07
1507	5.1556913e-08
1508	8.0880393e-07
1509	8.4488132e-07
1510	8.866143e-07
1511	9.2845442e-07
1512	9.703705e-07
1513	5.1339783e-08
1514	8.060076e-07
1515	8.4176125e-07
1516	8.8320379e-07
1517	9.2475908e-07
1518	9.6634634e-07
1519	5.1139912e-08
1520	8.0317085e-07
1521	8.386916e-07
1522	8.7987433e-07
1523	9.2117409e-07
1524	9.625248e-07
1525	5.0921136e-08
1526	8.0019536e-07
1527	8.3551582e-07
1528	8.7645629e-07
1529	9.174685e-07
1530	9.5853729e-07
1531	9.9964836e-07
1532	5.070998e-08
1533	8.0924375e-07
1534	8.3927118e-07
1535	8.7991717e-07
1536	9.2067395e-07
1537	9.6149136e-07
1538	5.0939179e-08
1539	7.9983248e-07
1540	8.3559536e-07
1541	8.760007e-07
1542	9.1643962e-07
1543	9.5693658e-07
1544	9.9749672e-07
1545	5.0501105e-08
1546	8.0740692e-07
1547	8.3656559e-07
1548	8.7666269e-07
1549	9.1687234e-07
1550	9.5711729e-07
1551	9.9744149e-07
1552	5.0765536e-08
1553	8.0834481e-07
1554	8.3856286e-07
1555	8.7842642e-07
1556	9.1834671e-07
1557	9.5829934e-07
1558	9.9831745e-07
1559	5.1211129e-08
1560	8.0882359e-07
1561	8.3847292e-07
1562	8.7811393e-07
1563	9.1783941e-07
1564	9.5764678e-07
1565	9.9751292e-07
1566	5.216691e-08
1567	8.086395e-07
1568	8.3803114e-07
1569	8.775178e-07
1570	9.1702575e-07
1571	9.5657454e-07
1572	9.9615806e-07
1573	5.4335048e-08
1574	8.0719794e-07
1575	8.3562331e-07
1576	8.7474619e-07
1577	9.1397273e-07
1578	9.5324709e-07
1579	9.9258668e-07
1580	5.6343289e-08
1581	8.053868e-07
1582	8.3294113e-07
1583	8.7173479e-07
1584	9.1062807e-07
1585	9.4953925e-07
1586	9.8852032e-07
1587	5.6819529e-08
1588	8.0355133e-07
1589	8.3087531e-07
1590	8.6942678e-07
1591	9.0802016e-07
1592	9.4666142e-07
1593	9.8539381e-07
1594	5.6911888e-08
1595	8.0184381e-07
1596	8.287822e-07
1597	8.6697336e-07
1598	9.0520175e-07
1599	9.4352553e-07
1600	9.8189675e-07
1601	5.6608835e-08
1602	7.9969577e-07
1603	8.2645446e-07
1604	8.6440924e-07
1605	9.0240664e-07
1606	9.4045616e-07
1607	9.7853293e-07
1608	5.504577e-08
1609	7.9778848e-07
1610	8.246832e-07
1611	8.6227433e-07
1612	8.9991178e-07
1613	9.376146e-07
1614	9.7537958e-07
1615	5.3346717e-08
1616	7.9582635e-07
1617	8.2295263e-07
1618	8.6028079e-07
1619	8.9769174e-07
1620	9.3517542e-07
1621	9.7270147e-07
1622	5.2939674e-08
1623	7.9382026e-07
1624	8.2056517e-07
1625	8.5759521e-07
1626	8.9468815e-07
1627	9.3182722e-07
1628	9.6900729e-07
1629	5.3042088e-08
1630	7.9138988e-07
1631	8.1788261e-07
1632	8.5463241e-07
1633	8.9142603e-07
1634	9.2824761e-07
1635	9.6509987e-07
1636	5.2314597e-08
1637	7.8880163e-07
1638	8.1509159e-07
1639	8.5147081e-07
1640	8.8788351e-07
1641	9.2436562e-07
1642	9.6089913e-07
1643	9.974922e-07
1644	5.13755e-08
1645	7.9646701e-07
1646	8.1802728e-07
1647	8.540936e-07
1648	8.9026076e-07
1649	9.2644511e-07
1650	9.6267114e-07
1651	9.989345e-07
1652	5.107436e-08
1653	7.9781854e-07
1654	8.2008159e-07
1655	8.5584049e-07
1656	8.9167537e-07
1657	9.2754787e-07
1658	9.6347132e-07
1659	9.9948606e-07
1660	5.1465301e-08
1661	7.9792623e-07
1662	8.1949563e-07
1663	8.5494028e-07
1664	8.9045166e-07
1665	9.2600816e-07
1666	9.6161529e-07
1667	9.9725725e-07
1668	5.1440354e-08
1669	7.968085e-07
1670	8.1815388e-07
1671	8.5330085e-07
1672	8.8848792e-07
1673	9.2373428e-07
1674	9.5903248e-07
1675	9.9438546e-07
1676	5.1119934e-08
1677	7.9518951e-07
1678	8.1634626e-07
1679	8.511765e-07
1680	8.8605051e-07
1681	9.2096836e-07
1682	9.5592906e-07
1683	9.9094905e-07
1684	5.0953494e-08
1685	7.9298126e-07
1686	8.1399676e-07
1687	8.4854138e-07
1688	8.8312536e-07
1689	9.1773263e-07
1690	9.5239959e-07
1691	9.8710196e-07
1692	5.107279e-08
1693	7.9028055e-07
1694	8.1082434e-07
1695	8.4498775e-07
1696	8.7924366e-07
1697	9.1354657e-07
1698	9.4790642e-07
1699	9.8231986e-07
1700	5.0881636e-08
1701	7.8720536e-07
1702	8.0770008e-07
1703	8.4160249e-07
1704	8.7553955e-07
1705	9.0950956e-07
1706	9.4353856e-07
1707	9.7763176e-07
1708	5.0839615e-08
1709	7.8393617e-07
1710	8.0410974e-07
1711	8.3769465e-07
1712	8.7133827e-07
1713	9.0502394e-07
1714	9.3875156e-07
1715	9.7252191e-07
1716	5.0934317e-08
1717	7.8033569e-07
1718	8.0022587e-07
1719	8.3350342e-07
1720	8.6679985e-07
1721	9.0013334e-07
1722	9.3351878e-07
1723	9.6696686e-07
1724	5.0754511e-08
1725	7.7648193e-07
1726	7.9623425e-07
1727	8.291969e-07
1728	8.6222415e-07
1729	8.9527378e-07
1730	9.2837966e-07
1731	9.6152154e-07
1732	9.9468097e-07
1733	5.0630032e-08
1734	7.8217548e-07
1735	7.979932e-07
1736	8.2977295e-07
1737	8.6244616e-07
1738	8.9517018e-07
1739	9.2796877e-07
1740	9.6081682e-07
1741	9.9370593e-07
1742	5.0943815e-08
1743	7.818388e-07
1744	7.9801607e-07
1745	8.2981086e-07
1746	8.6217411e-07
1747	8.945633e-07
1748	9.2698889e-07
1749	9.5948052e-07
1750	9.9204973e-07
1751	5.1086742e-08
1752	7.8058809e-07
1753	7.9635374e-07
1754	8.2775396e-07
1755	8.5979781e-07
1756	8.9187286e-07
1757	9.239911e-07
1758	9.5615014e-07
1759	9.8834831e-07
1760	5.1093182e-08
1761	7.7826787e-07
1762	7.9379954e-07
1763	8.2479635e-07
1764	8.5648371e-07
1765	8.8821719e-07
1766	9.2001662e-07
1767	9.5186245e-07
1768	9.8376119e-07
1769	5.0991924e-08
1770	7.7528738e-07
1771	7.9070187e-07
1772	8.2139062e-07
1773	8.5275204e-07
1774	8.8412538e-07
1775	9.1555042e-07
1776	9.4703872e-07
1777	9.7859074e-07
1778	5.0765097e-08
1779	7.7189753e-07
1780	7.8713433e-07
1781	8.1750838e-07
1782	8.4854273e-07
1783	8.7961821e-07
1784	9.1071906e-07
1785	9.4185161e-07
1786	9.7305419e-07
1787	5.0463564e-08
1788	7.6829657e-07
1789	7.8335084e-07
1790	8.133175e-07
1791	8.44005e-07
1792	8.7473284e-07
1793	9.0551408e-07
1794	9.3634048e-07
1795	9.6721731e-07
1796	9.9812624e-07
1797	5.002428e-08
1798	7.7324817e-07
1799	7.8618086e-07
1800	8.1378152e-07
1801	8.4411791e-07
1802	8.7451651e-07
1803	9.0496861e-07
1804	9.3547534e-07
1805	9.6602502e-07
1806	9.9661757e-07
1807	5.0080133e-08
1808	7.7271633e-07
1809	7.8567571e-07
1810	8.1354849e-07
1811	8.4356261e-07
1812	8.7361412e-07
1813	9.0373789e-07
1814	9.3390578e-07
1815	9.6412575e-07
1816	9.9438026e-07
1817	4.9951043e-08
1818	7.7122575e-07
1819	7.8398454e-07
1820	8.1132048e-07
1821	8.4101163e-07
1822	8.7071675e-07
1823	9.0047752e-07
1824	9.3029329e-07
1825	9.6017865e-07
1826	9.9008697e-07
1827	4.9784992e-08
1828	7.6872297e-07
1829	7.8137788e-07
1830	8.083541e-07
1831	8.3768606e-07
1832	8.67049e-07
1833	8.96458e-07
1834	9.2592867e-07
1835	9.5546735e-07
1836	9.8505012e-07
1837	4.9565993e-08
1838	7.6565602e-07
1839	7.7825027e-07
1840	8.048831e-07
1841	8.3387084e-07
1842	8.6290971e-07
1843	8.9196222e-07
1844	9.2106585e-07
1845	9.5024925e-07
1846	9.7948037e-07
1847	4.933026e-08
1848	7.6225971e-07
1849	7.7474842e-07
1850	8.0103153e-07
1851	8.2970791e-07
1852	8.5839606e-07
1853	8.8713553e-07
1854	9.1588277e-07
1855	9.4473172e-07
1856	9.735934e-07
1857	4.9055713e-08
1858	7.584343e-07
1859	7.7084171e-07
1860	7.9671139e-07
1861	8.2502808e-07
1862	8.533472e-07
1863	8.8174066e-07
1864	9.1014057e-07
1865	9.3861999e-07
1866	9.6711269e-07
1867	9.9570649e-07
1868	4.8833e-08
1869	7.6252945e-07
1870	7.7446179e-07
1871	7.9673075e-07
1872	8.2466733e-07
1873	8.5263666e-07
1874	8.806415e-07
1875	9.0870063e-07
1876	9.3683175e-07
1877	9.6502033e-07
1878	9.9325687e-07
1879	4.8955764e-08
1880	7.6148557e-07
1881	7.7326227e-07
1882	7.9585456e-07
1883	8.2343822e-07
1884	8.5105214e-07
1885	8.7872086e-07
1886	9.0643346e-07
1887	9.3421033e-07
1888	9.6205064e-07
1889	9.899184e-07
1890	4.8929402e-08
1891	7.5953365e-07
1892	7.7120216e-07
1893	7.9331788e-07
1894	8.2054804e-07
1895	8.4778936e-07
1896	8.7510604e-07
1897	9.024555e-07
1898	9.2991213e-07
1899	9.5738253e-07
1900	9.8491341e-07
1901	4.8846012e-08
1902	7.566077e-07
1903	7.6824388e-07
1904	7.8999542e-07
1905	8.1689689e-07
1906	8.4378434e-07
1907	8.707673e-07
1908	8.9780436e-07
1909	9.2486851e-07
1910	9.5198954e-07
1911	9.7913102e-07
1912	4.8719016e-08
1913	7.5324719e-07
1914	7.648219e-07
1915	7.8619274e-07
1916	8.1270163e-07
1917	8.3926242e-07
1918	8.6588066e-07
1919	8.9258673e-07
1920	9.1929393e-07
1921	9.4606544e-07
1922	9.7284548e-07
1923	9.9963747e-07
1924	4.8730969e-08
1925	7.5735401e-07
1926	7.685491e-07
1927	7.8655342e-07
1928	8.1261323e-07
1929	8.3884792e-07
1930	8.651411e-07
1931	8.9148478e-07
1932	9.1785959e-07
1933	9.442661e-07
1934	9.7073468e-07
1935	9.9726609e-07
1936	4.8947195e-08
1937	7.5656296e-07
1938	7.6760879e-07
1939	7.8596143e-07
1940	8.1171026e-07
1941	8.3756962e-07
1942	8.6349778e-07
1943	8.894383e-07
1944	9.1548441e-07
1945	9.4157806e-07
1946	9.677626e-07
1947	9.9396839e-07
1948	4.9051549e-08
1949	7.5470949e-07
1950	7.6566512e-07
1951	7.8351145e-07
1952	8.0882313e-07
1953	8.343271e-07
1954	8.5991075e-07
1955	8.8561058e-07
1956	9.1136378e-07
1957	9.3715198e-07
1958	9.6300025e-07
1959	9.8891324e-07
1960	4.9052641e-08
1961	7.5196035e-07
1962	7.6284492e-07
1963	7.8042442e-07
1964	8.0541122e-07
1965	8.3068125e-07
1966	8.5600258e-07
1967	8.8140018e-07
1968	9.0684586e-07
1969	9.3233299e-07
1970	9.5790435e-07
1971	9.8353355e-07
1972	4.902522e-08
1973	7.4887438e-07
1974	7.5975516e-07
1975	7.7710922e-07
1976	8.0190963e-07
1977	8.2686331e-07
1978	8.5190625e-07
1979	8.7697873e-07
1980	9.0211535e-07
1981	9.2732253e-07
1982	9.5258535e-07
1983	9.7792755e-07
1984	4.8952137e-08
1985	7.4552471e-07
1986	7.564566e-07
1987	7.736473e-07
1988	7.9808342e-07
1989	8.2265131e-07
1990	8.4727787e-07
1991	8.7205458e-07
1992	8.9693937e-07
1993	9.2192158e-07
1994	9.46919e-07
1995	9.7193814e-07
1996	9.9700621e-07
1997	4.9085785e-08
1998	7.4952464e-07
1999	7.602044e-07
2000	7.7464175e-07
2001	7.98532e-07
2002	8.2294544e-07
2003	8.4736437e-07
2004	8.7185211e-07
2005	8.9638763e-07
2006	9.2097053e-07
2007	9.4562211e-07
2008	9.7037604e-07
2009	9.9518481e-07
2010	4.9262833e-08
2011	7.4898919e-07
2012	7.5964099e-07
2013	7.7429381e-07
2014	7.9799872e-07
2015	8.2206444e-07
2016	8.4623078e-07
2017	8.7046729e-07
2018	8.9476919e-07
2019	9.1910893e-07
2020	9.4346538e-07
2021	9.678272e-07
2022	9.9221866e-07
2023	4.9426222e-08
2024	7.47906e-07
2025	7.5850845e-07
2026	7.7282099e-07
2027	7.9619002e-07
2028	8.1995446e-07
2029	8.4379319e-07
2030	8.6763592e-07
2031	8.9158098e-07
2032	9.1555579e-07
2033	9.3959935e-07
2034	9.6367562e-07
2035	9.8780664e-07
2036	4.9431896e-08
2037	7.4592872e-07
2038	7.5651412e-07
2039	7.7065003e-07
2040	7.9366391e-07
2041	8.171413e-07
2042	8.4063439e-07
2043	8.6423237e-07
2044	8.8782973e-07
2045	9.1147121e-07
2046	9.3513556e-07
2047	9.5879234e-07
2048	9.824982e-07
2049	4.943154e-08
2050	7.4368157e-07
2051	7.5417568e-07
2052	7.6806461e-07
2053	7.9071566e-07
2054	8.1384235e-07
2055	8.3699834e-07
2056	8.602164e-07
2057	8.8343731e-07
2058	9.0674093e-07
2059	9.3006588e-07
2060	9.5346447e-07
2061	9.7687354e-07
2062	4.9351919e-08
2063	7.4093016e-07
2064	7.5140809e-07
2065	7.6518151e-07
2066	7.8750064e-07
2067	8.1026313e-07
2068	8.3303633e-07
2069	8.5589585e-07
2070	8.7875587e-07
2071	9.0166266e-07
2072	9.2461565e-07
2073	9.4754681e-07
2074	9.7051872e-07
2075	9.9354644e-07
2076	4.952685e-08
2077	7.4511536e-07
2078	7.5530137e-07
2079	7.6719278e-07
2080	7.8812316e-07
2081	8.1054052e-07
2082	8.3300826e-07
2083	8.5548752e-07
2084	8.7804911e-07
2085	9.0068337e-07
2086	9.2332464e-07
2087	9.4599039e-07
2088	9.6869123e-07
2089	9.9141818e-07
2090	4.9701763e-08
2091	7.4500382e-07
2092	7.5504975e-07
2093	7.6692152e-07
2094	7.8777142e-07
2095	8.0983576e-07
2096	8.3196022e-07
2097	8.5408448e-07
2098	8.7625733e-07
2099	8.9842155e-07
2100	9.2066021e-07
2101	9.4293615e-07
2102	9.6526836e-07
2103	9.8763377e-07
2104	4.984105e-08
2105	7.4370348e-07
2106	7.5366573e-07
2107	7.6531213e-07
2108	7.8572859e-07
2109	8.0743375e-07
2110	8.2919501e-07
2111	8.5102173e-07
2112	8.7286102e-07
2113	8.9471874e-07
2114	9.1664501e-07
2115	9.3860031e-07
2116	9.6057239e-07
2117	9.825898e-07
2118	4.9803437e-08
2119	7.4170683e-07
2120	7.5156178e-07
2121	7.6302952e-07
2122	7.8311408e-07
2123	8.044834e-07
2124	8.2589823e-07
2125	8.4730383e-07
2126	8.6879619e-07
2127	8.9035583e-07
2128	9.1193021e-07
2129	9.3352562e-07
2130	9.5515494e-07
2131	9.7681374e-07
2132	9.985047e-07
2133	5.0070441e-08
2134	7.4610709e-07
2135	7.5570931e-07
2136	7.6610383e-07
2137	7.8436582e-07
2138	8.0531921e-07
2139	8.2639408e-07
2140	8.474788e-07
2141	8.6859953e-07
2142	8.8979537e-07
2143	9.1105113e-07
2144	9.3233012e-07
2145	9.5364651e-07
2146	9.7496924e-07
2147	9.9633673e-07
2148	5.0237858e-08
2149	7.4636546e-07
2150	7.5588265e-07
2151	7.6617276e-07
2152	7.8442382e-07
2153	8.0507492e-07
2154	8.2579248e-07
2155	8.4657382e-07
2156	8.673698e-07
2157	8.8820161e-07
2158	9.0910895e-07
2159	9.3006415e-07
2160	9.5104537e-07
2161	9.7205204e-07
2162	9.9308395e-07
2163	5.0454768e-08
2164	7.4574935e-07
2165	7.5514682e-07
2166	7.6526398e-07
2167	7.829727e-07
2168	8.0329928e-07
2169	8.2369191e-07
2170	8.4415134e-07
2171	8.6462523e-07
2172	8.8514295e-07
2173	9.0568008e-07
2174	9.2627233e-07
2175	9.4689596e-07
2176	9.6758299e-07
2177	9.8828498e-07
2178	5.0483786e-08
2179	7.4446319e-07
2180	7.5377867e-07
2181	7.6380847e-07
2182	7.811738e-07
2183	8.0117323e-07
2184	8.2126685e-07
2185	8.4139446e-07
2186	8.61564e-07
2187	8.8177157e-07
2188	9.020096e-07
2189	9.2228154e-07
2190	9.4260587e-07
2191	9.6296065e-07
2192	9.8334045e-07
2193	5.0702561e-08
2194	7.4252611e-07
2195	7.5177253e-07
2196	7.617046e-07
2197	7.787199e-07
2198	7.9834331e-07
2199	8.1810495e-07
2200	8.3791569e-07
2201	8.5776873e-07
2202	8.7765054e-07
2203	8.9755887e-07
2204	9.1748605e-07
2205	9.3744146e-07
2206	9.5744009e-07
2207	9.774879e-07
2208	9.9754166e-07
2209	5.0921031e-08
2210	7.4712559e-07
2211	7.5612559e-07
2212	7.6569883e-07
2213	7.8047811e-07
2214	7.997556e-07
2215	8.1922053e-07
2216	8.3870943e-07
2217	8.5823905e-07
2218	8.7778754e-07
2219	8.9733804e-07
2220	9.169193e-07
2221	9.3654076e-07
2222	9.562227e-07
2223	9.7591374e-07
2224	9.9563994e-07
2225	5.1306828e-08
2226	7.4766693e-07
2227	7.5650618e-07
2228	7.6592625e-07
2229	7.8069567e-07
2230	7.9965087e-07
2231	8.1873656e-07
2232	8.3784933e-07
2233	8.570154e-07
2234	8.7622584e-07
2235	8.9548019e-07
2236	9.1476464e-07
2237	9.3410189e-07
2238	9.534729e-07
2239	9.7287354e-07
2240	9.9228317e-07
2241	5.1467831e-08
2242	7.4752941e-07
2243	7.5626865e-07
2244	7.6558295e-07
2245	7.8004385e-07
2246	7.9871047e-07
2247	8.1752117e-07
2248	8.3635562e-07
2249	8.5521714e-07
2250	8.7409831e-07
2251	8.9300576e-07
2252	9.1194964e-07
2253	9.3093267e-07
2254	9.4995263e-07
2255	9.6898437e-07
2256	9.880428e-07
2257	5.1664837e-08
2258	7.4627618e-07
2259	7.5489847e-07
2260	7.6411242e-07
2261	7.7822298e-07
2262	7.9650396e-07
2263	8.1495822e-07
2264	8.3345037e-07
2265	8.5195742e-07
2266	8.7049767e-07
2267	8.8906528e-07
2268	9.0769888e-07
2269	9.2637848e-07
2270	9.450878e-07
2271	9.6380103e-07
2272	9.8254764e-07
2273	5.1786381e-08
2274	7.4454771e-07
2275	7.5308771e-07
2276	7.6219963e-07
2277	7.7602992e-07
2278	7.9400742e-07
2279	8.1213834e-07
2280	8.303029e-07
2281	8.4850582e-07
2282	8.6675862e-07
2283	8.8506058e-07
2284	9.0342623e-07
2285	9.2180845e-07
2286	9.4019285e-07
2287	9.5858999e-07
2288	9.7702047e-07
2289	9.9546892e-07
2290	5.2021479e-08
2291	7.4843735e-07
2292	7.5660589e-07
2293	7.6543005e-07
2294	7.77232e-07
2295	7.947518e-07
2296	8.1257261e-07
2297	8.3042617e-07
2298	8.4833257e-07
2299	8.6627853e-07
2300	8.8426979e-07
2301	9.0227048e-07
2302	9.2029018e-07
2303	9.3832426e-07
2304	9.5637124e-07
2305	9.744612e-07
2306	9.9258963e-07
2307	5.2411787e-08
2308	7.4875181e-07
2309	7.568416e-07
2310	7.6556601e-07
2311	7.774179e-07
2312	7.9469996e-07
2313	8.1222593e-07
2314	8.2979447e-07
2315	8.4739555e-07
2316	8.6502411e-07
2317	8.8267755e-07
2318	9.0033954e-07
2319	9.1801794e-07
2320	9.3572438e-07
2321	9.5347703e-07
2322	9.7127277e-07
2323	9.8908304e-07
2324	5.2439544e-08
2325	7.4813382e-07
2326	7.5603168e-07
2327	7.6457362e-07
2328	7.7601897e-07
2329	7.9291242e-07
2330	8.1009913e-07
2331	8.273144e-07
2332	8.4455932e-07
2333	8.6182685e-07
2334	8.791253e-07
2335	8.9648226e-07
2336	9.1388542e-07
2337	9.3132703e-07
2338	9.4879526e-07
2339	9.6627826e-07
2340	9.8376977e-07
2341	5.2672225e-08
2342	7.4632175e-07
2343	7.5410702e-07
2344	7.6256624e-07
2345	7.738387e-07
2346	7.9046366e-07
2347	8.0735095e-07
2348	8.2427029e-07
2349	8.4121721e-07
2350	8.5820545e-07
2351	8.7522754e-07
2352	8.923041e-07
2353	9.0942442e-07
2354	9.2659042e-07
2355	9.4376794e-07
2356	9.6096841e-07
2357	9.7817396e-07
2358	9.9543479e-07
2359	5.2907627e-08
2360	7.5029226e-07
2361	7.5768607e-07
2362	7.6584485e-07
2363	7.7557029e-07
2364	7.9140266e-07
2365	8.0799062e-07
2366	8.2466178e-07
2367	8.4137561e-07
2368	8.5813296e-07
2369	8.7490234e-07
2370	8.9169374e-07
2371	9.0850968e-07
2372	9.2534415e-07
2373	9.4221547e-07
2374	9.5911717e-07
2375	9.760294e-07
2376	9.9297046e-07
2377	5.3059596e-08
2378	7.5062544e-07
2379	7.579282e-07
2380	7.6601469e-07
2381	7.7582784e-07
2382	7.9156184e-07
2383	8.0791469e-07
2384	8.2428483e-07
2385	8.4067467e-07
2386	8.5708823e-07
2387	8.7354461e-07
2388	8.9006796e-07
2389	9.0662377e-07
2390	9.2318411e-07
2391	9.3976134e-07
2392	9.5635516e-07
2393	9.7295747e-07
2394	9.8958701e-07
2395	5.3275873e-08
2396	7.5036084e-07
2397	7.575604e-07
2398	7.6557153e-07
2399	7.7504002e-07
2400	7.9040343e-07
2401	8.0640957e-07
2402	8.2248469e-07
2403	8.3859652e-07
2404	8.5473076e-07
2405	8.708926e-07
2406	8.8708015e-07
2407	9.0326915e-07
2408	9.194782e-07
2409	9.3574243e-07
2410	9.5205609e-07
2411	9.6837946e-07
2412	9.8471028e-07
2413	5.3103503e-08
2414	7.4946565e-07
2415	7.5656591e-07
2416	7.6446629e-07
2417	7.7380682e-07
2418	7.8890004e-07
2419	8.0463266e-07
2420	8.2040642e-07
2421	8.3620544e-07
2422	8.5201696e-07
2423	8.6785401e-07
2424	8.8375899e-07
2425	8.9968958e-07
2426	9.1563424e-07
2427	9.3158183e-07
2428	9.4754583e-07
2429	9.6352431e-07
2430	9.7954798e-07
2431	9.956206e-07
2432	5.3296222e-08
2433	7.535141e-07
2434	7.602866e-07
2435	7.6795166e-07
2436	7.7639979e-07
2437	7.9028522e-07
2438	8.0570476e-07
2439	8.212115e-07
2440	8.3674696e-07
2441	8.5230761e-07
2442	8.6788617e-07
2443	8.8348456e-07
2444	8.9910355e-07
2445	9.1475694e-07
2446	9.3047895e-07
2447	9.4622254e-07
2448	9.6197142e-07
2449	9.7772483e-07
2450	9.9349393e-07
2451	5.3379742e-08
2452	7.5465129e-07
2453	7.6128324e-07
2454	7.6886079e-07
2455	7.7724582e-07
2456	7.9104085e-07
2457	8.0616931e-07
2458	8.2137214e-07
2459	8.3661886e-07
2460	8.519066e-07
2461	8.6721299e-07
2462	8.8253426e-07
2463	8.9785887e-07
2464	9.1319846e-07
2465	9.2855804e-07
2466	9.4395711e-07
2467	9.5940054e-07
2468	9.7485788e-07
2469	9.9033518e-07
2470	5.3065342e-08
2471	7.5448939e-07
2472	7.6104673e-07
2473	7.6850968e-07
2474	7.7675856e-07
2475	7.9025525e-07
2476	8.0511672e-07
2477	8.2003752e-07
2478	8.3497195e-07
2479	8.4993838e-07
2480	8.6498042e-07
2481	8.8006389e-07
2482	8.9517028e-07
2483	9.1027969e-07
2484	9.2540154e-07
2485	9.4053475e-07
2486	9.5568576e-07
2487	9.7086823e-07
2488	9.860887e-07
2489	5.3108307e-08
2490	7.5382144e-07
2491	7.6030165e-07
2492	7.6767332e-07
2493	7.7581111e-07
2494	7.8905285e-07
2495	8.0364885e-07
2496	8.1832607e-07
2497	8.3301982e-07
2498	8.4772787e-07
2499	8.624475e-07
2500	8.7719305e-07
2501	8.9198125e-07
2502	9.0682775e-07
2503	9.2168712e-07
2504	9.3657072e-07
2505	9.5148255e-07
2506	9.6641236e-07
2507	9.813592e-07
2508	9.9634493e-07
2509	5.3378408e-08
2510	7.5809086e-07
2511	7.642145e-07
2512	7.713911e-07
2513	7.7904426e-07
2514	7.9085566e-07
2515	8.0514582e-07
2516	8.1956634e-07
2517	8.3400714e-07
2518	8.4846411e-07
2519	8.6293299e-07
2520	8.7741209e-07
2521	8.9191339e-07
2522	9.0645682e-07
2523	9.210485e-07
2524	9.3565725e-07
2525	9.5028548e-07
2526	9.6493409e-07
2527	9.7959957e-07
2528	9.9427856e-07
2529	5.3591702e-08
2530	7.5886475e-07
2531	7.6484802e-07
2532	7.7191549e-07
2533	7.7947872e-07
2534	7.9125181e-07
2535	8.0528094e-07
2536	8.1943115e-07
2537	8.3360468e-07
2538	8.4781112e-07
2539	8.6202902e-07
2540	8.7626312e-07
2541	8.9052418e-07
2542	9.0479893e-07
2543	9.1911727e-07
2544	9.3346635e-07
2545	9.4782814e-07
2546	9.6221715e-07
2547	9.7663142e-07
2548	9.9106069e-07
2549	5.3654402e-08
2550	7.5915659e-07
2551	7.6501489e-07
2552	7.7198124e-07
2553	7.7940849e-07
2554	7.908311e-07
2555	8.0456431e-07
2556	8.1842727e-07
2557	8.3232227e-07
2558	8.4625046e-07
2559	8.6018646e-07
2560	8.7413381e-07
2561	8.8809627e-07
2562	9.0207096e-07
2563	9.160614e-07
2564	9.3011251e-07
2565	9.4419471e-07
2566	9.5830046e-07
2567	9.7243804e-07
2568	9.8660127e-07
2569	5.3630855e-08
2570	7.5867873e-07
2571	7.6443275e-07
2572	7.7130702e-07
2573	7.7863492e-07
2574	7.8982343e-07
2575	8.032716e-07
2576	8.1684715e-07
2577	8.3046468e-07
2578	8.4411166e-07
2579	8.5779804e-07
2580	8.7150662e-07
2581	8.8523022e-07
2582	8.9897909e-07
2583	9.1274028e-07
2584	9.2651656e-07
2585	9.4034967e-07
2586	9.5419662e-07
2587	9.6806655e-07
2588	9.8195891e-07
2589	9.9587595e-07
2590	5.3667615e-08
2591	7.6263593e-07
2592	7.6808698e-07
2593	7.7478469e-07
2594	7.8187571e-07
2595	7.9166286e-07
2596	8.0481114e-07
2597	8.1815571e-07
2598	8.315359e-07
2599	8.449448e-07
2600	8.5837361e-07
2601	8.7182679e-07
2602	8.8529331e-07
2603	8.9877332e-07
2604	9.122717e-07
2605	9.2579338e-07
2606	9.3936255e-07
2607	9.5293767e-07
2608	9.6654232e-07
2609	9.8017878e-07
2610	9.9383839e-07
2611	5.3658321e-08
2612	7.6346404e-07
2613	7.6880658e-07
2614	7.7540442e-07
2615	7.8241583e-07
2616	7.9222507e-07
2617	8.0516923e-07
2618	8.1828312e-07
2619	8.3142495e-07
2620	8.4459259e-07
2621	8.5777652e-07
2622	8.7096568e-07
2623	8.8417384e-07
2624	8.9739718e-07
2625	9.1063505e-07
2626	9.2391609e-07
2627	9.3721099e-07
2628	9.5051899e-07
2629	9.6385814e-07
2630	9.7721939e-07
2631	9.9061347e-07
2632	5.3564749e-08
2633	7.635159e-07
2634	7.688016e-07
2635	7.7532411e-07
2636	7.8224028e-07
2637	7.9178507e-07
2638	8.0447114e-07
2639	8.1733236e-07
2640	8.3022562e-07
2641	8.4314002e-07
2642	8.560596e-07
2643	8.6898807e-07
2644	8.8193442e-07
2645	8.9490163e-07
2646	9.0788916e-07
2647	9.2092544e-07
2648	9.339647e-07
2649	9.4702418e-07
2650	9.601116e-07
2651	9.7322155e-07
2652	9.8635844e-07
2653	9.9956584e-07
2654	5.3603031e-08
2655	7.6739826e-07
2656	7.7238036e-07
2657	7.7872533e-07
2658	7.8541115e-07
2659	7.9373061e-07
2660	8.0602288e-07
2661	8.1863491e-07
2662	8.3126191e-07
2663	8.4389062e-07
2664	8.5653515e-07
2665	8.6919609e-07
2666	8.8188063e-07
2667	8.9463377e-07
2668	9.0741273e-07
2669	9.2019504e-07
2670	9.329967e-07
2671	9.4582564e-07
2672	9.5866732e-07
2673	9.7153517e-07
2674	9.8445422e-07
2675	9.9744656e-07
2676	5.3625894e-08
2677	7.6836764e-07
2678	7.7326845e-07
2679	7.7951192e-07
2680	7.8610871e-07
2681	7.9441389e-07
2682	8.0649673e-07
2683	8.1884829e-07
2684	8.3120613e-07
2685	8.435844e-07
2686	8.5602809e-07
2687	8.6850146e-07
2688	8.8099331e-07
2689	8.9348196e-07
2690	9.0597909e-07
2691	9.18499e-07
2692	9.3103875e-07
2693	9.4359539e-07
2694	9.5618111e-07
2695	9.6880428e-07
2696	9.814676e-07
2697	9.942329e-07
2698	5.3577423e-08
2699	7.6840072e-07
2700	7.7319295e-07
2701	7.7932925e-07
2702	7.8580929e-07
2703	7.9389195e-07
2704	8.0571058e-07
2705	8.1782905e-07
2706	8.2998439e-07
2707	8.4216064e-07
2708	8.5435296e-07
2709	8.6655641e-07
2710	8.7875372e-07
2711	8.9096777e-07
2712	9.0320752e-07
2713	9.1546333e-07
2714	9.2775405e-07
2715	9.4007354e-07
2716	9.5241653e-07
2717	9.6478626e-07
2718	9.7720138e-07
2719	9.897048e-07
2720	5.3493214e-08
2721	7.6766271e-07
2722	7.7240461e-07
2723	7.7848122e-07
2724	7.8489231e-07
2725	7.9285653e-07
2726	8.0443415e-07
2727	8.1631092e-07
2728	8.2819863e-07
2729	8.4010593e-07
2730	8.5202645e-07
2731	8.6396316e-07
2732	8.7592141e-07
2733	8.8789361e-07
2734	8.9989676e-07
2735	9.119221e-07
2736	9.2396261e-07
2737	9.3602886e-07
2738	9.4811166e-07
2739	9.6022403e-07
2740	9.7239802e-07
2741	9.846346e-07
2742	9.9692281e-07
2743	5.3584481e-08
2744	7.7103912e-07
2745	7.7547839e-07
2746	7.8136145e-07
2747	7.875613e-07
2748	7.9464843e-07
2749	8.0566744e-07
2750	8.172719e-07
2751	8.2888503e-07
2752	8.4052845e-07
2753	8.522372e-07
2754	8.6398332e-07
2755	8.7574304e-07
2756	8.874978e-07
2757	8.9925966e-07
2758	9.1103486e-07
2759	9.2282688e-07
2760	9.3464155e-07
2761	9.4649958e-07
2762	9.5839359e-07
2763	9.7034176e-07
2764	9.8237768e-07
2765	9.9443495e-07
2766	5.3623137e-08
2767	7.7129764e-07
2768	7.7566487e-07
2769	7.81482e-07
2770	7.8761147e-07
2771	7.946441e-07
2772	8.0551478e-07
2773	8.1693292e-07
2774	8.2838576e-07
2775	8.3985304e-07
2776	8.5132112e-07
2777	8.6279158e-07
2778	8.7427426e-07
2779	8.8577371e-07
2780	8.9729621e-07
2781	9.0886058e-07
2782	9.204359e-07
2783	9.3204171e-07
2784	9.4367509e-07
2785	9.5535879e-07
2786	9.6711028e-07
2787	9.789054e-07
2788	9.9074494e-07
2789	5.3624823e-08
2790	7.7089607e-07
2791	7.7520128e-07
2792	7.8092334e-07
2793	7.8694802e-07
2794	7.9381397e-07
2795	8.0441991e-07
2796	8.1556711e-07
2797	8.267414e-07
2798	8.3793064e-07
2799	8.4914957e-07
2800	8.6043167e-07
2801	8.7173509e-07
2802	8.8303243e-07
2803	8.9434015e-07
2804	9.0565941e-07
2805	9.1699311e-07
2806	9.2835247e-07
2807	9.3975079e-07
2808	9.5118687e-07
2809	9.6270643e-07
2810	9.7428013e-07
2811	9.8589405e-07
2812	9.9752609e-07
2813	5.37632e-08
2814	7.7369784e-07
2815	7.7769527e-07
2816	7.8328666e-07
2817	7.8916261e-07
2818	7.9554331e-07
2819	8.0531774e-07
2820	8.1624707e-07
2821	8.2724828e-07
2822	8.3824931e-07
2823	8.4926071e-07
2824	8.6029062e-07
2825	8.7134226e-07
2826	8.8242572e-07
2827	8.9355253e-07
2828	9.0469476e-07
2829	9.1585232e-07
2830	9.2702696e-07
2831	9.3823903e-07
2832	9.4948977e-07
2833	9.6080505e-07
2834	9.7215683e-07
2835	9.8354096e-07
2836	9.9496201e-07
2837	5.3890382e-08
2838	7.7415771e-07
2839	7.7807898e-07
2840	7.8357363e-07
2841	7.8934217e-07
2842	7.9563033e-07
2843	8.0523783e-07
2844	8.159203e-07
2845	8.2670445e-07
2846	8.37511e-07
2847	8.4832351e-07
2848	8.5913692e-07
2849	8.6996207e-07
2850	8.8079935e-07
2851	8.9165055e-07
2852	9.0251758e-07
2853	9.1341408e-07
2854	9.2435974e-07
2855	9.3534621e-07
2856	9.4637486e-07
2857	9.5749137e-07
2858	9.6863281e-07
2859	9.797856e-07
2860	9.9097384e-07
2861	5.3924932e-08
2862	7.7336835e-07
2863	7.7724199e-07
2864	7.8265561e-07
2865	7.883423e-07
2866	7.9452766e-07
2867	8.0391991e-07
2868	8.1440297e-07
2869	8.2493175e-07
2870	8.3546237e-07
2871	8.4600017e-07
2872	8.5656005e-07
2873	8.671756e-07
2874	8.7781192e-07
2875	8.8844644e-07
2876	8.9909993e-07
2877	9.0976928e-07
2878	9.2046326e-07
2879	9.3120987e-07
2880	9.4203694e-07
2881	9.5292689e-07
2882	9.6385816e-07
2883	9.7482028e-07
2884	9.8578903e-07
2885	9.967669e-07
2886	5.4104244e-08
2887	7.7604075e-07
2888	7.7963427e-07
2889	7.8490295e-07
2890	7.9043726e-07
2891	7.963473e-07
2892	8.047556e-07
2893	8.1496807e-07
2894	8.2527946e-07
2895	8.35588e-07
2896	8.4591267e-07
2897	8.5626392e-07
2898	8.6662417e-07
2899	8.7702411e-07
2900	8.874481e-07
2901	8.9788916e-07
2902	9.083583e-07
2903	9.1886299e-07
2904	9.2943732e-07
2905	9.4006172e-07
2906	9.5072388e-07
2907	9.614393e-07
2908	9.7218434e-07
2909	9.8295154e-07
2910	9.937287e-07
2911	5.4224562e-08
2912	7.7595467e-07
2913	7.7945256e-07
2914	7.8462328e-07
2915	7.9004618e-07
2916	7.9585189e-07
2917	8.0416114e-07
2918	8.1415979e-07
2919	8.2426311e-07
2920	8.3435824e-07
2921	8.4446531e-07
2922	8.5459279e-07
2923	8.6473471e-07
2924	8.7490648e-07
2925	8.851161e-07
2926	8.953516e-07
2927	9.0561421e-07
2928	9.1592035e-07
2929	9.2628269e-07
2930	9.3670088e-07
2931	9.4715992e-07
2932	9.5764237e-07
2933	9.6814549e-07
2934	9.7865839e-07
2935	9.8919508e-07
2936	9.9974368e-07
2937	5.4426397e-08
2938	7.7861382e-07
2939	7.8184938e-07
2940	7.8686531e-07
2941	7.9210882e-07
2942	7.9771661e-07
2943	8.050272e-07
2944	8.1474921e-07
2945	8.2462891e-07
2946	8.3450807e-07
2947	8.4440157e-07
2948	8.5431424e-07
2949	8.6425901e-07
2950	8.742558e-07
2951	8.842804e-07
2952	8.943264e-07
2953	9.0440499e-07
2954	9.1451484e-07
2955	9.2470995e-07
2956	9.349487e-07
2957	9.4519046e-07
2958	9.5545072e-07
2959	9.6572518e-07
2960	9.7600939e-07
2961	9.8628255e-07
2962	9.96584e-07
2963	5.4512957e-08
2964	7.7797808e-07
2965	7.8110932e-07
2966	7.8602029e-07
2967	7.9117682e-07
2968	7.9668057e-07
2969	8.0393262e-07
2970	8.1342665e-07
2971	8.2307019e-07
2972	8.3272824e-07
2973	8.423985e-07
2974	8.5209146e-07
2975	8.6180535e-07
2976	8.7157045e-07
2977	8.8137521e-07
2978	8.9120169e-07
2979	9.0105879e-07
2980	9.1096488e-07
2981	9.2095536e-07
2982	9.3096333e-07
2983	9.4099776e-07
2984	9.5104742e-07
2985	9.6110178e-07
2986	9.7115906e-07
2987	9.8121908e-07
2988	9.9131871e-07
2989	5.4578627e-08
2990	7.7623138e-07
2991	7.7928416e-07
2992	7.8412094e-07
2993	7.8921394e-07
2994	7.9463559e-07
2995	8.0170574e-07
2996	8.1097847e-07
2997	8.2041612e-07
2998	8.2986061e-07
2999	8.3932698e-07
3000	8.4881731e-07
3001	8.5834128e-07
3002	8.6791666e-07
3003	8.7751827e-07
3004	8.8713343e-07
3005	8.9677035e-07
3006	9.0644692e-07
3007	9.1620198e-07
3008	9.2598287e-07
3009	9.3578787e-07
3010	9.4561109e-07
3011	9.5543227e-07
3012	9.6525391e-07
3013	9.7509143e-07
3014	9.8496575e-07
3015	9.9484569e-07
3016	5.4700096e-08
3017	7.7755272e-07
3018	7.8037165e-07
3019	7.8509821e-07
3020	7.9002771e-07
3021	7.9525643e-07
3022	8.0147571e-07
3023	8.1034943e-07
3024	8.1952862e-07
3025	8.2873802e-07
3026	8.379871e-07
3027	8.4729593e-07
3028	8.5662699e-07
3029	8.6597861e-07
3030	8.7535009e-07
3031	8.8476417e-07
3032	8.9422447e-07
3033	9.03694e-07
3034	9.1320734e-07
3035	9.2276936e-07
3036	9.3234342e-07
3037	9.4193299e-07
3038	9.5155089e-07
3039	9.6117896e-07
3040	9.7081824e-07
3041	9.8046926e-07
3042	9.9012898e-07
3043	9.9978013e-07
3044	5.4821333e-08
3045	7.7949976e-07
3046	7.8205083e-07
3047	7.8662027e-07
3048	7.9137282e-07
3049	7.9639119e-07
3050	8.0197103e-07
3051	8.1045301e-07
3052	8.1949025e-07
3053	8.2856253e-07
3054	8.3764008e-07
3055	8.4673242e-07
3056	8.5585113e-07
3057	8.6498682e-07
3058	8.7417421e-07
3059	8.8339553e-07
3060	8.9262863e-07
3061	9.0189882e-07
3062	9.1123285e-07
3063	9.2058107e-07
3064	9.2993634e-07
3065	9.393249e-07
3066	9.4873117e-07
3067	9.581413e-07
3068	9.6755531e-07
3069	9.7697102e-07
3070	9.8638365e-07
3071	9.9584154e-07
3072	5.4867802e-08
3073	7.785867e-07
3074	7.8105039e-07
3075	7.85558e-07
3076	7.9026618e-07
3077	7.9524433e-07
3078	8.0078401e-07
3079	8.0907047e-07
3080	8.1787116e-07
3081	8.2669585e-07
3082	8.3554475e-07
3083	8.4447351e-07
3084	8.5340971e-07
3085	8.6234718e-07
3086	8.7129568e-07
3087	8.8025777e-07
3088	8.8924915e-07
3089	8.9829888e-07
3090	9.0736313e-07
3091	9.1647077e-07
3092	9.2562514e-07
3093	9.3478426e-07
3094	9.4394066e-07
3095	9.5310124e-07
3096	9.6231915e-07
3097	9.7154803e-07
3098	9.8078984e-07
3099	9.9003712e-07
3100	9.9927407e-07
3101	5.4957276e-08
3102	7.7963347e-07
3103	7.8190243e-07
3104	7.8626527e-07
3105	7.9078929e-07
3106	7.9565145e-07
3107	8.009161e-07
3108	8.084767e-07
3109	8.1707165e-07
3110	8.2572343e-07
3111	8.3438154e-07
3112	8.4305888e-07
3113	8.5178013e-07
3114	8.6054558e-07
3115	8.6933187e-07
3116	8.781323e-07
3117	8.8694677e-07
3118	8.95791e-07
3119	9.0468835e-07
3120	9.1362088e-07
3121	9.225889e-07
3122	9.3157934e-07
3123	9.4058226e-07
3124	9.4959748e-07
3125	9.5861243e-07
3126	9.6761496e-07
3127	9.7666117e-07
3128	9.8573361e-07
3129	9.9480834e-07
3130	5.4936436e-08
3131	7.7827907e-07
3132	7.8049598e-07
3133	7.8479166e-07
3134	7.892525e-07
3135	7.9395262e-07
3136	7.9901291e-07
3137	8.0640853e-07
3138	8.1477758e-07
3139	8.232469e-07
3140	8.3173929e-07
3141	8.402334e-07
3142	8.4872209e-07
3143	8.5722587e-07
3144	8.6576651e-07
3145	8.7436514e-07
3146	8.8298217e-07
3147	8.916101e-07
3148	9.0027097e-07
3149	9.0898477e-07
3150	9.1772537e-07
3151	9.2649291e-07
3152	9.3528793e-07
3153	9.4410336e-07
3154	9.5292431e-07
3155	9.6173461e-07
3156	9.7053136e-07
3157	9.7932886e-07
3158	9.8814923e-07
3159	9.9699498e-07
3160	5.4957921e-08
3161	7.7822222e-07
3162	7.802125e-07
3163	7.8437967e-07
3164	7.8870616e-07
3165	7.9326122e-07
3166	7.9811805e-07
3167	8.047245e-07
3168	8.1282333e-07
3169	8.2107063e-07
3170	8.2937137e-07
3171	8.3767559e-07
3172	8.4597157e-07
3173	8.5427608e-07
3174	8.6262171e-07
3175	8.7101053e-07
3176	8.7944036e-07
3177	8.8787335e-07
3178	8.963247e-07
3179	9.0483564e-07
3180	9.1338016e-07
3181	9.2192942e-07
3182	9.3047647e-07
3183	9.3906596e-07
3184	9.4766384e-07
3185	9.5627468e-07
3186	9.6487702e-07
3187	9.7346328e-07
3188	9.8205517e-07
3189	9.9066036e-07
3190	9.9932717e-07
3191	5.5005959e-08
3192	7.7902062e-07
3193	7.8081422e-07
3194	7.848636e-07
3195	7.8907366e-07
3196	7.9349004e-07
3197	7.9818261e-07
3198	8.0414609e-07
3199	8.120434e-07
3200	8.20134e-07
3201	8.2823752e-07
3202	8.3633144e-07
3203	8.4441431e-07
3204	8.525086e-07
3205	8.6063584e-07
3206	8.6882753e-07
3207	8.7704215e-07
3208	8.8525953e-07
3209	8.9348428e-07
3210	9.0176946e-07
3211	9.1009217e-07
3212	9.1841411e-07
3213	9.2676776e-07
3214	9.3516092e-07
3215	9.4357042e-07
3216	9.5196652e-07
3217	9.6035037e-07
3218	9.6872477e-07
3219	9.771213e-07
3220	9.8556342e-07
3221	9.9402348e-07
3222	5.4954704e-08
3223	7.7688491e-07
3224	7.786553e-07
3225	7.8263065e-07
3226	7.8675763e-07
3227	7.9108495e-07
3228	7.9568147e-07
3229	8.0146745e-07
3230	8.0917497e-07
3231	8.1704735e-07
3232	8.2493911e-07
3233	8.3281438e-07
3234	8.4069322e-07
3235	8.486017e-07
3236	8.5653834e-07
3237	8.6451541e-07
3238	8.7250175e-07
3239	8.8049706e-07
3240	8.8853637e-07
3241	8.9663655e-07
3242	9.0474859e-07
3243	9.1287723e-07
3244	9.2104291e-07
3245	9.2922158e-07
3246	9.3740795e-07
3247	9.4558886e-07
3248	9.5374819e-07
3249	9.6192254e-07
3250	9.7013258e-07
3251	9.7837453e-07
3252	9.8661047e-07
3253	9.9481451e-07
3254	5.4919612e-08
3255	7.7663043e-07
3256	7.7823191e-07
3257	7.8206824e-07
3258	7.8602877e-07
3259	7.9019575e-07
3260	7.9466979e-07
3261	7.9986196e-07
3262	8.0723961e-07
3263	8.1485931e-07
3264	8.224952e-07
3265	8.3013588e-07
3266	8.3781004e-07
3267	8.4556618e-07
3268	8.5331093e-07
3269	8.6106542e-07
3270	8.6882395e-07
3271	8.7661033e-07
3272	8.8446856e-07
3273	8.9232722e-07
3274	9.0019291e-07
3275	9.0813138e-07
3276	9.1609351e-07
3277	9.2404464e-07
3278	9.3199003e-07
3279	9.3993179e-07
3280	9.4790526e-07
3281	9.5591821e-07
3282	9.6392052e-07
3283	9.7190111e-07
3284	9.798698e-07
3285	9.8783515e-07
3286	9.9580022e-07
3287	5.49126e-08
3288	7.7636925e-07
3289	7.7774276e-07
3290	7.8146686e-07
3291	7.8533811e-07
3292	7.8940248e-07
3293	7.9370652e-07
3294	7.9839593e-07
3295	8.0526427e-07
3296	8.1270638e-07
3297	8.2019373e-07
3298	8.2768197e-07
3299	8.3515657e-07
3300	8.4262392e-07
3301	8.5009785e-07
3302	8.5762539e-07
3303	8.6519749e-07
3304	8.7278124e-07
3305	8.8037085e-07
3306	8.8798653e-07
3307	8.9567021e-07
3308	9.0336777e-07
3309	9.110563e-07
3310	9.1880643e-07
3311	9.2658002e-07
3312	9.3435646e-07
3313	9.4212716e-07
3314	9.4987811e-07
3315	9.5762902e-07
3316	9.6544028e-07
3317	9.7326211e-07
3318	9.810739e-07
3319	9.8886577e-07
3320	9.9664211e-07
3321	5.4896146e-08
3322	7.7634874e-07
3323	7.7755136e-07
3324	7.8111633e-07
3325	7.8482425e-07
3326	7.8876182e-07
3327	7.9294239e-07
3328	7.973909e-07
3329	8.0362925e-07
3330	8.1077133e-07
3331	8.1799575e-07
3332	8.2529242e-07
3333	8.3259968e-07
3334	8.3990104e-07
3335	8.471991e-07
3336	8.5450581e-07
3337	8.6185355e-07
3338	8.6925373e-07
3339	8.7666177e-07
3340	8.8407485e-07
3341	8.9152143e-07
3342	8.9904241e-07
3343	9.0656419e-07
3344	9.1408555e-07
3345	9.2161141e-07
3346	9.2916496e-07
3347	9.3673428e-07
3348	9.4430547e-07
3349	9.518638e-07
3350	9.5940384e-07
3351	9.6694899e-07
3352	9.7454077e-07
3353	9.8215675e-07
3354	9.8976859e-07
3355	9.9736809e-07
3356	5.4894192e-08
3357	7.7645923e-07
3358	7.7750279e-07
3359	7.8095925e-07
3360	7.8454497e-07
3361	7.8837362e-07
3362	7.9242167e-07
3363	7.9675834e-07
3364	8.0229916e-07
3365	8.0923307e-07
3366	8.1624592e-07
3367	8.2328438e-07
3368	8.30384e-07
3369	8.3749909e-07
3370	8.4458912e-07
3371	8.5167856e-07
3372	8.5878273e-07
3373	8.6592884e-07
3374	8.7313421e-07
3375	8.803323e-07
3376	8.8755727e-07
3377	8.9486421e-07
3378	9.0218903e-07
3379	9.0950833e-07
3380	9.1682417e-07
3381	9.2418064e-07
3382	9.3155288e-07
3383	9.3892186e-07
3384	9.4627396e-07
3385	9.5360869e-07
3386	9.6093759e-07
3387	9.682665e-07
3388	9.7565595e-07
3389	9.8306901e-07
3390	9.9045108e-07
3391	9.9782176e-07
3392	5.4906737e-08
3393	7.7642694e-07
3394	7.7729733e-07
3395	7.8062085e-07
3396	7.8411948e-07
3397	7.8780569e-07
3398	7.9171627e-07
3399	7.9585356e-07
3400	8.0077288e-07
3401	8.0744021e-07
3402	8.1426587e-07
3403	8.2115299e-07
3404	8.280485e-07
3405	8.3493651e-07
3406	8.4182009e-07
3407	8.4870702e-07
3408	8.5560047e-07
3409	8.6257079e-07
3410	8.695687e-07
3411	8.7655016e-07
3412	8.8355297e-07
3413	8.9063851e-07
3414	8.9773611e-07
3415	9.048272e-07
3416	9.119461e-07
3417	9.1908728e-07
3418	9.2623964e-07
3419	9.33387e-07
3420	9.4051938e-07
3421	9.4763971e-07
3422	9.5476338e-07
3423	9.6193847e-07
3424	9.6912472e-07
3425	9.7629514e-07
3426	9.8344858e-07
3427	9.9059714e-07
3428	9.9774143e-07
3429	5.4897672e-08
3430	7.7639225e-07
3431	7.7711201e-07
3432	7.8036264e-07
3433	7.8376594e-07
3434	7.8734057e-07
3435	7.9110897e-07
3436	7.9508757e-07
3437	7.9952874e-07
3438	8.0585872e-07
3439	8.1251388e-07
3440	8.1917512e-07
3441	8.2581892e-07
3442	8.3245997e-07
3443	8.3909927e-07
3444	8.4578295e-07
3445	8.5250627e-07
3446	8.5923642e-07
3447	8.6598265e-07
3448	8.7273531e-07
3449	8.7955652e-07
3450	8.8642233e-07
3451	8.9328876e-07
3452	9.002066e-07
3453	9.0714509e-07
3454	9.1408259e-07
3455	9.2101305e-07
3456	9.2791958e-07
3457	9.3484947e-07
3458	9.4182125e-07
3459	9.4878924e-07
3460	9.5574258e-07
3461	9.6267142e-07
3462	9.6958926e-07
3463	9.765028e-07
3464	9.8343132e-07
3465	9.9040882e-07
3466	9.973904e-07
3467	5.4854513e-08
3468	7.7666725e-07
3469	7.7727824e-07
3470	7.8039662e-07
3471	7.8367853e-07
3472	7.8713237e-07
3473	7.907856e-07
3474	7.9467169e-07
3475	7.9882818e-07
3476	8.0454507e-07
3477	8.1092864e-07
3478	8.1734797e-07
3479	8.2383235e-07
3480	8.303238e-07
3481	8.3680272e-07
3482	8.4327509e-07
3483	8.4974475e-07
3484	8.5622115e-07
3485	8.6275498e-07
3486	8.6932255e-07
3487	8.7589808e-07
3488	8.8252986e-07
3489	8.892181e-07
3490	8.9590937e-07
3491	9.0262106e-07
3492	9.0932972e-07
3493	9.1604693e-07
3494	9.2277809e-07
3495	9.2950512e-07
3496	9.3621192e-07
3497	9.4290769e-07
3498	9.4958955e-07
3499	9.5632586e-07
3500	9.6307632e-07
3501	9.6981571e-07
3502	9.7654046e-07
3503	9.8325213e-07
3504	9.8996405e-07
3505	9.967078e-07
3506	5.4767423e-08
3507	7.766991e-07
3508	7.7719773e-07
3509	7.801863e-07
3510	7.8335104e-07
3511	7.8669822e-07
3512	7.9021087e-07
3513	7.9395151e-07
3514	7.9793139e-07
3515	8.0308328e-07
3516	8.0926707e-07
3517	8.1548165e-07
3518	8.2170267e-07
3519	8.279245e-07
3520	8.3419401e-07
3521	8.4047283e-07
3522	8.4674552e-07
3523	8.5302815e-07
3524	8.5931599e-07
3525	8.6561362e-07
3526	8.7198787e-07
3527	8.784114e-07
3528	8.8488983e-07
3529	8.9138527e-07
3530	8.9788489e-07
3531	9.0441189e-07
3532	9.1092188e-07
3533	9.1743973e-07
3534	9.2396137e-07
3535	9.304948e-07
3536	9.3701567e-07
3537	9.4350615e-07
3538	9.4998809e-07
3539	9.5645641e-07
3540	9.6296947e-07
3541	9.694962e-07
3542	9.7601098e-07
3543	9.825291e-07
3544	9.8905262e-07
3545	9.9557064e-07
3546	5.4645851e-08
3547	7.7642341e-07
3548	7.7682605e-07
3549	7.7968373e-07
3550	7.8273901e-07
3551	7.8597269e-07
3552	7.8937337e-07
3553	7.9297871e-07
3554	7.9679975e-07
3555	8.0144446e-07
3556	8.0736569e-07
3557	8.133894e-07
3558	8.1942063e-07
3559	8.2544517e-07
3560	8.3147281e-07
3561	8.3754407e-07
3562	8.4361546e-07
3563	8.4968963e-07
3564	8.5576904e-07
3565	8.6186131e-07
3566	8.6798604e-07
3567	8.7423508e-07
3568	8.8051586e-07
3569	8.8680999e-07
3570	8.9311294e-07
3571	8.994425e-07
3572	9.0577018e-07
3573	9.1208863e-07
3574	9.1841348e-07
3575	9.2474637e-07
3576	9.3107853e-07
3577	9.3738607e-07
3578	9.4368235e-07
3579	9.4996229e-07
3580	9.56225e-07
3581	9.6252978e-07
3582	9.6883579e-07
3583	9.7513769e-07
3584	9.814369e-07
3585	9.8774288e-07
3586	9.9406401e-07
3587	5.451069e-08
3588	7.7601964e-07
3589	7.7632628e-07
3590	7.7906912e-07
3591	7.8203195e-07
3592	7.851441e-07
3593	7.8842521e-07
3594	7.9189387e-07
3595	7.9556553e-07
3596	7.9980045e-07
3597	8.0533128e-07
3598	8.1114586e-07
3599	8.1696451e-07
3600	8.2276822e-07
3601	8.286046e-07
3602	8.3446074e-07
3603	8.4031071e-07
3604	8.4616769e-07
3605	8.5202702e-07
3606	8.5789389e-07
3607	8.6380606e-07
3608	8.6986422e-07
3609	8.7594165e-07
3610	8.8204237e-07
3611	8.8816408e-07
3612	8.9428897e-07
3613	9.0040599e-07
3614	9.0652288e-07
3615	9.1264318e-07
3616	9.1877794e-07
3617	9.2490227e-07
3618	9.3098963e-07
3619	9.3706655e-07
3620	9.4311926e-07
3621	9.4918017e-07
3622	9.5527075e-07
3623	9.6134983e-07
3624	9.6742858e-07
3625	9.7350315e-07
3626	9.795832e-07
3627	9.8568304e-07
3628	9.9192229e-07
3629	9.9820748e-07
3630	5.4439073e-08
3631	7.7708415e-07
3632	7.7726041e-07
3633	7.7982303e-07
3634	7.8263966e-07
3635	7.856053e-07
3636	7.8874927e-07
3637	7.9206705e-07
3638	7.9554505e-07
3639	7.9923941e-07
3640	8.0397689e-07
3641	8.0949224e-07
3642	8.1514224e-07
3643	8.2077949e-07
3644	8.2640967e-07
3645	8.3203298e-07
3646	8.3765975e-07
3647	8.4329077e-07
3648	8.489554e-07
3649	8.5466343e-07
3650	8.6046132e-07
3651	8.6633163e-07
3652	8.722298e-07
3653	8.7814267e-07
3654	8.8404362e-07
3655	8.8995371e-07
3656	8.958703e-07
3657	9.0178515e-07
3658	9.0767461e-07
3659	9.1354664e-07
3660	9.1939802e-07
3661	9.252564e-07
3662	9.3115466e-07
3663	9.370325e-07
3664	9.4289602e-07
3665	9.487468e-07
3666	9.5459224e-07
3667	9.6042905e-07
3668	9.6628708e-07
3669	9.7218903e-07
3670	9.7815938e-07
3671	9.8422258e-07
3672	9.9031773e-07
3673	9.9642936e-07
3674	5.434627e-08
3675	7.7660197e-07
3676	7.7671587e-07
3677	7.7908625e-07
3678	7.8179835e-07
3679	7.8466057e-07
3680	7.8768885e-07
3681	7.9088359e-07
3682	7.9425692e-07
3683	7.9781642e-07
3684	8.0214208e-07
3685	8.0729927e-07
3686	8.1267436e-07
3687	8.1803945e-07
3688	8.2341858e-07
3689	8.28836e-07
3690	8.3426918e-07
3691	8.3972326e-07
3692	8.4521122e-07
3693	8.507473e-07
3694	8.5637779e-07
3695	8.6203277e-07
3696	8.6770758e-07
3697	8.7340486e-07
3698	8.7911348e-07
3699	8.8481807e-07
3700	8.9053182e-07
3701	8.9623914e-07
3702	9.0195132e-07
3703	9.0764678e-07
3704	9.133112e-07
3705	9.189551e-07
3706	9.2457955e-07
3707	9.3019064e-07
3708	9.3579997e-07
3709	9.4143733e-07
3710	9.4709012e-07
3711	9.5275989e-07
3712	9.584546e-07
3713	9.6418015e-07
3714	9.6999637e-07
3715	9.758482e-07
3716	9.8172325e-07
3717	9.8761295e-07
3718	9.9351806e-07
3719	9.9941239e-07
3720	5.4323271e-08
3721	7.7749453e-07
3722	7.7752831e-07
3723	7.7961624e-07
3724	7.8214728e-07
3725	7.8481338e-07
3726	7.8766351e-07
3727	7.9069304e-07
3728	7.9390212e-07
3729	7.9725471e-07
3730	8.0094288e-07
3731	8.0556788e-07
3732	8.1056141e-07
3733	8.1572101e-07
3734	8.2089317e-07
3735	8.2611008e-07
3736	8.3136445e-07
3737	8.3665726e-07
3738	8.4203902e-07
3739	8.4749237e-07
3740	8.529545e-07
3741	8.5843257e-07
3742	8.6391207e-07
3743	8.6939485e-07
3744	8.7485208e-07
3745	8.803019e-07
3746	8.8576367e-07
3747	8.9124613e-07
3748	8.9673353e-07
3749	9.021889e-07
3750	9.0760975e-07
3751	9.1301509e-07
3752	9.1840661e-07
3753	9.2378994e-07
3754	9.2917378e-07
3755	9.3458849e-07
3756	9.4003319e-07
3757	9.4550761e-07
3758	9.5104866e-07
3759	9.5669279e-07
3760	9.623413e-07
3761	9.6800683e-07
3762	9.7367474e-07
3763	9.7934657e-07
3764	9.8500038e-07
3765	9.9063455e-07
3766	9.9627036e-07
3767	5.4189987e-08
3768	7.763466e-07
3769	7.7634413e-07
3770	7.782134e-07
3771	7.8063047e-07
3772	7.831881e-07
3773	7.8592464e-07
3774	7.8882365e-07
3775	7.9187172e-07
3776	7.9503882e-07
3777	7.9846525e-07
3778	8.027095e-07
3779	8.0740989e-07
3780	8.1239696e-07
3781	8.1741648e-07
3782	8.2247502e-07
3783	8.275704e-07
3784	8.32775e-07
3785	8.3801023e-07
3786	8.4326702e-07
3787	8.4853667e-07
3788	8.5380532e-07
3789	8.5906487e-07
3790	8.6429926e-07
3791	8.6953087e-07
3792	8.7477261e-07
3793	8.8002458e-07
3794	8.8527689e-07
3795	8.9050783e-07
3796	8.9570106e-07
3797	9.0087778e-07
3798	9.0605344e-07
3799	9.1125402e-07
3800	9.1648224e-07
3801	9.2171228e-07
3802	9.2696489e-07
3803	9.3224259e-07
3804	9.3762067e-07
3805	9.430452e-07
3806	9.4848452e-07
3807	9.5394223e-07
3808	9.5940033e-07
3809	9.6485282e-07
3810	9.7027749e-07
3811	9.7569112e-07
3812	9.8111243e-07
3813	9.8653907e-07
3814	9.9197413e-07
3815	9.9738909e-07
3816	5.4031567e-08
3817	7.7622663e-07
3818	7.7613868e-07
3819	7.777647e-07
3820	7.8004627e-07
3821	7.824372e-07
3822	7.8498072e-07
3823	7.8770054e-07
3824	7.906443e-07
3825	7.9372365e-07
3826	7.9699252e-07
3827	8.0072892e-07
3828	8.0514248e-07
3829	8.0975715e-07
3830	8.1464716e-07
3831	8.1956625e-07
3832	8.2450751e-07
3833	8.2947869e-07
3834	8.3448027e-07
3835	8.3949261e-07
3836	8.444842e-07
3837	8.4950795e-07
3838	8.5454089e-07
3839	8.5958331e-07
3840	8.6461276e-07
3841	8.696056e-07
3842	8.7459564e-07
3843	8.7959367e-07
3844	8.8464835e-07
3845	8.8970745e-07
3846	8.9473995e-07
3847	8.9977283e-07
3848	9.0480504e-07
3849	9.0985253e-07
3850	9.1496412e-07
3851	9.2007232e-07
3852	9.2519141e-07
3853	9.3033862e-07
3854	9.3550612e-07
3855	9.4070169e-07
3856	9.4588214e-07
3857	9.5107122e-07
3858	9.5628053e-07
3859	9.6149471e-07
3860	9.6670237e-07
3861	9.7187584e-07
3862	9.7703365e-07
3863	9.8218722e-07
3864	9.8738071e-07
3865	9.9259962e-07
3866	9.9779012e-07
3867	5.3775668e-08
3868	7.7563394e-07
3869	7.7551461e-07
3870	7.7692935e-07
3871	7.7912219e-07
3872	7.8145176e-07
3873	7.8392392e-07
3874	7.8658772e-07
3875	7.894477e-07
3876	7.9244858e-07
3877	7.9555435e-07
3878	7.989045e-07
3879	8.0289697e-07
3880	8.07238e-07
3881	8.1170228e-07
3882	8.1637629e-07
3883	8.2107164e-07
3884	8.2576443e-07
3885	8.3053011e-07
3886	8.3530133e-07
3887	8.4005733e-07
3888	8.4485688e-07
3889	8.4970542e-07
3890	8.5455846e-07
3891	8.593965e-07
3892	8.6422574e-07
3893	8.6906382e-07
3894	8.7391531e-07
3895	8.7879288e-07
3896	8.8367535e-07
3897	8.8853211e-07
3898	8.9336465e-07
3899	8.9818972e-07
3900	9.0304938e-07
3901	9.0792914e-07
3902	9.1280068e-07
3903	9.1766937e-07
3904	9.2252201e-07
3905	9.2741881e-07
3906	9.3235468e-07
3907	9.3727083e-07
3908	9.4220511e-07
3909	9.4721033e-07
3910	9.5222659e-07
3911	9.5723089e-07
3912	9.6221726e-07
3913	9.6721632e-07
3914	9.7221785e-07
3915	9.7725102e-07
3916	9.8229053e-07
3917	9.8730957e-07
3918	9.9229156e-07
3919	9.9726126e-07
3920	5.3638309e-08
3921	7.7509094e-07
3922	7.7491428e-07
3923	7.7607671e-07
3924	7.7817955e-07
3925	7.8041875e-07
3926	7.8279348e-07
3927	7.8529129e-07
3928	7.8792848e-07
3929	7.9071639e-07
3930	7.9367483e-07
3931	7.9685989e-07
3932	8.0033595e-07
3933	8.0437363e-07
3934	8.085179e-07
3935	8.1276204e-07
3936	8.1723504e-07
3937	8.2180881e-07
3938	8.263699e-07
3939	8.3093062e-07
3940	8.355617e-07
3941	8.4022136e-07
3942	8.4486121e-07
3943	8.494896e-07
3944	8.5415899e-07
3945	8.5882481e-07
3946	8.6348747e-07
3947	8.6811238e-07
3948	8.7270866e-07
3949	8.7729676e-07
3950	8.8192169e-07
3951	8.8657848e-07
3952	8.9122643e-07
3953	8.9586542e-07
3954	9.0050022e-07
3955	9.0513775e-07
3956	9.0979659e-07
3957	9.1453479e-07
3958	9.1926694e-07
3959	9.2398528e-07
3960	9.2875175e-07
3961	9.335709e-07
3962	9.3837875e-07
3963	9.4316702e-07
3964	9.4798192e-07
3965	9.528102e-07
3966	9.576398e-07
3967	9.6244679e-07
3968	9.672177e-07
3969	9.7197871e-07
3970	9.7675243e-07
3971	9.8157567e-07
3972	9.8637847e-07
3973	9.9116981e-07
3974	9.9594844e-07
3975	5.3476578e-08
3976	7.7361024e-07
3977	7.7342044e-07
3978	7.7439238e-07
3979	7.7638661e-07
3980	7.785342e-07
3981	7.8083845e-07
3982	7.8329011e-07
3983	7.8587006e-07
3984	7.8859196e-07
3985	7.9140019e-07
3986	7.9441832e-07
3987	7.9764445e-07
3988	8.0126555e-07
3989	8.0518462e-07
3990	8.0916829e-07
3991	8.1321175e-07
3992	8.174899e-07
3993	8.2182192e-07
3994	8.2616574e-07
3995	8.3053565e-07
3996	8.3497419e-07
3997	8.3941914e-07
3998	8.4385665e-07
3999	8.4830089e-07
4000	8.5277399e-07
4001	8.5726001e-07
4002	8.6175199e-07
4003	8.6622162e-07
4004	8.7066918e-07
4005	8.7509858e-07
4006	8.7956053e-07
4007	8.8404305e-07
4008	8.8850136e-07
4009	8.9294042e-07
4010	8.9737187e-07
4011	9.0178812e-07
4012	9.0626613e-07
4013	9.1077162e-07
4014	9.1527036e-07
4015	9.1977568e-07
4016	9.2435622e-07
4017	9.2895669e-07
4018	9.3355591e-07
4019	9.3815291e-07
4020	9.4277417e-07
4021	9.4740755e-07
4022	9.5205067e-07
4023	9.5667903e-07
4024	9.6129032e-07
4025	9.6588724e-07
4026	9.7049429e-07
4027	9.7513146e-07
4028	9.797574e-07
4029	9.8434345e-07
4030	9.8892399e-07
4031	9.9348762e-07
4032	9.9807413e-07
4033	5.3415929e-08
4034	7.7331758e-07
4035	7.7309543e-07
4036	7.7383803e-07
4037	7.7570669e-07
4038	7.7772173e-07
4039	7.7988939e-07
4040	7.8219624e-07
4041	7.8465163e-07
4042	7.8727381e-07
4043	7.9003783e-07
4044	7.9286945e-07
4045	7.9586761e-07
4046	7.9901962e-07
4047	8.0251775e-07
4048	8.0629561e-07
4049	8.1012872e-07
4050	8.1400126e-07
4051	8.1791368e-07
4052	8.2196953e-07
4053	8.2616128e-07
4054	8.3038304e-07
4055	8.346505e-07
4056	8.3892658e-07
4057	8.4320446e-07
4058	8.4747553e-07
4059	8.5174801e-07
4060	8.5600843e-07
4061	8.6028576e-07
4062	8.6456346e-07
4063	8.6884964e-07
4064	8.7310207e-07
4065	8.7734243e-07
4066	8.8156304e-07
4067	8.8576409e-07
4068	8.9002551e-07
4069	8.9428047e-07
4070	8.9852709e-07
4071	9.0278004e-07
4072	9.0702856e-07
4073	9.1134169e-07
4074	9.1570748e-07
4075	9.2010664e-07
4076	9.2452751e-07
4077	9.2895325e-07
4078	9.3338282e-07
4079	9.3781187e-07
4080	9.4223175e-07
4081	9.4666117e-07
4082	9.5110001e-07
4083	9.5555162e-07
4084	9.5998291e-07
4085	9.6438098e-07
4086	9.6876672e-07
4087	9.7313013e-07
4088	9.7752209e-07
4089	9.8193279e-07
4090	9.863265e-07
4091	9.9071956e-07
4092	9.9510419e-07
4093	9.9951324e-07
4094	5.335199e-08
4095	7.7329137e-07
4096	7.7308385e-07
4097	7.7363889e-07
4098	7.7543367e-07
4099	7.7740678e-07
4100	7.7950166e-07
4101	7.817381e-07
4102	7.8410493e-07
4103	7.8661731e-07
4104	7.8926422e-07
4105	7.9197204e-07
4106	7.9476792e-07
4107	7.9776296e-07
4108	8.0085895e-07
4109	8.0420636e-07
4110	8.0775928e-07
4111	8.1137158e-07
4112	8.1501716e-07
4113	8.1869872e-07
4114	8.2248144e-07
4115	8.264523e-07
4116	8.3053194e-07
4117	8.3462399e-07
4118	8.3871367e-07
4119	8.4281067e-07
4120	8.468907e-07
4121	8.5095957e-07
4122	8.5502977e-07
4123	8.5910281e-07
4124	8.6318005e-07
4125	8.6722808e-07
4126	8.7125684e-07
4127	8.7526263e-07
4128	8.7925611e-07
4129	8.8328478e-07
4130	8.8732168e-07
4131	8.9135147e-07
4132	8.9538777e-07
4133	8.9943257e-07
4134	9.0350029e-07
4135	9.0768229e-07
4136	9.1188956e-07
4137	9.1610966e-07
4138	9.2033625e-07
4139	9.2457393e-07
4140	9.2880538e-07
4141	9.330152e-07
4142	9.372302e-07
4143	9.414486e-07
4144	9.4567492e-07
4145	9.4987328e-07
4146	9.5403904e-07
4147	9.5818401e-07
4148	9.6231163e-07
4149	9.6644624e-07
4150	9.7060475e-07
4151	9.747409e-07
4152	9.7887917e-07
4153	9.830182e-07
4154	9.8716786e-07
4155	9.914086e-07
4156	9.9570143e-07
4157	5.3224614e-08
4158	7.7169239e-07
4159	7.7151567e-07
4160	7.7196132e-07
4161	7.736292e-07
4162	7.7548844e-07
4163	7.7748134e-07
4164	7.7960997e-07
4165	7.8186694e-07
4166	7.8421027e-07
4167	7.8667786e-07
4168	7.8922903e-07
4169	7.9188171e-07
4170	7.946812e-07
4171	7.9763739e-07
4172	8.006878e-07
4173	8.038916e-07
4174	8.0724161e-07
4175	8.106478e-07
4176	8.1411879e-07
4177	8.1769019e-07
4178	8.2135304e-07
4179	8.2509849e-07
4180	8.2894947e-07
4181	8.3286199e-07
4182	8.3676019e-07
4183	8.406569e-07
4184	8.4455056e-07
4185	8.4843637e-07
4186	8.5228018e-07
4187	8.5610405e-07
4188	8.5989403e-07
4189	8.6367857e-07
4190	8.675093e-07
4191	8.7131108e-07
4192	8.7510361e-07
4193	8.7889774e-07
4194	8.8268606e-07
4195	8.8648128e-07
4196	8.9030429e-07
4197	8.9419979e-07
4198	8.9817881e-07
4199	9.0219005e-07
4200	9.0621958e-07
4201	9.1025348e-07
4202	9.1427069e-07
4203	9.1829032e-07
4204	9.2231208e-07
4205	9.2633693e-07
4206	9.303311e-07
4207	9.3429881e-07
4208	9.382377e-07
4209	9.4215333e-07
4210	9.4611524e-07
4211	9.5007231e-07
4212	9.540049e-07
4213	9.5793196e-07
4214	9.6185021e-07
4215	9.6576259e-07
4216	9.6969006e-07
4217	9.7366323e-07
4218	9.7772874e-07
4219	9.8183299e-07
4220	9.8595574e-07
4221	9.9008647e-07
4222	9.94201e-07
4223	9.9830642e-07
4224	5.3289693e-08
4225	7.7168242e-07
4226	7.714769e-07
4227	7.7172723e-07
4228	7.7318132e-07
4229	7.749222e-07
4230	7.7678678e-07
4231	7.7875757e-07
4232	7.808181e-07
4233	7.8297151e-07
4234	7.8520959e-07
4235	7.8756929e-07
4236	7.9008484e-07
4237	7.9269346e-07
4238	7.9550042e-07
4239	7.983767e-07
4240	8.0133087e-07
4241	8.0436577e-07
4242	8.0762297e-07
4243	8.1098376e-07
4244	8.1439919e-07
4245	8.1785234e-07
4246	8.2134211e-07
4247	8.2482271e-07
4248	8.2831071e-07
4249	8.3182976e-07
4250	8.353955e-07
4251	8.3899548e-07
4252	8.4261692e-07
4253	8.4621748e-07
4254	8.4979114e-07
4255	8.5334396e-07
4256	8.5691358e-07
4257	8.6050737e-07
4258	8.6409239e-07
4259	8.6767218e-07
4260	8.7126167e-07
4261	8.7487819e-07
4262	8.7857217e-07
4263	8.8232465e-07
4264	8.8611083e-07
4265	8.8991615e-07
4266	8.9374716e-07
4267	8.975814e-07
4268	9.0140312e-07
4269	9.0521873e-07
4270	9.0903845e-07
4271	9.1284419e-07
4272	9.1661447e-07
4273	9.2034872e-07
4274	9.2406098e-07
4275	9.2775574e-07
4276	9.3145227e-07
4277	9.3519365e-07
4278	9.3892445e-07
4279	9.4264293e-07
4280	9.4635881e-07
4281	9.5009087e-07
4282	9.5387267e-07
4283	9.5772688e-07
4284	9.6161098e-07
4285	9.6550912e-07
4286	9.6942723e-07
4287	9.7335915e-07
4288	9.7727515e-07
4289	9.8117838e-07
4290	9.850838e-07
4291	9.8897544e-07
4292	9.9284214e-07
4293	9.9666206e-07
4294	5.3325923e-08
4295	7.704403e-07
4296	7.7019903e-07
4297	7.7033774e-07
4298	7.7152653e-07
4299	7.7309524e-07
4300	7.748108e-07
4301	7.7666623e-07
4302	7.7866803e-07
4303	7.8077044e-07
4304	7.8293281e-07
4305	7.8520628e-07
4306	7.8760843e-07
4307	7.9014679e-07
4308	7.9280511e-07
4309	7.9566119e-07
4310	7.9858446e-07
4311	8.0162536e-07
4312	8.0468326e-07
4313	8.0776021e-07
4314	8.1093491e-07
4315	8.1416442e-07
4316	8.1739882e-07
4317	8.2061906e-07
4318	8.2381521e-07
4319	8.2699097e-07
4320	8.3017087e-07
4321	8.3338028e-07
4322	8.3664208e-07
4323	8.3995305e-07
4324	8.4326087e-07
4325	8.4660762e-07
4326	8.4998931e-07
4327	8.534179e-07
4328	8.5687526e-07
4329	8.6033975e-07
4330	8.6380751e-07
4331	8.6734234e-07
4332	8.7090222e-07
4333	8.7443873e-07
4334	8.77986e-07
4335	8.8158772e-07
4336	8.8519009e-07
4337	8.8877451e-07
4338	8.9232663e-07
4339	8.9585118e-07
4340	8.9937371e-07
4341	9.0291641e-07
4342	9.0647992e-07
4343	9.1005292e-07
4344	9.1359453e-07
4345	9.1711843e-07
4346	9.2063782e-07
4347	9.2419753e-07
4348	9.277997e-07
4349	9.3141467e-07
4350	9.3502278e-07
4351	9.3867339e-07
4352	9.423694e-07
4353	9.4603664e-07
4354	9.4968327e-07
4355	9.5338495e-07
4356	9.5708982e-07
4357	9.6078472e-07
4358	9.6444861e-07
4359	9.6807691e-07
4360	9.7168956e-07
4361	9.7531475e-07
4362	9.7895614e-07
4363	9.8261409e-07
4364	9.8624253e-07
4365	9.8984077e-07
4366	9.9342995e-07
4367	9.9704338e-07
4368	5.3304892e-08
4369	7.6939788e-07
4370	7.6915967e-07
4371	7.6932516e-07
4372	7.7037553e-07
4373	7.7192287e-07
4374	7.7362097e-07
4375	7.7543674e-07
4376	7.7741987e-07
4377	7.7951769e-07
4378	7.8167894e-07
4379	7.8389222e-07
4380	7.8617026e-07
4381	7.8853176e-07
4382	7.9094403e-07
4383	7.9357318e-07
4384	7.9633821e-07
4385	7.9912357e-07
4386	8.0192974e-07
4387	8.0475801e-07
4388	8.0767511e-07
4389	8.1064779e-07
4390	8.1368378e-07
4391	8.1676191e-07
4392	8.1986247e-07
4393	8.2295315e-07
4394	8.2601851e-07
4395	8.2908193e-07
4396	8.321794e-07
4397	8.3529316e-07
4398	8.3838822e-07
4399	8.4145886e-07
4400	8.4453417e-07
4401	8.476161e-07
4402	8.5070577e-07
4403	8.5385071e-07
4404	8.571035e-07
4405	8.6035427e-07
4406	8.635884e-07
4407	8.668247e-07
4408	8.7012133e-07
4409	8.7347308e-07
4410	8.7685945e-07
4411	8.8029263e-07
4412	8.8374919e-07
4413	8.8720258e-07
4414	8.9064106e-07
4415	8.9407135e-07
4416	8.9752586e-07
4417	9.0101217e-07
4418	9.0448774e-07
4419	9.0792706e-07
4420	9.113371e-07
4421	9.1472147e-07
4422	9.1809387e-07
4423	9.2146451e-07
4424	9.2488112e-07
4425	9.2829712e-07
4426	9.3168988e-07
4427	9.3507828e-07
4428	9.3849023e-07
4429	9.4197754e-07
4430	9.454696e-07
4431	9.4901153e-07
4432	9.5257963e-07
4433	9.5615017e-07
4434	9.5970726e-07
4435	9.632432e-07
4436	9.6678131e-07
4437	9.7036482e-07
4438	9.7393986e-07
4439	9.7748494e-07
4440	9.8099746e-07
4441	9.8448357e-07
4442	9.8795159e-07
4443	9.9140085e-07
4444	9.948904e-07
4445	9.9839882e-07
4446	5.3398966e-08
4447	7.7025243e-07
4448	7.7001837e-07
4449	7.7014694e-07
4450	7.7099688e-07
4451	7.7239698e-07
4452	7.7401731e-07
4453	7.7577198e-07
4454	7.7762928e-07
4455	7.7956866e-07
4456	7.8158198e-07
4457	7.8367343e-07
4458	7.8590917e-07
4459	7.8822168e-07
4460	7.9060435e-07
4461	7.9303927e-07
4462	7.9567029e-07
4463	7.9835289e-07
4464	8.0109867e-07
4465	8.0390129e-07
4466	8.0669808e-07
4467	8.0951867e-07
4468	8.1242506e-07
4469	8.1533198e-07
4470	8.1823329e-07
4471	8.2111873e-07
4472	8.2403729e-07
4473	8.2694651e-07
4474	8.2984138e-07
4475	8.3270916e-07
4476	8.3555133e-07
4477	8.3838805e-07
4478	8.4127352e-07
4479	8.4418069e-07
4480	8.4709035e-07
4481	8.4997513e-07
4482	8.5288667e-07
4483	8.5581117e-07
4484	8.587685e-07
4485	8.6180301e-07
4486	8.6489803e-07
4487	8.6803621e-07
4488	8.7125529e-07
4489	8.7449853e-07
4490	8.7774678e-07
4491	8.809955e-07
4492	8.8427445e-07
4493	8.875652e-07
4494	8.9085221e-07
4495	8.9412522e-07
4496	8.973702e-07
4497	9.0061219e-07
4498	9.0388743e-07
4499	9.0721215e-07
4500	9.105248e-07
4501	9.1381644e-07
4502	9.1709156e-07
4503	9.2036002e-07
4504	9.2363013e-07
4505	9.2694869e-07
4506	9.3026996e-07
4507	9.3356613e-07
4508	9.3691567e-07
4509	9.4029929e-07
4510	9.4368097e-07
4511	9.4705765e-07
4512	9.5043774e-07
4513	9.5383495e-07
4514	9.5722338e-07
4515	9.6060282e-07
4516	9.6394572e-07
4517	9.6727221e-07
4518	9.70608e-07
4519	9.7401509e-07
4520	9.7740896e-07
4521	9.8078886e-07
4522	9.8414826e-07
4523	9.8749122e-07
4524	9.9082759e-07
4525	9.9420054e-07
4526	9.9759169e-07
4527	5.3298745e-08
4528	7.7092483e-07
4529	7.7075629e-07
4530	7.7095027e-07
4531	7.7175503e-07
4532	7.731205e-07
4533	7.7466966e-07
4534	7.7636004e-07
4535	7.7816052e-07
4536	7.8001756e-07
4537	7.8193755e-07
4538	7.8392273e-07
4539	7.8599494e-07
4540	7.8817673e-07
4541	7.9041604e-07
4542	7.9271415e-07
4543	7.9512904e-07
4544	7.9769151e-07
4545	8.0031144e-07
4546	8.0300011e-07
4547	8.0573776e-07
4548	8.085532e-07
4549	8.1139234e-07
4550	8.1427114e-07
4551	8.1711107e-07
4552	8.1993283e-07
4553	8.2274511e-07
4554	8.2554239e-07
4555	8.2831841e-07
4556	8.310563e-07
4557	8.3374784e-07
4558	8.3641734e-07
4559	8.3908005e-07
4560	8.4178568e-07
4561	8.4448407e-07
4562	8.4718232e-07
4563	8.4986544e-07
4564	8.5254463e-07
4565	8.552369e-07
4566	8.5800225e-07
4567	8.6082535e-07
4568	8.6372228e-07
4569	8.6668271e-07
4570	8.6972418e-07
4571	8.7284893e-07
4572	8.7597449e-07
4573	8.7910399e-07
4574	8.8224104e-07
4575	8.853726e-07
4576	8.8848697e-07
4577	8.9155882e-07
4578	8.9462074e-07
4579	8.9767128e-07
4580	9.0078411e-07
4581	9.0390934e-07
4582	9.0701934e-07
4583	9.101217e-07
4584	9.1321908e-07
4585	9.1632126e-07
4586	9.1943496e-07
4587	9.2260253e-07
4588	9.258103e-07
4589	9.290671e-07
4590	9.3234139e-07
4591	9.3562608e-07
4592	9.3888236e-07
4593	9.4214314e-07
4594	9.4539952e-07
4595	9.4865086e-07
4596	9.5188385e-07
4597	9.5506861e-07
4598	9.5822432e-07
4599	9.6136324e-07
4600	9.6453666e-07
4601	9.6774252e-07
4602	9.7093166e-07
4603	9.7411513e-07
4604	9.7728983e-07
4605	9.8046312e-07
4606	9.8364349e-07
4607	9.8686493e-07
4608	9.901177e-07
4609	9.9343608e-07
4610	9.9676732e-07
4611	5.3107398e-08
4612	7.7119471e-07
4613	7.7105246e-07
4614	7.7124659e-07
4615	7.7198986e-07
4616	7.7327575e-07
4617	7.7474184e-07
4618	7.7632161e-07
4619	7.7802381e-07
4620	7.7985754e-07
4621	7.8176941e-07
4622	7.837362e-07
4623	7.8573838e-07
4624	7.877716e-07
4625	7.8984902e-07
4626	7.9197672e-07
4627	7.9416638e-07
4628	7.9644612e-07
4629	7.9891958e-07
4630	8.0147186e-07
4631	8.0415836e-07
4632	8.0689729e-07
4633	8.0962919e-07
4634	8.1235942e-07
4635	8.1510198e-07
4636	8.1783612e-07
4637	8.2052e-07
4638	8.2316165e-07
4639	8.257972e-07
4640	8.2846494e-07
4641	8.3110599e-07
4642	8.3371091e-07
4643	8.3626831e-07
4644	8.3878963e-07
4645	8.4129071e-07
4646	8.4378006e-07
4647	8.4626764e-07
4648	8.4877081e-07
4649	8.5130682e-07
4650	8.5386708e-07
4651	8.5650804e-07
4652	8.5925551e-07
4653	8.620324e-07
4654	8.6482492e-07
4655	8.6764304e-07
4656	8.7048529e-07
4657	8.7334632e-07
4658	8.7626281e-07
4659	8.7920444e-07
4660	8.8219081e-07
4661	8.8519183e-07
4662	8.8816403e-07
4663	8.9110527e-07
4664	8.9402545e-07
4665	8.969273e-07
4666	8.9982471e-07
4667	9.0273181e-07
4668	9.0564861e-07
4669	9.0860065e-07
4670	9.1157694e-07
4671	9.1460567e-07
4672	9.1775305e-07
4673	9.2088894e-07
4674	9.2402275e-07
4675	9.2716066e-07
4676	9.3029269e-07
4677	9.3340538e-07
4678	9.3648082e-07
4679	9.3954187e-07
4680	9.4262443e-07
4681	9.4572894e-07
4682	9.4880768e-07
4683	9.5185347e-07
4684	9.548698e-07
4685	9.5786631e-07
4686	9.6084989e-07
4687	9.6383191e-07
4688	9.6681952e-07
4689	9.6983802e-07
4690	9.7287865e-07
4691	9.7595647e-07
4692	9.7915381e-07
4693	9.8237062e-07
4694	9.8557673e-07
4695	9.8878849e-07
4696	9.9199403e-07
4697	9.9518053e-07
4698	9.9832978e-07
4699	5.2913562e-08
4700	7.7231172e-07
4701	7.7215888e-07
4702	7.7231626e-07
4703	7.7292687e-07
4704	7.7407573e-07
4705	7.7545282e-07
4706	7.7697091e-07
4707	7.7861687e-07
4708	7.8035636e-07
4709	7.8215715e-07
4710	7.8400682e-07
4711	7.8590968e-07
4712	7.8786072e-07
4713	7.8987652e-07
4714	7.9195687e-07
4715	7.94097e-07
4716	7.963051e-07
4717	7.9877875e-07
4718	8.0135721e-07
4719	8.0392802e-07
4720	8.065174e-07
4721	8.0911583e-07
4722	8.1169182e-07
4723	8.1424606e-07
4724	8.1676394e-07
4725	8.1928059e-07
4726	8.2180389e-07
4727	8.2432975e-07
4728	8.2683183e-07
4729	8.2929538e-07
4730	8.3171564e-07
4731	8.3411343e-07
4732	8.3649382e-07
4733	8.3887879e-07
4734	8.4127215e-07
4735	8.436871e-07
4736	8.4611928e-07
4737	8.4862302e-07
4738	8.5118468e-07
4739	8.5372599e-07
4740	8.5628187e-07
4741	8.5883717e-07
4742	8.6139178e-07
4743	8.6393504e-07
4744	8.6646692e-07
4745	8.6900926e-07
4746	8.7157385e-07
4747	8.7420184e-07
4748	8.7687231e-07
4749	8.7956148e-07
4750	8.8229515e-07
4751	8.8502931e-07
4752	8.8776163e-07
4753	8.9049951e-07
4754	8.9326397e-07
4755	8.9605575e-07
4756	8.988724e-07
4757	9.0176109e-07
4758	9.0473316e-07
4759	9.0770484e-07
4760	9.1067243e-07
4761	9.1364291e-07
4762	9.1660793e-07
4763	9.19547e-07
4764	9.2245254e-07
4765	9.2533748e-07
4766	9.2822873e-07
4767	9.3112926e-07
4768	9.3403638e-07
4769	9.3692726e-07
4770	9.397804e-07
4771	9.4261034e-07
4772	9.454354e-07
4773	9.4825477e-07
4774	9.5109884e-07
4775	9.5396381e-07
4776	9.5685135e-07
4777	9.5978578e-07
4778	9.6280963e-07
4779	9.6585605e-07
4780	9.6889198e-07
4781	9.7193363e-07
4782	9.7497267e-07
4783	9.7799381e-07
4784	9.8098016e-07
4785	9.8393201e-07
4786	9.8688635e-07
4787	9.8984036e-07
4788	9.9279868e-07
4789	9.9574987e-07
4790	9.9866082e-07
4791	5.2635675e-08
4792	7.7244103e-07
4793	7.7224955e-07
4794	7.7235751e-07
4795	7.7284881e-07
4796	7.7384001e-07
4797	7.7510495e-07
4798	7.7656395e-07
4799	7.7812763e-07
4800	7.7976287e-07
4801	7.8147918e-07
4802	7.8330074e-07
4803	7.8525888e-07
4804	7.8727716e-07
4805	7.893158e-07
4806	7.9138047e-07
4807	7.9349518e-07
4808	7.9564085e-07
4809	7.9782929e-07
4810	8.0001464e-07
4811	8.0223469e-07
4812	8.0456202e-07
4813	8.069767e-07
4814	8.093814e-07
4815	8.1173263e-07
4816	8.1404763e-07
4817	8.1637352e-07
4818	8.1873374e-07
4819	8.210714e-07
4820	8.2337001e-07
4821	8.2565991e-07
4822	8.2796027e-07
4823	8.3032323e-07
4824	8.3267446e-07
4825	8.3499979e-07
4826	8.3730441e-07
4827	8.3962085e-07
4828	8.4194053e-07
4829	8.4426406e-07
4830	8.4656677e-07
4831	8.4882233e-07
4832	8.5107321e-07
4833	8.5339101e-07
4834	8.5571012e-07
4835	8.5799614e-07
4836	8.6025805e-07
4837	8.6253074e-07
4838	8.6486078e-07
4839	8.6721667e-07
4840	8.6957468e-07
4841	8.7195439e-07
4842	8.7435984e-07
4843	8.7687245e-07
4844	8.7944555e-07
4845	8.8206189e-07
4846	8.8471577e-07
4847	8.8737129e-07
4848	8.9005197e-07
4849	8.9275181e-07
4850	8.9545734e-07
4851	8.9813101e-07
4852	9.0078525e-07
4853	9.0350952e-07
4854	9.0624576e-07
4855	9.0895478e-07
4856	9.1163597e-07
4857	9.1431116e-07
4858	9.1701896e-07
4859	9.197528e-07
4860	9.2246836e-07
4861	9.251552e-07
4862	9.2783838e-07
4863	9.3056972e-07
4864	9.3334947e-07
4865	9.3612577e-07
4866	9.3887297e-07
4867	9.4160942e-07
4868	9.4437218e-07
4869	9.4714187e-07
4870	9.4992964e-07
4871	9.5268715e-07
4872	9.5541045e-07
4873	9.5818767e-07
4874	9.6099643e-07
4875	9.6378659e-07
4876	9.6653614e-07
4877	9.6926803e-07
4878	9.720158e-07
4879	9.7480531e-07
4880	9.7757963e-07
4881	9.803132e-07
4882	9.8303623e-07
4883	9.8577402e-07
4884	9.8858862e-07
4885	9.9139202e-07
4886	9.9417028e-07
4887	9.9693172e-07
4888	9.9970726e-07
4889	5.2599931e-08
4890	7.7288484e-07
4891	7.7273148e-07
4892	7.7289661e-07
4893	7.7339192e-07
4894	7.7432781e-07
4895	7.7556434e-07
4896	7.7695641e-07
4897	7.7843728e-07
4898	7.8001455e-07
4899	7.8172615e-07
4900	7.8351083e-07
4901	7.8532671e-07
4902	7.8716581e-07
4903	7.8903421e-07
4904	7.9092832e-07
4905	7.928893e-07
4906	7.9490165e-07
4907	7.9694626e-07
4908	7.9900882e-07
4909	8.0111122e-07
4910	8.0326808e-07
4911	8.0553294e-07
4912	8.077924e-07
4913	8.1003765e-07
4914	8.1227649e-07
4915	8.1450466e-07
4916	8.1669436e-07
4917	8.188167e-07
4918	8.20899e-07
4919	8.2300259e-07
4920	8.2509815e-07
4921	8.2714425e-07
4922	8.2914307e-07
4923	8.3112082e-07
4924	8.3309681e-07
4925	8.3507992e-07
4926	8.3710458e-07
4927	8.3915853e-07
4928	8.412184e-07
4929	8.4330837e-07
4930	8.4543324e-07
4931	8.4756401e-07
4932	8.4970147e-07
4933	8.518257e-07
4934	8.5395311e-07
4935	8.5608164e-07
4936	8.5818552e-07
4937	8.6024992e-07
4938	8.6228676e-07
4939	8.6436866e-07
4940	8.6651882e-07
4941	8.6867878e-07
4942	8.7081263e-07
4943	8.72953e-07
4944	8.751002e-07
4945	8.7728292e-07
4946	8.7952565e-07
4947	8.8182884e-07
4948	8.8419116e-07
4949	8.8664862e-07
4950	8.8917719e-07
4951	8.9173375e-07
4952	8.9430036e-07
4953	8.9686644e-07
4954	8.994377e-07
4955	9.020086e-07
4956	9.045735e-07
4957	9.0709688e-07
4958	9.0958511e-07
4959	9.1208412e-07
4960	9.1463388e-07
4961	9.1716867e-07
4962	9.1965175e-07
4963	9.2211512e-07
4964	9.2456101e-07
4965	9.2700927e-07
4966	9.2951057e-07
4967	9.3201696e-07
4968	9.3454803e-07
4969	9.370997e-07
4970	9.3969037e-07
4971	9.4231377e-07
4972	9.4495002e-07
4973	9.475796e-07
4974	9.5020796e-07
4975	9.5283412e-07
4976	9.554509e-07
4977	9.5803477e-07
4978	9.6056686e-07
4979	9.6311191e-07
4980	9.656794e-07
4981	9.6825041e-07
4982	9.7077412e-07
4983	9.7326493e-07
4984	9.7574217e-07
4985	9.7820608e-07
4986	9.8070259e-07
4987	9.8323101e-07
4988	9.8577576e-07
4989	9.8832487e-07
4990	9.9090682e-07
4991	9.9351997e-07
4992	9.9616055e-07
4993	9.9877017e-07
4994	5.27495e-08
4995	7.7207831e-07
4996	7.7194038e-07
4997	7.72123e-07
4998	7.7258287e-07
4999	7.7339038e-07
5000	7.7449765e-07
