1	0.0060034544
2	0.01416691
3	0.00091194385
4	0.00042125962
5	0.00022251508
6	0.00020008057
7	0.00014727492
8	0.00011913736
9	0.00010011543
10	9.4918178e-05
11	9.0207443e-05
12	8.7097424e-05
13	8.4288179e-05
14	7.9136276e-05
15	7.346216e-05
16	6.775634e-05
17	6.249707e-05
18	5.8057108e-05
19	5.4645202e-05
20	5.1892072e-05
21	4.9380301e-05
22	4.7318071e-05
23	4.5320368e-05
24	4.350887e-05
25	4.1794356e-05
26	4.0138511e-05
27	3.8481186e-05
28	3.6912173e-05
29	3.5458142e-05
30	3.4061171e-05
31	3.2752146e-05
32	3.1551436e-05
33	3.0489626e-05
34	2.9510504e-05
35	2.8571956e-05
36	2.7680586e-05
37	2.6838547e-05
38	2.6052111e-05
39	2.5241514e-05
40	2.4470167e-05
41	2.3718372e-05
42	2.3002576e-05
43	2.2306598e-05
44	2.1644544e-05
45	2.099732e-05
46	2.0387515e-05
47	1.9801747e-05
48	1.9262382e-05
49	1.8736687e-05
50	1.8243268e-05
51	1.7761925e-05
52	1.7299182e-05
53	1.6855726e-05
54	1.642224e-05
55	1.6002414e-05
56	1.5585026e-05
57	1.5191871e-05
58	1.4798531e-05
59	1.4423803e-05
60	1.4063279e-05
61	1.3717841e-05
62	1.337874e-05
63	1.3053917e-05
64	1.2731589e-05
65	1.2425815e-05
66	1.2127418e-05
67	1.1836712e-05
68	1.1558886e-05
69	1.1288059e-05
70	1.1028424e-05
71	1.0772165e-05
72	1.0524359e-05
73	1.0276575e-05
74	1.0038422e-05
75	9.8063099e-06
76	9.5773082e-06
77	9.3563242e-06
78	9.1405697e-06
79	8.9330117e-06
80	8.7283806e-06
81	8.532506e-06
82	8.3684122e-06
83	8.1898197e-06
84	8.0160753e-06
85	7.8477695e-06
86	7.6838609e-06
87	7.5215567e-06
88	7.3631489e-06
89	7.2096658e-06
90	7.0647242e-06
91	6.9282163e-06
92	6.7992861e-06
93	6.6780059e-06
94	6.5624431e-06
95	6.4493577e-06
96	6.3377386e-06
97	6.2320156e-06
98	6.1303603e-06
99	6.0322143e-06
100	5.9398999e-06
101	5.8555846e-06
102	5.7775814e-06
103	5.7045839e-06
104	5.637402e-06
105	5.5781752e-06
106	5.5229587e-06
107	5.4724498e-06
108	5.4248096e-06
109	5.3829355e-06
110	5.3485646e-06
111	5.3191923e-06
112	5.2920291e-06
113	5.266306e-06
114	5.2401388e-06
115	5.213375e-06
116	5.1853862e-06
117	5.1564866e-06
118	5.1258615e-06
119	5.094336e-06
120	5.0611263e-06
121	5.0257661e-06
122	4.9896697e-06
123	4.9499243e-06
124	4.9098945e-06
125	4.8685102e-06
126	4.8244303e-06
127	4.7773983e-06
128	4.7273968e-06
129	4.6773646e-06
130	4.6261414e-06
131	4.5725183e-06
132	4.5166431e-06
133	4.4591685e-06
134	4.400682e-06
135	4.3378511e-06
136	4.2781088e-06
137	4.2165553e-06
138	4.153152e-06
139	4.089342e-06
140	4.0249643e-06
141	3.9602102e-06
142	3.8954637e-06
143	3.8319351e-06
144	3.7681785e-06
145	3.7056532e-06
146	3.6430277e-06
147	3.5809833e-06
148	3.5190412e-06
149	3.4585683e-06
150	3.3976857e-06
151	3.3369105e-06
152	3.2769992e-06
153	3.2184295e-06
154	3.1610324e-06
155	3.1057989e-06
156	3.0511404e-06
157	2.9973572e-06
158	2.9451074e-06
159	2.8939682e-06
160	2.8449928e-06
161	2.7968516e-06
162	2.7501163e-06
163	2.7059107e-06
164	2.6632607e-06
165	2.6215025e-06
166	2.5815813e-06
167	2.5447249e-06
168	2.5103495e-06
169	2.4781632e-06
170	2.4472991e-06
171	2.4186685e-06
172	2.3901103e-06
173	2.3625607e-06
174	2.3355613e-06
175	2.3097215e-06
176	2.2845898e-06
177	2.2611991e-06
178	2.2399488e-06
179	2.217539e-06
180	2.1961963e-06
181	2.1755208e-06
182	2.1564433e-06
183	2.1371999e-06
184	2.1196749e-06
185	2.1029547e-06
186	2.0858722e-06
187	2.0693432e-06
188	2.0517961e-06
189	2.0348625e-06
190	2.0193724e-06
191	2.0056944e-06
192	1.9913453e-06
193	1.9762609e-06
194	1.9615659e-06
195	1.9476489e-06
196	1.9342687e-06
197	1.9205625e-06
198	1.9088212e-06
199	1.8963197e-06
200	1.8837879e-06
201	1.8720206e-06
202	1.8595945e-06
203	1.8478739e-06
204	1.8367404e-06
205	1.8258161e-06
206	1.8165816e-06
207	1.805307e-06
208	1.7943464e-06
209	1.7839308e-06
210	1.7738038e-06
211	1.7642608e-06
212	1.7547617e-06
213	1.7456424e-06
214	1.7363481e-06
215	1.727454e-06
216	1.7184851e-06
217	1.709393e-06
218	1.7010426e-06
219	1.6933916e-06
220	1.6847054e-06
221	1.676714e-06
222	1.668697e-06
223	1.6609648e-06
224	1.6527829e-06
225	1.6451089e-06
226	1.6376759e-06
227	1.6305675e-06
228	1.6237459e-06
229	1.6167581e-06
230	1.6098456e-06
231	1.6038928e-06
232	1.5971158e-06
233	1.5906486e-06
234	1.5846002e-06
235	1.5792309e-06
236	1.5737857e-06
237	1.5678369e-06
238	1.561736e-06
239	1.5558611e-06
240	1.5504383e-06
241	1.5454704e-06
242	1.5402487e-06
243	1.5354776e-06
244	1.5294796e-06
245	1.5240644e-06
246	1.5186853e-06
247	1.5136208e-06
248	1.508824e-06
249	1.5039406e-06
250	1.4991769e-06
251	1.4938024e-06
252	1.4892317e-06
253	1.4843657e-06
254	1.4805549e-06
255	1.4760665e-06
256	1.471124e-06
257	1.4661115e-06
258	1.4613981e-06
259	1.456972e-06
260	1.4525219e-06
261	1.4485566e-06
262	1.4438518e-06
263	1.4393284e-06
264	1.4347937e-06
265	1.4301296e-06
266	1.4259752e-06
267	1.4212113e-06
268	1.4166338e-06
269	1.4120693e-06
270	1.4071849e-06
271	1.4026065e-06
272	1.39768e-06
273	1.3933406e-06
274	1.3887325e-06
275	1.3838625e-06
276	1.3797992e-06
277	1.3744618e-06
278	1.3697422e-06
279	1.3654657e-06
280	1.3610519e-06
281	1.3564735e-06
282	1.3516217e-06
283	1.3469065e-06
284	1.3421554e-06
285	1.3384048e-06
286	1.3332327e-06
287	1.3285232e-06
288	1.323834e-06
289	1.3188903e-06
290	1.3138889e-06
291	1.3093826e-06
292	1.3048174e-06
293	1.3006856e-06
294	1.2956811e-06
295	1.2910337e-06
296	1.2866209e-06
297	1.2819652e-06
298	1.277441e-06
299	1.2725468e-06
300	1.2683345e-06
301	1.2632497e-06
302	1.2588909e-06
303	1.2543236e-06
304	1.2496727e-06
305	1.2450117e-06
306	1.2405389e-06
307	1.2366243e-06
308	1.2318532e-06
309	1.2269997e-06
310	1.2224426e-06
311	1.2177166e-06
312	1.2138531e-06
313	1.2102327e-06
314	1.2068332e-06
315	1.2027597e-06
316	1.198556e-06
317	1.1947725e-06
318	1.1918944e-06
319	1.1883323e-06
320	1.185033e-06
321	1.1808395e-06
322	1.1773484e-06
323	1.1743211e-06
324	1.1714542e-06
325	1.1681341e-06
326	1.1651963e-06
327	1.1617215e-06
328	1.1584749e-06
329	1.1559196e-06
330	1.1535105e-06
331	1.1513244e-06
332	1.1480237e-06
333	1.1448036e-06
334	1.1420747e-06
335	1.1397301e-06
336	1.1377327e-06
337	1.1348336e-06
338	1.1320883e-06
339	1.1293882e-06
340	1.1269141e-06
341	1.1248827e-06
342	1.1227396e-06
343	1.1209005e-06
344	1.119045e-06
345	1.1171749e-06
346	1.1159303e-06
347	1.1140322e-06
348	1.1124733e-06
349	1.1110742e-06
350	1.1099006e-06
351	1.1095625e-06
352	1.1082694e-06
353	1.1068896e-06
354	1.1057955e-06
355	1.104837e-06
356	1.1043036e-06
357	1.1032035e-06
358	1.1025212e-06
359	1.1020905e-06
360	1.1014324e-06
361	1.1013568e-06
362	1.1011814e-06
363	1.1007129e-06
364	1.1005821e-06
365	1.1001698e-06
366	1.101188e-06
367	1.1012855e-06
368	1.1015969e-06
369	1.1018611e-06
370	1.1025103e-06
371	1.1037295e-06
372	1.1041805e-06
373	1.104427e-06
374	1.1056233e-06
375	1.1066705e-06
376	1.1079637e-06
377	1.1101086e-06
378	1.1117418e-06
379	1.113323e-06
380	1.1150213e-06
381	1.1166918e-06
382	1.1197552e-06
383	1.121577e-06
384	1.1233597e-06
385	1.125558e-06
386	1.1284218e-06
387	1.1308698e-06
388	1.1340112e-06
389	1.1364967e-06
390	1.1394297e-06
391	1.1421288e-06
392	1.1448336e-06
393	1.1478744e-06
394	1.1511594e-06
395	1.1546006e-06
396	1.1586053e-06
397	1.161929e-06
398	1.1657263e-06
399	1.1692197e-06
400	1.1731262e-06
401	1.1771644e-06
402	1.1814579e-06
403	1.1859959e-06
404	1.190547e-06
405	1.1948237e-06
406	1.1995906e-06
407	1.2037852e-06
408	1.2081827e-06
409	1.2124488e-06
410	1.2167971e-06
411	1.2211991e-06
412	1.2257862e-06
413	1.2303083e-06
414	1.2347083e-06
415	1.2391714e-06
416	1.2435027e-06
417	1.2479028e-06
418	1.2524153e-06
419	1.2564233e-06
420	1.2608241e-06
421	1.2652112e-06
422	1.2699327e-06
423	1.2746727e-06
424	1.2788175e-06
425	1.2829396e-06
426	1.2868298e-06
427	1.29093e-06
428	1.2946024e-06
429	1.298364e-06
430	1.301884e-06
431	1.3051028e-06
432	1.3080429e-06
433	1.3108572e-06
434	1.313989e-06
435	1.3165476e-06
436	1.3189249e-06
437	1.3212224e-06
438	1.3236031e-06
439	1.3257069e-06
440	1.3280584e-06
441	1.3295066e-06
442	1.3312591e-06
443	1.3324482e-06
444	1.3335266e-06
445	1.3345074e-06
446	1.3357185e-06
447	1.3366642e-06
448	1.3372073e-06
449	1.3381163e-06
450	1.3380157e-06
451	1.3382384e-06
452	1.3382759e-06
453	1.3387603e-06
454	1.3393886e-06
455	1.3398141e-06
456	1.3396248e-06
457	1.3395436e-06
458	1.3391272e-06
459	1.33877e-06
460	1.3384343e-06
461	1.3381724e-06
462	1.3379425e-06
463	1.3374504e-06
464	1.3374177e-06
465	1.3365834e-06
466	1.336431e-06
467	1.3361454e-06
468	1.3359402e-06
469	1.3359076e-06
470	1.3358929e-06
471	1.3352635e-06
472	1.3348071e-06
473	1.3343999e-06
474	1.3340305e-06
475	1.3333351e-06
476	1.3329731e-06
477	1.3322019e-06
478	1.3316511e-06
479	1.3311316e-06
480	1.3305772e-06
481	1.3303687e-06
482	1.3296267e-06
483	1.3290674e-06
484	1.3285667e-06
485	1.3280403e-06
486	1.3280562e-06
487	1.3275926e-06
488	1.3273041e-06
489	1.3270408e-06
490	1.327017e-06
491	1.327227e-06
492	1.3268306e-06
493	1.3266436e-06
494	1.326705e-06
495	1.3268496e-06
496	1.3271158e-06
497	1.3266754e-06
498	1.3266179e-06
499	1.3265667e-06
500	1.3267996e-06
501	1.3272448e-06
502	1.3268759e-06
503	1.3268556e-06
504	1.3268953e-06
505	1.3272771e-06
506	1.3271056e-06
507	1.3270333e-06
508	1.3269804e-06
509	1.326861e-06
510	1.3271359e-06
511	1.3269712e-06
512	1.3268041e-06
513	1.3269012e-06
514	1.327286e-06
515	1.3272319e-06
516	1.3274739e-06
517	1.3279087e-06
518	1.32811e-06
519	1.3287862e-06
520	1.3288428e-06
521	1.3290355e-06
522	1.3292255e-06
523	1.3298533e-06
524	1.3299712e-06
525	1.3299798e-06
526	1.3304099e-06
527	1.3307057e-06
528	1.3314851e-06
529	1.3316899e-06
530	1.332007e-06
531	1.3322854e-06
532	1.3329663e-06
533	1.3329393e-06
534	1.3331195e-06
535	1.3334134e-06
536	1.3338314e-06
537	1.333929e-06
538	1.3342328e-06
539	1.3344883e-06
540	1.3349249e-06
541	1.3353446e-06
542	1.3355227e-06
543	1.3358826e-06
544	1.3364076e-06
545	1.3371269e-06
546	1.3373259e-06
547	1.3376404e-06
548	1.3380536e-06
549	1.3388779e-06
550	1.339069e-06
551	1.3394448e-06
552	1.3398676e-06
553	1.3404646e-06
554	1.3411183e-06
555	1.3414109e-06
556	1.3417917e-06
557	1.3422043e-06
558	1.3428716e-06
559	1.3430179e-06
560	1.3431764e-06
561	1.3433806e-06
562	1.3439847e-06
563	1.3438838e-06
564	1.3439588e-06
565	1.3440594e-06
566	1.3444708e-06
567	1.344307e-06
568	1.3443811e-06
569	1.3443196e-06
570	1.3444112e-06
571	1.3447273e-06
572	1.3447109e-06
573	1.3448463e-06
574	1.3448724e-06
575	1.3452873e-06
576	1.3450722e-06
577	1.3449909e-06
578	1.3451507e-06
579	1.3455128e-06
580	1.3455398e-06
581	1.3455037e-06
582	1.3455745e-06
583	1.345539e-06
584	1.3456053e-06
585	1.3451831e-06
586	1.3449725e-06
587	1.3445866e-06
588	1.344553e-06
589	1.3439634e-06
590	1.3434935e-06
591	1.3430827e-06
592	1.342835e-06
593	1.3420048e-06
594	1.3413469e-06
595	1.3406036e-06
596	1.3399299e-06
597	1.3394134e-06
598	1.3384636e-06
599	1.3374768e-06
600	1.3364233e-06
601	1.3358406e-06
602	1.334643e-06
603	1.333634e-06
604	1.3325933e-06
605	1.3316411e-06
606	1.3309585e-06
607	1.3296215e-06
608	1.3283244e-06
609	1.3269657e-06
610	1.3258024e-06
611	1.3241097e-06
612	1.3225393e-06
613	1.3210667e-06
614	1.3194065e-06
615	1.3179681e-06
616	1.3159597e-06
617	1.3141428e-06
618	1.3123993e-06
619	1.3107328e-06
620	1.3086367e-06
621	1.3066299e-06
622	1.3047009e-06
623	1.3026329e-06
624	1.3009318e-06
625	1.2984262e-06
626	1.2961275e-06
627	1.2937788e-06
628	1.2917905e-06
629	1.289163e-06
630	1.2866355e-06
631	1.2840645e-06
632	1.2814724e-06
633	1.2792403e-06
634	1.2764255e-06
635	1.2738544e-06
636	1.2712454e-06
637	1.2688694e-06
638	1.265864e-06
639	1.2631498e-06
640	1.2604272e-06
641	1.2575779e-06
642	1.2549072e-06
643	1.2518152e-06
644	1.2487883e-06
645	1.2456985e-06
646	1.2429862e-06
647	1.2397927e-06
648	1.2367601e-06
649	1.2337758e-06
650	1.2308556e-06
651	1.2280057e-06
652	1.2247513e-06
653	1.2217376e-06
654	1.2188123e-06
655	1.2159506e-06
656	1.212594e-06
657	1.2093744e-06
658	1.2061942e-06
659	1.2030307e-06
660	1.2000781e-06
661	1.1966466e-06
662	1.1934211e-06
663	1.1903305e-06
664	1.1874407e-06
665	1.1839622e-06
666	1.1808208e-06
667	1.1775955e-06
668	1.1744603e-06
669	1.1715199e-06
670	1.1681239e-06
671	1.1649409e-06
672	1.1617151e-06
673	1.1587613e-06
674	1.1553135e-06
675	1.1520815e-06
676	1.1489475e-06
677	1.145855e-06
678	1.1429659e-06
679	1.139686e-06
680	1.1366107e-06
681	1.1335275e-06
682	1.1305951e-06
683	1.1273174e-06
684	1.1241456e-06
685	1.1211035e-06
686	1.1180423e-06
687	1.1151756e-06
688	1.111932e-06
689	1.1088349e-06
690	1.1058291e-06
691	1.1030464e-06
692	1.0999573e-06
693	1.0970925e-06
694	1.0942346e-06
695	1.0913682e-06
696	1.0886568e-06
697	1.0856547e-06
698	1.0827499e-06
699	1.0798475e-06
700	1.0770817e-06
701	1.0743979e-06
702	1.071415e-06
703	1.0685675e-06
704	1.065774e-06
705	1.0631817e-06
706	1.0601542e-06
707	1.0573752e-06
708	1.0546392e-06
709	1.0519672e-06
710	1.0494842e-06
711	1.0466921e-06
712	1.0439438e-06
713	1.0412783e-06
714	1.0387473e-06
715	1.0359672e-06
716	1.0332921e-06
717	1.0306389e-06
718	1.0280459e-06
719	1.0256143e-06
720	1.0228893e-06
721	1.0203038e-06
722	1.0177633e-06
723	1.0153536e-06
724	1.0126486e-06
725	1.0100057e-06
726	1.0074708e-06
727	1.0049786e-06
728	1.002572e-06
729	9.9987484e-07
730	1.1607436e-06
731	1.0214554e-06
732	1.0202235e-06
733	1.0098514e-06
734	1.0048388e-06
735	1.0001953e-06
736	9.9620977e-07
737	1.1541693e-06
738	1.016888e-06
739	1.0142256e-06
740	1.0031756e-06
741	9.9763434e-07
742	1.1534833e-06
743	1.0168712e-06
744	1.0128077e-06
745	1.0009575e-06
746	9.9477169e-07
747	1.1486219e-06
748	1.0136798e-06
749	1.0089083e-06
750	9.968515e-07
751	1.1494806e-06
752	1.0149639e-06
753	1.0089094e-06
754	9.9605461e-07
755	1.1474533e-06
756	1.0136403e-06
757	1.0069098e-06
758	9.9359618e-07
759	1.1436929e-06
760	1.0107683e-06
761	1.0036642e-06
762	9.9004108e-07
763	1.1389469e-06
764	1.0070201e-06
765	9.9957353e-07
766	1.1477702e-06
767	1.0107515e-06
768	1.002241e-06
769	9.8714531e-07
770	1.1340779e-06
771	1.0030877e-06
772	9.9466465e-07
773	1.1408672e-06
774	1.0052634e-06
775	9.9569672e-07
776	1.1409407e-06
777	1.0053288e-06
778	9.9521834e-07
779	1.1396797e-06
780	1.0042974e-06
781	9.9378702e-07
782	1.137445e-06
783	1.0027416e-06
784	9.9170918e-07
785	1.1345057e-06
786	1.0003963e-06
787	9.8904147e-07
788	1.1308666e-06
789	9.974288e-07
790	1.1390158e-06
791	1.010907e-06
792	9.9345362e-07
793	1.1340843e-06
794	1.0003438e-06
795	9.8712214e-07
796	1.1266858e-06
797	9.9421677e-07
798	1.1333946e-06
799	1.0063715e-06
800	9.8806617e-07
801	1.1261133e-06
802	9.9393734e-07
803	1.131656e-06
804	1.0048182e-06
805	9.8574278e-07
806	1.1222471e-06
807	9.9095482e-07
808	1.1269698e-06
809	1.0012401e-06
810	9.8173186e-07
811	1.1165239e-06
812	9.864962e-07
813	1.1209516e-06
814	9.9640743e-07
815	1.1304698e-06
816	1.0012112e-06
817	9.8039427e-07
818	1.113092e-06
819	9.8350336e-07
820	1.1157026e-06
821	9.9212801e-07
822	1.1238198e-06
823	9.9607778e-07
824	1.1270701e-06
825	9.9875159e-07
826	1.129202e-06
827	1.0005006e-06
828	9.7753899e-07
829	1.1063645e-06
830	9.7849198e-07
831	1.1066654e-06
832	9.8512861e-07
833	1.1128582e-06
834	9.8775601e-07
835	1.114821e-06
836	9.8953888e-07
837	1.1161104e-06
838	9.9048138e-07
839	1.1163364e-06
840	9.9093251e-07
841	1.11621e-06
842	9.9100015e-07
843	1.1156478e-06
844	9.9046004e-07
845	1.1144627e-06
846	9.8980083e-07
847	1.1130992e-06
848	9.8891749e-07
849	1.1115488e-06
850	9.8785882e-07
851	1.1098451e-06
852	9.8665972e-07
853	1.108047e-06
854	9.8522927e-07
855	1.1060662e-06
856	9.8371021e-07
857	1.103915e-06
858	9.8216632e-07
859	1.1017973e-06
860	9.8017498e-07
861	1.0990999e-06
862	9.7816374e-07
863	1.0964401e-06
864	9.7599638e-07
865	1.0938219e-06
866	9.7398975e-07
867	1.091172e-06
868	9.7178092e-07
869	1.0884857e-06
870	9.6947286e-07
871	1.0856115e-06
872	9.6727801e-07
873	1.0827738e-06
874	9.6488687e-07
875	1.0799485e-06
876	9.6228502e-07
877	1.0766044e-06
878	9.5970015e-07
879	1.0735605e-06
880	9.5716779e-07
881	1.0704622e-06
882	9.5468194e-07
883	1.0674021e-06
884	9.5212851e-07
885	1.0642697e-06
886	9.494319e-07
887	1.0609235e-06
888	9.4676263e-07
889	1.0577383e-06
890	9.4400722e-07
891	1.0544056e-06
892	9.4107295e-07
893	1.0509326e-06
894	9.3823822e-07
895	1.0474492e-06
896	9.3537956e-07
897	1.0440991e-06
898	9.3258476e-07
899	1.0407433e-06
900	9.2981042e-07
901	1.0374656e-06
902	9.2703038e-07
903	1.0341013e-06
904	9.2413997e-07
905	1.0307195e-06
906	9.2123706e-07
907	1.0272438e-06
908	9.1837634e-07
909	1.0239156e-06
910	9.1547983e-07
911	1.0204983e-06
912	9.1263169e-07
913	1.01718e-06
914	9.0967581e-07
915	1.0137851e-06
916	9.0682894e-07
917	1.0104172e-06
918	9.0401807e-07
919	1.0071592e-06
920	9.0126877e-07
921	1.0039037e-06
922	8.9847604e-07
923	1.0006125e-06
924	8.9569289e-07
925	9.973319e-07
926	1.0991667e-06
927	9.1331399e-07
928	1.0145648e-06
929	9.0942185e-07
930	1.0101931e-06
931	9.0148258e-07
932	1.0017061e-06
933	8.9665802e-07
934	9.9640951e-07
935	1.0963228e-06
936	9.1217936e-07
937	1.0114616e-06
938	9.0715765e-07
939	1.0060137e-06
940	8.9827014e-07
941	9.9655253e-07
942	1.095097e-06
943	9.1236575e-07
944	1.0102532e-06
945	9.0633769e-07
946	1.0037647e-06
947	8.9671244e-07
948	9.9368472e-07
949	1.0908387e-06
950	9.0991297e-07
951	1.0064908e-06
952	9.0347964e-07
953	9.9960622e-07
954	1.0959105e-06
955	9.128793e-07
956	1.0086409e-06
957	9.0564818e-07
958	1.0009723e-06
959	8.9479304e-07
960	9.8958203e-07
961	1.0846764e-06
962	9.0660822e-07
963	1.0011317e-06
964	8.9954286e-07
965	9.9368514e-07
966	1.0880257e-06
967	9.0797019e-07
968	1.0016896e-06
969	9.0028174e-07
970	9.9356542e-07
971	1.0870323e-06
972	9.078497e-07
973	1.0007084e-06
974	8.9965204e-07
975	9.9213166e-07
976	1.0847806e-06
977	9.0661478e-07
978	9.9868128e-07
979	1.0910061e-06
980	9.1657064e-07
981	1.0082923e-06
982	9.043307e-07
983	9.9561559e-07
984	1.0870292e-06
985	9.0974022e-07
986	1.0005502e-06
987	9.0003425e-07
988	9.90437e-07
989	1.080995e-06
990	9.0537005e-07
991	9.9531513e-07
992	1.0854977e-06
993	9.1386187e-07
994	1.0034323e-06
995	9.0079293e-07
996	9.8993326e-07
997	1.0792373e-06
998	9.0502833e-07
999	9.937611e-07
1000	1.0826585e-06
1001	9.1244656e-07
1002	1.000682e-06
1003	8.9880454e-07
1004	9.8659675e-07
1005	1.0745649e-06
1006	9.0218115e-07
1007	9.8953708e-07
1008	1.0771731e-06
1009	9.0886018e-07
1010	9.9588653e-07
1011	1.0830716e-06
1012	9.1228615e-07
1013	9.9886591e-07
1014	1.0856475e-06
1015	9.1495164e-07
1016	1.0010794e-06
1017	8.9979078e-07
1018	9.8535707e-07
1019	1.0711823e-06
1020	9.0117531e-07
1021	9.8633686e-07
1022	1.0717486e-06
1023	9.0636438e-07
1024	9.9102115e-07
1025	1.0759759e-06
1026	9.085495e-07
1027	9.9281016e-07
1028	1.0773183e-06
1029	9.10095e-07
1030	9.9390989e-07
1031	1.0780139e-06
1032	9.108462e-07
1033	9.9432054e-07
1034	1.0780396e-06
1035	9.1128541e-07
1036	9.943066e-07
1037	1.0776045e-06
1038	9.1126825e-07
1039	9.9386184e-07
1040	1.0767106e-06
1041	9.1095118e-07
1042	9.9305317e-07
1043	1.0753947e-06
1044	9.1038013e-07
1045	9.9203504e-07
1046	1.073906e-06
1047	9.0957711e-07
1048	9.9075567e-07
1049	1.0721914e-06
1050	9.0861105e-07
1051	9.8937277e-07
1052	1.0703082e-06
1053	9.0738995e-07
1054	9.8770977e-07
1055	1.0681474e-06
1056	9.0591725e-07
1057	9.8579811e-07
1058	1.0658334e-06
1059	9.0433606e-07
1060	9.8375494e-07
1061	1.0633247e-06
1062	9.0267233e-07
1063	9.8161377e-07
1064	1.060741e-06
1065	9.0090592e-07
1066	9.7938485e-07
1067	1.058015e-06
1068	8.9887644e-07
1069	9.7696583e-07
1070	1.0551533e-06
1071	8.968481e-07
1072	9.7444687e-07
1073	1.0521795e-06
1074	8.9470774e-07
1075	9.7179566e-07
1076	1.0490347e-06
1077	8.9239409e-07
1078	9.6904148e-07
1079	1.0458152e-06
1080	8.900511e-07
1081	9.6619304e-07
1082	1.0424556e-06
1083	8.8764733e-07
1084	9.6334052e-07
1085	1.0391445e-06
1086	8.8513795e-07
1087	9.6037312e-07
1088	1.0356904e-06
1089	8.8267122e-07
1090	9.5744499e-07
1091	1.0323718e-06
1092	8.8017497e-07
1093	9.5447794e-07
1094	1.0289415e-06
1095	8.7762866e-07
1096	9.5145415e-07
1097	1.0254116e-06
1098	8.7506032e-07
1099	9.4841195e-07
1100	1.0219114e-06
1101	8.7244642e-07
1102	9.4533844e-07
1103	1.0183835e-06
1104	8.6986377e-07
1105	9.4226274e-07
1106	1.0148487e-06
1107	8.6728012e-07
1108	9.3924991e-07
1109	1.0113758e-06
1110	8.6469634e-07
1111	9.3627739e-07
1112	1.0079256e-06
1113	8.6208234e-07
1114	9.3319588e-07
1115	1.0044337e-06
1116	8.5950607e-07
1117	9.3023768e-07
1118	1.0010633e-06
1119	8.5693894e-07
1120	9.2731558e-07
1121	9.9780618e-07
1122	1.068326e-06
1123	8.6853696e-07
1124	9.3830834e-07
1125	1.0083004e-06
1126	8.6487046e-07
1127	9.343709e-07
1128	1.0039659e-06
1129	8.584248e-07
1130	9.2752061e-07
1131	9.967074e-07
1132	1.0659342e-06
1133	8.6808343e-07
1134	9.3657373e-07
1135	1.0053396e-06
1136	8.6335341e-07
1137	9.3161802e-07
1138	9.999526e-07
1139	1.0683814e-06
1140	8.6961666e-07
1141	9.3726581e-07
1142	1.0052266e-06
1143	8.639652e-07
1144	9.3145086e-07
1145	9.990237e-07
1146	1.0667032e-06
1147	8.691105e-07
1148	9.3603163e-07
1149	1.0032793e-06
1150	8.6301693e-07
1151	9.2976714e-07
1152	9.9664058e-07
1153	1.0635907e-06
1154	8.6766453e-07
1155	9.3386072e-07
1156	1.0003927e-06
1157	8.612774e-07
1158	9.2735726e-07
1159	9.9355646e-07
1160	1.0598407e-06
1161	8.6558867e-07
1162	9.3112242e-07
1163	9.9700823e-07
1164	1.0630191e-06
1165	8.7181161e-07
1166	9.3713675e-07
1167	1.0027317e-06
1168	8.6257791e-07
1169	9.2765928e-07
1170	9.9287211e-07
1171	1.0581748e-06
1172	8.6572021e-07
1173	9.3025475e-07
1174	9.9515723e-07
1175	1.060121e-06
1176	8.7078282e-07
1177	9.3506278e-07
1178	9.9960019e-07
1179	1.0642076e-06
1180	8.7327656e-07
1181	9.3719664e-07
1182	1.0013526e-06
1183	8.6285971e-07
1184	9.2657272e-07
1185	9.9036894e-07
1186	1.0542334e-06
1187	8.6442167e-07
1188	9.2756184e-07
1189	9.9100389e-07
1190	1.0545175e-06
1191	8.6831893e-07
1192	9.3122584e-07
1193	9.943247e-07
1194	1.0574938e-06
1195	8.6985723e-07
1196	9.3237446e-07
1197	9.9509271e-07
1198	1.0578676e-06
1199	8.707526e-07
1200	9.329125e-07
1201	9.9527858e-07
1202	1.0577013e-06
1203	8.7111826e-07
1204	9.3291064e-07
1205	9.9486331e-07
1206	1.0569021e-06
1207	8.7101598e-07
1208	9.3240744e-07
1209	9.9400657e-07
1210	1.0556684e-06
1211	8.7056426e-07
1212	9.3160734e-07
1213	9.9284742e-07
1214	1.0541876e-06
1215	8.6986104e-07
1216	9.3055507e-07
1217	9.9144966e-07
1218	1.0524426e-06
1219	8.6888074e-07
1220	9.2921224e-07
1221	9.8975618e-07
1222	1.0504118e-06
1223	8.6768673e-07
1224	9.2769038e-07
1225	9.879119e-07
1226	1.0482158e-06
1227	8.6634519e-07
1228	9.2597705e-07
1229	9.8586374e-07
1230	1.045854e-06
1231	8.6479177e-07
1232	9.2412551e-07
1233	9.8363694e-07
1234	1.0432912e-06
1235	8.632019e-07
1236	9.2212632e-07
1237	9.8131461e-07
1238	1.0405933e-06
1239	8.6144194e-07
1240	9.2002541e-07
1241	9.788714e-07
1242	1.0377935e-06
1243	8.5961326e-07
1244	9.1792695e-07
1245	9.7636775e-07
1246	1.0349389e-06
1247	8.5761194e-07
1248	9.1555646e-07
1249	9.7369662e-07
1250	1.031872e-06
1251	8.5553795e-07
1252	9.1315335e-07
1253	9.7097395e-07
1254	1.028832e-06
1255	8.5336166e-07
1256	9.106742e-07
1257	9.6810483e-07
1258	1.0256686e-06
1259	8.510864e-07
1260	9.0805012e-07
1261	9.6515976e-07
1262	1.0223461e-06
1263	8.4879216e-07
1264	9.0545156e-07
1265	9.6223587e-07
1266	1.0190995e-06
1267	8.4648478e-07
1268	9.0282013e-07
1269	9.5925061e-07
1270	1.0158306e-06
1271	8.4399794e-07
1272	8.9999882e-07
1273	9.5615271e-07
1274	1.012371e-06
1275	8.4148785e-07
1276	8.9709584e-07
1277	9.5289543e-07
1278	1.0088154e-06
1279	8.3894522e-07
1280	8.9431754e-07
1281	9.4985319e-07
1282	1.0054324e-06
1283	8.3638153e-07
1284	8.9141109e-07
1285	9.4655755e-07
1286	1.0017774e-06
1287	8.3380312e-07
1288	8.8851575e-07
1289	9.4334781e-07
1290	9.9822921e-07
1291	1.0531852e-06
1292	8.433217e-07
1293	8.9566814e-07
1294	9.5022059e-07
1295	1.0048934e-06
1296	8.380226e-07
1297	8.9218418e-07
1298	9.4646446e-07
1299	1.0007991e-06
1300	8.3225859e-07
1301	8.8598292e-07
1302	9.3991367e-07
1303	9.9389468e-07
1304	1.0479343e-06
1305	8.40135e-07
1306	8.916032e-07
1307	9.4520972e-07
1308	9.9889699e-07
1309	1.0526591e-06
1310	8.4469907e-07
1311	8.9681812e-07
1312	9.5011431e-07
1313	1.0034761e-06
1314	8.3675842e-07
1315	8.8960202e-07
1316	9.4252416e-07
1317	9.9554189e-07
1318	1.048636e-06
1319	8.4089322e-07
1320	8.9118629e-07
1321	9.4392692e-07
1322	9.9671991e-07
1323	1.0495634e-06
1324	8.432582e-07
1325	8.944523e-07
1326	9.4685028e-07
1327	9.9931668e-07
1328	1.0518433e-06
1329	8.4467875e-07
1330	8.9527644e-07
1331	9.4735477e-07
1332	9.994948e-07
1333	1.0517038e-06
1334	8.4512879e-07
1335	8.9545881e-07
1336	9.4722989e-07
1337	9.9904207e-07
1338	1.0508641e-06
1339	8.4505405e-07
1340	8.9496917e-07
1341	9.4634624e-07
1342	9.9777692e-07
1343	1.0493299e-06
1344	8.4441183e-07
1345	8.9398574e-07
1346	9.4498703e-07
1347	9.9612257e-07
1348	1.04732e-06
1349	8.4344709e-07
1350	8.927813e-07
1351	9.4352739e-07
1352	9.9432384e-07
1353	1.0451888e-06
1354	8.4225019e-07
1355	8.9110853e-07
1356	9.4144845e-07
1357	9.9189312e-07
1358	1.042406e-06
1359	8.407372e-07
1360	8.8938701e-07
1361	9.3945404e-07
1362	9.8955822e-07
1363	1.0397285e-06
1364	8.3908398e-07
1365	8.8740649e-07
1366	9.3717777e-07
1367	9.8693159e-07
1368	1.0367439e-06
1369	8.3729712e-07
1370	8.8517198e-07
1371	9.3456257e-07
1372	9.8406781e-07
1373	1.0336339e-06
1374	8.3534497e-07
1375	8.8309862e-07
1376	9.3219576e-07
1377	9.8137637e-07
1378	1.0306067e-06
1379	8.3339729e-07
1380	8.8073812e-07
1381	9.2951754e-07
1382	9.7836921e-07
1383	1.0272889e-06
1384	8.3122199e-07
1385	8.7825029e-07
1386	9.2670172e-07
1387	9.7522364e-07
1388	1.0238387e-06
1389	8.2892065e-07
1390	8.7570234e-07
1391	9.2384291e-07
1392	9.7204139e-07
1393	1.0203002e-06
1394	8.2657242e-07
1395	8.7288504e-07
1396	9.2067091e-07
1397	9.6853928e-07
1398	1.0164729e-06
1399	8.2410588e-07
1400	8.7024178e-07
1401	9.1771051e-07
1402	9.6527081e-07
1403	1.0129042e-06
1404	8.215735e-07
1405	8.6737483e-07
1406	9.1452256e-07
1407	9.6172528e-07
1408	1.0089679e-06
1409	8.1890581e-07
1410	8.6428579e-07
1411	9.1110152e-07
1412	9.5797011e-07
1413	1.0049354e-06
1414	8.160726e-07
1415	8.6135633e-07
1416	9.0793076e-07
1417	9.5452923e-07
1418	1.0011689e-06
1419	8.1346533e-07
1420	8.5824768e-07
1421	9.0437235e-07
1422	9.5058898e-07
1423	9.9689989e-07
1424	1.0433137e-06
1425	8.2387716e-07
1426	8.6322274e-07
1427	9.0909009e-07
1428	9.5504806e-07
1429	1.0010986e-06
1430	8.1468299e-07
1431	8.5954297e-07
1432	9.0511005e-07
1433	9.5073703e-07
1434	9.9641073e-07
1435	1.042095e-06
1436	8.2324787e-07
1437	8.6158374e-07
1438	9.0667045e-07
1439	9.5193224e-07
1440	9.9726705e-07
1441	1.0426808e-06
1442	8.2487801e-07
1443	8.6447866e-07
1444	9.0941495e-07
1445	9.5443177e-07
1446	9.9949949e-07
1447	1.044628e-06
1448	8.2607588e-07
1449	8.6485272e-07
1450	9.0939555e-07
1451	9.5401408e-07
1452	9.9874378e-07
1453	1.0435449e-06
1454	8.2603215e-07
1455	8.6469128e-07
1456	9.0898281e-07
1457	9.5333602e-07
1458	9.9774514e-07
1459	1.0422376e-06
1460	8.252557e-07
1461	8.6344873e-07
1462	9.0741132e-07
1463	9.5142354e-07
1464	9.9552977e-07
1465	1.0396905e-06
1466	8.2397605e-07
1467	8.6190511e-07
1468	9.0555636e-07
1469	9.4930638e-07
1470	9.9315791e-07
1471	1.0370718e-06
1472	8.224289e-07
1473	8.601267e-07
1474	9.0347708e-07
1475	9.4689298e-07
1476	9.9038212e-07
1477	1.0339531e-06
1478	8.2055835e-07
1479	8.5787751e-07
1480	9.0096763e-07
1481	9.4414873e-07
1482	9.8742668e-07
1483	1.0307712e-06
1484	8.1855073e-07
1485	8.556781e-07
1486	8.9844741e-07
1487	9.4135801e-07
1488	9.8435355e-07
1489	1.0273936e-06
1490	8.162602e-07
1491	8.5300025e-07
1492	8.9551352e-07
1493	9.3816762e-07
1494	9.8089657e-07
1495	1.0236973e-06
1496	8.1386633e-07
1497	8.505494e-07
1498	8.9285368e-07
1499	9.3522377e-07
1500	9.7764972e-07
1501	1.0201405e-06
1502	8.1142297e-07
1503	8.4768001e-07
1504	8.8964239e-07
1505	9.3174762e-07
1506	9.7391948e-07
1507	1.0161595e-06
1508	8.0880393e-07
1509	8.4488132e-07
1510	8.866143e-07
1511	9.2845442e-07
1512	9.703705e-07
1513	1.0123495e-06
1514	8.060076e-07
1515	8.4176125e-07
1516	8.8320379e-07
1517	9.2475908e-07
1518	9.6634634e-07
1519	1.0080032e-06
1520	8.0317085e-07
1521	8.386916e-07
1522	8.7987433e-07
1523	9.2117409e-07
1524	9.625248e-07
1525	1.0039332e-06
1526	8.0019536e-07
1527	8.3551582e-07
1528	8.7645629e-07
1529	9.174685e-07
1530	9.5853729e-07
1531	9.9964836e-07
1532	1.0408165e-06
1533	8.0924375e-07
1534	8.3927118e-07
1535	8.7991717e-07
1536	9.2067395e-07
1537	9.6149136e-07
1538	1.0023577e-06
1539	7.9983248e-07
1540	8.3559536e-07
1541	8.760007e-07
1542	9.1643962e-07
1543	9.5693658e-07
1544	9.9749672e-07
1545	1.0380889e-06
1546	8.0740692e-07
1547	8.3656559e-07
1548	8.7666269e-07
1549	9.1687234e-07
1550	9.5711729e-07
1551	9.9744149e-07
1552	1.0378157e-06
1553	8.0834481e-07
1554	8.3856286e-07
1555	8.7842642e-07
1556	9.1834671e-07
1557	9.5829934e-07
1558	9.9831745e-07
1559	1.0383907e-06
1560	8.0882359e-07
1561	8.3847292e-07
1562	8.7811393e-07
1563	9.1783941e-07
1564	9.5764678e-07
1565	9.9751292e-07
1566	1.037461e-06
1567	8.086395e-07
1568	8.3803114e-07
1569	8.775178e-07
1570	9.1702575e-07
1571	9.5657454e-07
1572	9.9615806e-07
1573	1.0358115e-06
1574	8.0719794e-07
1575	8.3562331e-07
1576	8.7474619e-07
1577	9.1397273e-07
1578	9.5324709e-07
1579	9.9258668e-07
1580	1.0319862e-06
1581	8.053868e-07
1582	8.3294113e-07
1583	8.7173479e-07
1584	9.1062807e-07
1585	9.4953925e-07
1586	9.8852032e-07
1587	1.0275782e-06
1588	8.0355133e-07
1589	8.3087531e-07
1590	8.6942678e-07
1591	9.0802016e-07
1592	9.4666142e-07
1593	9.8539381e-07
1594	1.0241914e-06
1595	8.0184381e-07
1596	8.287822e-07
1597	8.6697336e-07
1598	9.0520175e-07
1599	9.4352553e-07
1600	9.8189675e-07
1601	1.0203171e-06
1602	7.9969577e-07
1603	8.2645446e-07
1604	8.6440924e-07
1605	9.0240664e-07
1606	9.4045616e-07
1607	9.7853293e-07
1608	1.0166581e-06
1609	7.9778848e-07
1610	8.246832e-07
1611	8.6227433e-07
1612	8.9991178e-07
1613	9.376146e-07
1614	9.7537958e-07
1615	1.013207e-06
1616	7.9582635e-07
1617	8.2295263e-07
1618	8.6028079e-07
1619	8.9769174e-07
1620	9.3517542e-07
1621	9.7270147e-07
1622	1.010252e-06
1623	7.9382026e-07
1624	8.2056517e-07
1625	8.5759521e-07
1626	8.9468815e-07
1627	9.3182722e-07
1628	9.6900729e-07
1629	1.0062482e-06
1630	7.9138988e-07
1631	8.1788261e-07
1632	8.5463241e-07
1633	8.9142603e-07
1634	9.2824761e-07
1635	9.6509987e-07
1636	1.0020298e-06
1637	7.8880163e-07
1638	8.1509159e-07
1639	8.5147081e-07
1640	8.8788351e-07
1641	9.2436562e-07
1642	9.6089913e-07
1643	9.974922e-07
1644	1.034148e-06
1645	7.9646701e-07
1646	8.1802728e-07
1647	8.540936e-07
1648	8.9026076e-07
1649	9.2644511e-07
1650	9.6267114e-07
1651	9.989345e-07
1652	1.035248e-06
1653	7.9781854e-07
1654	8.2008159e-07
1655	8.5584049e-07
1656	8.9167537e-07
1657	9.2754787e-07
1658	9.6347132e-07
1659	9.9948606e-07
1660	1.0355543e-06
1661	7.9792623e-07
1662	8.1949563e-07
1663	8.5494028e-07
1664	8.9045166e-07
1665	9.2600816e-07
1666	9.6161529e-07
1667	9.9725725e-07
1668	1.0329594e-06
1669	7.968085e-07
1670	8.1815388e-07
1671	8.5330085e-07
1672	8.8848792e-07
1673	9.2373428e-07
1674	9.5903248e-07
1675	9.9438546e-07
1676	1.0298025e-06
1677	7.9518951e-07
1678	8.1634626e-07
1679	8.511765e-07
1680	8.8605051e-07
1681	9.2096836e-07
1682	9.5592906e-07
1683	9.9094905e-07
1684	1.0260232e-06
1685	7.9298126e-07
1686	8.1399676e-07
1687	8.4854138e-07
1688	8.8312536e-07
1689	9.1773263e-07
1690	9.5239959e-07
1691	9.8710196e-07
1692	1.0218541e-06
1693	7.9028055e-07
1694	8.1082434e-07
1695	8.4498775e-07
1696	8.7924366e-07
1697	9.1354657e-07
1698	9.4790642e-07
1699	9.8231986e-07
1700	1.0167833e-06
1701	7.8720536e-07
1702	8.0770008e-07
1703	8.4160249e-07
1704	8.7553955e-07
1705	9.0950956e-07
1706	9.4353856e-07
1707	9.7763176e-07
1708	1.0117825e-06
1709	7.8393617e-07
1710	8.0410974e-07
1711	8.3769465e-07
1712	8.7133827e-07
1713	9.0502394e-07
1714	9.3875156e-07
1715	9.7252191e-07
1716	1.0063518e-06
1717	7.8033569e-07
1718	8.0022587e-07
1719	8.3350342e-07
1720	8.6679985e-07
1721	9.0013334e-07
1722	9.3351878e-07
1723	9.6696686e-07
1724	1.0004815e-06
1725	7.7648193e-07
1726	7.9623425e-07
1727	8.291969e-07
1728	8.6222415e-07
1729	8.9527378e-07
1730	9.2837966e-07
1731	9.6152154e-07
1732	9.9468097e-07
1733	1.0278915e-06
1734	7.8217548e-07
1735	7.979932e-07
1736	8.2977295e-07
1737	8.6244616e-07
1738	8.9517018e-07
1739	9.2796877e-07
1740	9.6081682e-07
1741	9.9370593e-07
1742	1.0266426e-06
1743	7.818388e-07
1744	7.9801607e-07
1745	8.2981086e-07
1746	8.6217411e-07
1747	8.945633e-07
1748	9.2698889e-07
1749	9.5948052e-07
1750	9.9204973e-07
1751	1.0246609e-06
1752	7.8058809e-07
1753	7.9635374e-07
1754	8.2775396e-07
1755	8.5979781e-07
1756	8.9187286e-07
1757	9.239911e-07
1758	9.5615014e-07
1759	9.8834831e-07
1760	1.0205962e-06
1761	7.7826787e-07
1762	7.9379954e-07
1763	8.2479635e-07
1764	8.5648371e-07
1765	8.8821719e-07
1766	9.2001662e-07
1767	9.5186245e-07
1768	9.8376119e-07
1769	1.0156915e-06
1770	7.7528738e-07
1771	7.9070187e-07
1772	8.2139062e-07
1773	8.5275204e-07
1774	8.8412538e-07
1775	9.1555042e-07
1776	9.4703872e-07
1777	9.7859074e-07
1778	1.0101917e-06
1779	7.7189753e-07
1780	7.8713433e-07
1781	8.1750838e-07
1782	8.4854273e-07
1783	8.7961821e-07
1784	9.1071906e-07
1785	9.4185161e-07
1786	9.7305419e-07
1787	1.0042964e-06
1788	7.6829657e-07
1789	7.8335084e-07
1790	8.133175e-07
1791	8.44005e-07
1792	8.7473284e-07
1793	9.0551408e-07
1794	9.3634048e-07
1795	9.6721731e-07
1796	9.9812624e-07
1797	1.0290722e-06
1798	7.7324817e-07
1799	7.8618086e-07
1800	8.1378152e-07
1801	8.4411791e-07
1802	8.7451651e-07
1803	9.0496861e-07
1804	9.3547534e-07
1805	9.6602502e-07
1806	9.9661757e-07
1807	1.0272414e-06
1808	7.7271633e-07
1809	7.8567571e-07
1810	8.1354849e-07
1811	8.4356261e-07
1812	8.7361412e-07
1813	9.0373789e-07
1814	9.3390578e-07
1815	9.6412575e-07
1816	9.9438026e-07
1817	1.0246786e-06
1818	7.7122575e-07
1819	7.8398454e-07
1820	8.1132048e-07
1821	8.4101163e-07
1822	8.7071675e-07
1823	9.0047752e-07
1824	9.3029329e-07
1825	9.6017865e-07
1826	9.9008697e-07
1827	1.020051e-06
1828	7.6872297e-07
1829	7.8137788e-07
1830	8.083541e-07
1831	8.3768606e-07
1832	8.67049e-07
1833	8.96458e-07
1834	9.2592867e-07
1835	9.5546735e-07
1836	9.8505012e-07
1837	1.0146587e-06
1838	7.6565602e-07
1839	7.7825027e-07
1840	8.048831e-07
1841	8.3387084e-07
1842	8.6290971e-07
1843	8.9196222e-07
1844	9.2106585e-07
1845	9.5024925e-07
1846	9.7948037e-07
1847	1.0087649e-06
1848	7.6225971e-07
1849	7.7474842e-07
1850	8.0103153e-07
1851	8.2970791e-07
1852	8.5839606e-07
1853	8.8713553e-07
1854	9.1588277e-07
1855	9.4473172e-07
1856	9.735934e-07
1857	1.0025251e-06
1858	7.584343e-07
1859	7.7084171e-07
1860	7.9671139e-07
1861	8.2502808e-07
1862	8.533472e-07
1863	8.8174066e-07
1864	9.1014057e-07
1865	9.3861999e-07
1866	9.6711269e-07
1867	9.9570649e-07
1868	1.0242914e-06
1869	7.6252945e-07
1870	7.7446179e-07
1871	7.9673075e-07
1872	8.2466733e-07
1873	8.5263666e-07
1874	8.806415e-07
1875	9.0870063e-07
1876	9.3683175e-07
1877	9.6502033e-07
1878	9.9325687e-07
1879	1.021507e-06
1880	7.6148557e-07
1881	7.7326227e-07
1882	7.9585456e-07
1883	8.2343822e-07
1884	8.5105214e-07
1885	8.7872086e-07
1886	9.0643346e-07
1887	9.3421033e-07
1888	9.6205064e-07
1889	9.899184e-07
1890	1.0178306e-06
1891	7.5953365e-07
1892	7.7120216e-07
1893	7.9331788e-07
1894	8.2054804e-07
1895	8.4778936e-07
1896	8.7510604e-07
1897	9.024555e-07
1898	9.2991213e-07
1899	9.5738253e-07
1900	9.8491341e-07
1901	1.0124286e-06
1902	7.566077e-07
1903	7.6824388e-07
1904	7.8999542e-07
1905	8.1689689e-07
1906	8.4378434e-07
1907	8.707673e-07
1908	8.9780436e-07
1909	9.2486851e-07
1910	9.5198954e-07
1911	9.7913102e-07
1912	1.0063184e-06
1913	7.5324719e-07
1914	7.648219e-07
1915	7.8619274e-07
1916	8.1270163e-07
1917	8.3926242e-07
1918	8.6588066e-07
1919	8.9258673e-07
1920	9.1929393e-07
1921	9.4606544e-07
1922	9.7284548e-07
1923	9.9963747e-07
1924	1.026509e-06
1925	7.5735401e-07
1926	7.685491e-07
1927	7.8655342e-07
1928	8.1261323e-07
1929	8.3884792e-07
1930	8.651411e-07
1931	8.9148478e-07
1932	9.1785959e-07
1933	9.442661e-07
1934	9.7073468e-07
1935	9.9726609e-07
1936	1.0238105e-06
1937	7.5656296e-07
1938	7.6760879e-07
1939	7.8596143e-07
1940	8.1171026e-07
1941	8.3756962e-07
1942	8.6349778e-07
1943	8.894383e-07
1944	9.1548441e-07
1945	9.4157806e-07
1946	9.677626e-07
1947	9.9396839e-07
1948	1.020253e-06
1949	7.5470949e-07
1950	7.6566512e-07
1951	7.8351145e-07
1952	8.0882313e-07
1953	8.343271e-07
1954	8.5991075e-07
1955	8.8561058e-07
1956	9.1136378e-07
1957	9.3715198e-07
1958	9.6300025e-07
1959	9.8891324e-07
1960	1.0148951e-06
1961	7.5196035e-07
1962	7.6284492e-07
1963	7.8042442e-07
1964	8.0541122e-07
1965	8.3068125e-07
1966	8.5600258e-07
1967	8.8140018e-07
1968	9.0684586e-07
1969	9.3233299e-07
1970	9.5790435e-07
1971	9.8353355e-07
1972	1.0092714e-06
1973	7.4887438e-07
1974	7.5975516e-07
1975	7.7710922e-07
1976	8.0190963e-07
1977	8.2686331e-07
1978	8.5190625e-07
1979	8.7697873e-07
1980	9.0211535e-07
1981	9.2732253e-07
1982	9.5258535e-07
1983	9.7792755e-07
1984	1.0033081e-06
1985	7.4552471e-07
1986	7.564566e-07
1987	7.736473e-07
1988	7.9808342e-07
1989	8.2265131e-07
1990	8.4727787e-07
1991	8.7205458e-07
1992	8.9693937e-07
1993	9.2192158e-07
1994	9.46919e-07
1995	9.7193814e-07
1996	9.9700621e-07
1997	1.0221393e-06
1998	7.4952464e-07
1999	7.602044e-07
2000	7.7464175e-07
2001	7.98532e-07
2002	8.2294544e-07
2003	8.4736437e-07
2004	8.7185211e-07
2005	8.9638763e-07
2006	9.2097053e-07
2007	9.4562211e-07
2008	9.7037604e-07
2009	9.9518481e-07
2010	1.0199952e-06
2011	7.4898919e-07
2012	7.5964099e-07
2013	7.7429381e-07
2014	7.9799872e-07
2015	8.2206444e-07
2016	8.4623078e-07
2017	8.7046729e-07
2018	8.9476919e-07
2019	9.1910893e-07
2020	9.4346538e-07
2021	9.678272e-07
2022	9.9221866e-07
2023	1.0166794e-06
2024	7.47906e-07
2025	7.5850845e-07
2026	7.7282099e-07
2027	7.9619002e-07
2028	8.1995446e-07
2029	8.4379319e-07
2030	8.6763592e-07
2031	8.9158098e-07
2032	9.1555579e-07
2033	9.3959935e-07
2034	9.6367562e-07
2035	9.8780664e-07
2036	1.0119307e-06
2037	7.4592872e-07
2038	7.5651412e-07
2039	7.7065003e-07
2040	7.9366391e-07
2041	8.171413e-07
2042	8.4063439e-07
2043	8.6423237e-07
2044	8.8782973e-07
2045	9.1147121e-07
2046	9.3513556e-07
2047	9.5879234e-07
2048	9.824982e-07
2049	1.006251e-06
2050	7.4368157e-07
2051	7.5417568e-07
2052	7.6806461e-07
2053	7.9071566e-07
2054	8.1384235e-07
2055	8.3699834e-07
2056	8.602164e-07
2057	8.8343731e-07
2058	9.0674093e-07
2059	9.3006588e-07
2060	9.5346447e-07
2061	9.7687354e-07
2062	1.0002753e-06
2063	7.4093016e-07
2064	7.5140809e-07
2065	7.6518151e-07
2066	7.8750064e-07
2067	8.1026313e-07
2068	8.3303633e-07
2069	8.5589585e-07
2070	8.7875587e-07
2071	9.0166266e-07
2072	9.2461565e-07
2073	9.4754681e-07
2074	9.7051872e-07
2075	9.9354644e-07
2076	1.0166057e-06
2077	7.4511536e-07
2078	7.5530137e-07
2079	7.6719278e-07
2080	7.8812316e-07
2081	8.1054052e-07
2082	8.3300826e-07
2083	8.5548752e-07
2084	8.7804911e-07
2085	9.0068337e-07
2086	9.2332464e-07
2087	9.4599039e-07
2088	9.6869123e-07
2089	9.9141818e-07
2090	1.0141591e-06
2091	7.4500382e-07
2092	7.5504975e-07
2093	7.6692152e-07
2094	7.8777142e-07
2095	8.0983576e-07
2096	8.3196022e-07
2097	8.5408448e-07
2098	8.7625733e-07
2099	8.9842155e-07
2100	9.2066021e-07
2101	9.4293615e-07
2102	9.6526836e-07
2103	9.8763377e-07
2104	1.0099959e-06
2105	7.4370348e-07
2106	7.5366573e-07
2107	7.6531213e-07
2108	7.8572859e-07
2109	8.0743375e-07
2110	8.2919501e-07
2111	8.5102173e-07
2112	8.7286102e-07
2113	8.9471874e-07
2114	9.1664501e-07
2115	9.3860031e-07
2116	9.6057239e-07
2117	9.825898e-07
2118	1.0046415e-06
2119	7.4170683e-07
2120	7.5156178e-07
2121	7.6302952e-07
2122	7.8311408e-07
2123	8.044834e-07
2124	8.2589823e-07
2125	8.4730383e-07
2126	8.6879619e-07
2127	8.9035583e-07
2128	9.1193021e-07
2129	9.3352562e-07
2130	9.5515494e-07
2131	9.7681374e-07
2132	9.985047e-07
2133	1.0202354e-06
2134	7.4610709e-07
2135	7.5570931e-07
2136	7.6610383e-07
2137	7.8436582e-07
2138	8.0531921e-07
2139	8.2639408e-07
2140	8.474788e-07
2141	8.6859953e-07
2142	8.8979537e-07
2143	9.1105113e-07
2144	9.3233012e-07
2145	9.5364651e-07
2146	9.7496924e-07
2147	9.9633673e-07
2148	1.017691e-06
2149	7.4636546e-07
2150	7.5588265e-07
2151	7.6617276e-07
2152	7.8442382e-07
2153	8.0507492e-07
2154	8.2579248e-07
2155	8.4657382e-07
2156	8.673698e-07
2157	8.8820161e-07
2158	9.0910895e-07
2159	9.3006415e-07
2160	9.5104537e-07
2161	9.7205204e-07
2162	9.9308395e-07
2163	1.0141246e-06
2164	7.4574935e-07
2165	7.5514682e-07
2166	7.6526398e-07
2167	7.829727e-07
2168	8.0329928e-07
2169	8.2369191e-07
2170	8.4415134e-07
2171	8.6462523e-07
2172	8.8514295e-07
2173	9.0568008e-07
2174	9.2627233e-07
2175	9.4689596e-07
2176	9.6758299e-07
2177	9.8828498e-07
2178	1.0090364e-06
2179	7.4446319e-07
2180	7.5377867e-07
2181	7.6380847e-07
2182	7.811738e-07
2183	8.0117323e-07
2184	8.2126685e-07
2185	8.4139446e-07
2186	8.61564e-07
2187	8.8177157e-07
2188	9.020096e-07
2189	9.2228154e-07
2190	9.4260587e-07
2191	9.6296065e-07
2192	9.8334045e-07
2193	1.0037279e-06
2194	7.4252611e-07
2195	7.5177253e-07
2196	7.617046e-07
2197	7.787199e-07
2198	7.9834331e-07
2199	8.1810495e-07
2200	8.3791569e-07
2201	8.5776873e-07
2202	8.7765054e-07
2203	8.9755887e-07
2204	9.1748605e-07
2205	9.3744146e-07
2206	9.5744009e-07
2207	9.774879e-07
2208	9.9754166e-07
2209	1.017603e-06
2210	7.4712559e-07
2211	7.5612559e-07
2212	7.6569883e-07
2213	7.8047811e-07
2214	7.997556e-07
2215	8.1922053e-07
2216	8.3870943e-07
2217	8.5823905e-07
2218	8.7778754e-07
2219	8.9733804e-07
2220	9.169193e-07
2221	9.3654076e-07
2222	9.562227e-07
2223	9.7591374e-07
2224	9.9563994e-07
2225	1.0153707e-06
2226	7.4766693e-07
2227	7.5650618e-07
2228	7.6592625e-07
2229	7.8069567e-07
2230	7.9965087e-07
2231	8.1873656e-07
2232	8.3784933e-07
2233	8.570154e-07
2234	8.7622584e-07
2235	8.9548019e-07
2236	9.1476464e-07
2237	9.3410189e-07
2238	9.534729e-07
2239	9.7287354e-07
2240	9.9228317e-07
2241	1.0117082e-06
2242	7.4752941e-07
2243	7.5626865e-07
2244	7.6558295e-07
2245	7.8004385e-07
2246	7.9871047e-07
2247	8.1752117e-07
2248	8.3635562e-07
2249	8.5521714e-07
2250	8.7409831e-07
2251	8.9300576e-07
2252	9.1194964e-07
2253	9.3093267e-07
2254	9.4995263e-07
2255	9.6898437e-07
2256	9.880428e-07
2257	1.0071416e-06
2258	7.4627618e-07
2259	7.5489847e-07
2260	7.6411242e-07
2261	7.7822298e-07
2262	7.9650396e-07
2263	8.1495822e-07
2264	8.3345037e-07
2265	8.5195742e-07
2266	8.7049767e-07
2267	8.8906528e-07
2268	9.0769888e-07
2269	9.2637848e-07
2270	9.450878e-07
2271	9.6380103e-07
2272	9.8254764e-07
2273	1.0013239e-06
2274	7.4454771e-07
2275	7.5308771e-07
2276	7.6219963e-07
2277	7.7602992e-07
2278	7.9400742e-07
2279	8.1213834e-07
2280	8.303029e-07
2281	8.4850582e-07
2282	8.6675862e-07
2283	8.8506058e-07
2284	9.0342623e-07
2285	9.2180845e-07
2286	9.4019285e-07
2287	9.5858999e-07
2288	9.7702047e-07
2289	9.9546892e-07
2290	1.013946e-06
2291	7.4843735e-07
2292	7.5660589e-07
2293	7.6543005e-07
2294	7.77232e-07
2295	7.947518e-07
2296	8.1257261e-07
2297	8.3042617e-07
2298	8.4833257e-07
2299	8.6627853e-07
2300	8.8426979e-07
2301	9.0227048e-07
2302	9.2029018e-07
2303	9.3832426e-07
2304	9.5637124e-07
2305	9.744612e-07
2306	9.9258963e-07
2307	1.0107783e-06
2308	7.4875181e-07
2309	7.568416e-07
2310	7.6556601e-07
2311	7.774179e-07
2312	7.9469996e-07
2313	8.1222593e-07
2314	8.2979447e-07
2315	8.4739555e-07
2316	8.6502411e-07
2317	8.8267755e-07
2318	9.0033954e-07
2319	9.1801794e-07
2320	9.3572438e-07
2321	9.5347703e-07
2322	9.7127277e-07
2323	9.8908304e-07
2324	1.0069078e-06
2325	7.4813382e-07
2326	7.5603168e-07
2327	7.6457362e-07
2328	7.7601897e-07
2329	7.9291242e-07
2330	8.1009913e-07
2331	8.273144e-07
2332	8.4455932e-07
2333	8.6182685e-07
2334	8.791253e-07
2335	8.9648226e-07
2336	9.1388542e-07
2337	9.3132703e-07
2338	9.4879526e-07
2339	9.6627826e-07
2340	9.8376977e-07
2341	1.0013042e-06
2342	7.4632175e-07
2343	7.5410702e-07
2344	7.6256624e-07
2345	7.738387e-07
2346	7.9046366e-07
2347	8.0735095e-07
2348	8.2427029e-07
2349	8.4121721e-07
2350	8.5820545e-07
2351	8.7522754e-07
2352	8.923041e-07
2353	9.0942442e-07
2354	9.2659042e-07
2355	9.4376794e-07
2356	9.6096841e-07
2357	9.7817396e-07
2358	9.9543479e-07
2359	1.0127373e-06
2360	7.5029226e-07
2361	7.5768607e-07
2362	7.6584485e-07
2363	7.7557029e-07
2364	7.9140266e-07
2365	8.0799062e-07
2366	8.2466178e-07
2367	8.4137561e-07
2368	8.5813296e-07
2369	8.7490234e-07
2370	8.9169374e-07
2371	9.0850968e-07
2372	9.2534415e-07
2373	9.4221547e-07
2374	9.5911717e-07
2375	9.760294e-07
2376	9.9297046e-07
2377	1.0099597e-06
2378	7.5062544e-07
2379	7.579282e-07
2380	7.6601469e-07
2381	7.7582784e-07
2382	7.9156184e-07
2383	8.0791469e-07
2384	8.2428483e-07
2385	8.4067467e-07
2386	8.5708823e-07
2387	8.7354461e-07
2388	8.9006796e-07
2389	9.0662377e-07
2390	9.2318411e-07
2391	9.3976134e-07
2392	9.5635516e-07
2393	9.7295747e-07
2394	9.8958701e-07
2395	1.0062488e-06
2396	7.5036084e-07
2397	7.575604e-07
2398	7.6557153e-07
2399	7.7504002e-07
2400	7.9040343e-07
2401	8.0640957e-07
2402	8.2248469e-07
2403	8.3859652e-07
2404	8.5473076e-07
2405	8.708926e-07
2406	8.8708015e-07
2407	9.0326915e-07
2408	9.194782e-07
2409	9.3574243e-07
2410	9.5205609e-07
2411	9.6837946e-07
2412	9.8471028e-07
2413	1.0010606e-06
2414	7.4946565e-07
2415	7.5656591e-07
2416	7.6446629e-07
2417	7.7380682e-07
2418	7.8890004e-07
2419	8.0463266e-07
2420	8.2040642e-07
2421	8.3620544e-07
2422	8.5201696e-07
2423	8.6785401e-07
2424	8.8375899e-07
2425	8.9968958e-07
2426	9.1563424e-07
2427	9.3158183e-07
2428	9.4754583e-07
2429	9.6352431e-07
2430	9.7954798e-07
2431	9.956206e-07
2432	1.0117301e-06
2433	7.535141e-07
2434	7.602866e-07
2435	7.6795166e-07
2436	7.7639979e-07
2437	7.9028522e-07
2438	8.0570476e-07
2439	8.212115e-07
2440	8.3674696e-07
2441	8.5230761e-07
2442	8.6788617e-07
2443	8.8348456e-07
2444	8.9910355e-07
2445	9.1475694e-07
2446	9.3047895e-07
2447	9.4622254e-07
2448	9.6197142e-07
2449	9.7772483e-07
2450	9.9349393e-07
2451	1.0093116e-06
2452	7.5465129e-07
2453	7.6128324e-07
2454	7.6886079e-07
2455	7.7724582e-07
2456	7.9104085e-07
2457	8.0616931e-07
2458	8.2137214e-07
2459	8.3661886e-07
2460	8.519066e-07
2461	8.6721299e-07
2462	8.8253426e-07
2463	8.9785887e-07
2464	9.1319846e-07
2465	9.2855804e-07
2466	9.4395711e-07
2467	9.5940054e-07
2468	9.7485788e-07
2469	9.9033518e-07
2470	1.0058276e-06
2471	7.5448939e-07
2472	7.6104673e-07
2473	7.6850968e-07
2474	7.7675856e-07
2475	7.9025525e-07
2476	8.0511672e-07
2477	8.2003752e-07
2478	8.3497195e-07
2479	8.4993838e-07
2480	8.6498042e-07
2481	8.8006389e-07
2482	8.9517028e-07
2483	9.1027969e-07
2484	9.2540154e-07
2485	9.4053475e-07
2486	9.5568576e-07
2487	9.7086823e-07
2488	9.860887e-07
2489	1.0013239e-06
2490	7.5382144e-07
2491	7.6030165e-07
2492	7.6767332e-07
2493	7.7581111e-07
2494	7.8905285e-07
2495	8.0364885e-07
2496	8.1832607e-07
2497	8.3301982e-07
2498	8.4772787e-07
2499	8.624475e-07
2500	8.7719305e-07
2501	8.9198125e-07
2502	9.0682775e-07
2503	9.2168712e-07
2504	9.3657072e-07
2505	9.5148255e-07
2506	9.6641236e-07
2507	9.813592e-07
2508	9.9634493e-07
2509	1.0113618e-06
2510	7.5809086e-07
2511	7.642145e-07
2512	7.713911e-07
2513	7.7904426e-07
2514	7.9085566e-07
2515	8.0514582e-07
2516	8.1956634e-07
2517	8.3400714e-07
2518	8.4846411e-07
2519	8.6293299e-07
2520	8.7741209e-07
2521	8.9191339e-07
2522	9.0645682e-07
2523	9.210485e-07
2524	9.3565725e-07
2525	9.5028548e-07
2526	9.6493409e-07
2527	9.7959957e-07
2528	9.9427856e-07
2529	1.0090036e-06
2530	7.5886475e-07
2531	7.6484802e-07
2532	7.7191549e-07
2533	7.7947872e-07
2534	7.9125181e-07
2535	8.0528094e-07
2536	8.1943115e-07
2537	8.3360468e-07
2538	8.4781112e-07
2539	8.6202902e-07
2540	8.7626312e-07
2541	8.9052418e-07
2542	9.0479893e-07
2543	9.1911727e-07
2544	9.3346635e-07
2545	9.4782814e-07
2546	9.6221715e-07
2547	9.7663142e-07
2548	9.9106069e-07
2549	1.0055148e-06
2550	7.5915659e-07
2551	7.6501489e-07
2552	7.7198124e-07
2553	7.7940849e-07
2554	7.908311e-07
2555	8.0456431e-07
2556	8.1842727e-07
2557	8.3232227e-07
2558	8.4625046e-07
2559	8.6018646e-07
2560	8.7413381e-07
2561	8.8809627e-07
2562	9.0207096e-07
2563	9.160614e-07
2564	9.3011251e-07
2565	9.4419471e-07
2566	9.5830046e-07
2567	9.7243804e-07
2568	9.8660127e-07
2569	1.0007919e-06
2570	7.5867873e-07
2571	7.6443275e-07
2572	7.7130702e-07
2573	7.7863492e-07
2574	7.8982343e-07
2575	8.032716e-07
2576	8.1684715e-07
2577	8.3046468e-07
2578	8.4411166e-07
2579	8.5779804e-07
2580	8.7150662e-07
2581	8.8523022e-07
2582	8.9897909e-07
2583	9.1274028e-07
2584	9.2651656e-07
2585	9.4034967e-07
2586	9.5419662e-07
2587	9.6806655e-07
2588	9.8195891e-07
2589	9.9587595e-07
2590	1.0098433e-06
2591	7.6263593e-07
2592	7.6808698e-07
2593	7.7478469e-07
2594	7.8187571e-07
2595	7.9166286e-07
2596	8.0481114e-07
2597	8.1815571e-07
2598	8.315359e-07
2599	8.449448e-07
2600	8.5837361e-07
2601	8.7182679e-07
2602	8.8529331e-07
2603	8.9877332e-07
2604	9.122717e-07
2605	9.2579338e-07
2606	9.3936255e-07
2607	9.5293767e-07
2608	9.6654232e-07
2609	9.8017878e-07
2610	9.9383839e-07
2611	1.0075639e-06
2612	7.6346404e-07
2613	7.6880658e-07
2614	7.7540442e-07
2615	7.8241583e-07
2616	7.9222507e-07
2617	8.0516923e-07
2618	8.1828312e-07
2619	8.3142495e-07
2620	8.4459259e-07
2621	8.5777652e-07
2622	8.7096568e-07
2623	8.8417384e-07
2624	8.9739718e-07
2625	9.1063505e-07
2626	9.2391609e-07
2627	9.3721099e-07
2628	9.5051899e-07
2629	9.6385814e-07
2630	9.7721939e-07
2631	9.9061347e-07
2632	1.0040833e-06
2633	7.635159e-07
2634	7.688016e-07
2635	7.7532411e-07
2636	7.8224028e-07
2637	7.9178507e-07
2638	8.0447114e-07
2639	8.1733236e-07
2640	8.3022562e-07
2641	8.4314002e-07
2642	8.560596e-07
2643	8.6898807e-07
2644	8.8193442e-07
2645	8.9490163e-07
2646	9.0788916e-07
2647	9.2092544e-07
2648	9.339647e-07
2649	9.4702418e-07
2650	9.601116e-07
2651	9.7322155e-07
2652	9.8635844e-07
2653	9.9956584e-07
2654	1.0128105e-06
2655	7.6739826e-07
2656	7.7238036e-07
2657	7.7872533e-07
2658	7.8541115e-07
2659	7.9373061e-07
2660	8.0602288e-07
2661	8.1863491e-07
2662	8.3126191e-07
2663	8.4389062e-07
2664	8.5653515e-07
2665	8.6919609e-07
2666	8.8188063e-07
2667	8.9463377e-07
2668	9.0741273e-07
2669	9.2019504e-07
2670	9.329967e-07
2671	9.4582564e-07
2672	9.5866732e-07
2673	9.7153517e-07
2674	9.8445422e-07
2675	9.9744656e-07
2676	1.0104875e-06
2677	7.6836764e-07
2678	7.7326845e-07
2679	7.7951192e-07
2680	7.8610871e-07
2681	7.9441389e-07
2682	8.0649673e-07
2683	8.1884829e-07
2684	8.3120613e-07
2685	8.435844e-07
2686	8.5602809e-07
2687	8.6850146e-07
2688	8.8099331e-07
2689	8.9348196e-07
2690	9.0597909e-07
2691	9.18499e-07
2692	9.3103875e-07
2693	9.4359539e-07
2694	9.5618111e-07
2695	9.6880428e-07
2696	9.814676e-07
2697	9.942329e-07
2698	1.0070354e-06
2699	7.6840072e-07
2700	7.7319295e-07
2701	7.7932925e-07
2702	7.8580929e-07
2703	7.9389195e-07
2704	8.0571058e-07
2705	8.1782905e-07
2706	8.2998439e-07
2707	8.4216064e-07
2708	8.5435296e-07
2709	8.6655641e-07
2710	8.7875372e-07
2711	8.9096777e-07
2712	9.0320752e-07
2713	9.1546333e-07
2714	9.2775405e-07
2715	9.4007354e-07
2716	9.5241653e-07
2717	9.6478626e-07
2718	9.7720138e-07
2719	9.897048e-07
2720	1.0022487e-06
2721	7.6766271e-07
2722	7.7240461e-07
2723	7.7848122e-07
2724	7.8489231e-07
2725	7.9285653e-07
2726	8.0443415e-07
2727	8.1631092e-07
2728	8.2819863e-07
2729	8.4010593e-07
2730	8.5202645e-07
2731	8.6396316e-07
2732	8.7592141e-07
2733	8.8789361e-07
2734	8.9989676e-07
2735	9.119221e-07
2736	9.2396261e-07
2737	9.3602886e-07
2738	9.4811166e-07
2739	9.6022403e-07
2740	9.7239802e-07
2741	9.846346e-07
2742	9.9692281e-07
2743	1.0092523e-06
2744	7.7103912e-07
2745	7.7547839e-07
2746	7.8136145e-07
2747	7.875613e-07
2748	7.9464843e-07
2749	8.0566744e-07
2750	8.172719e-07
2751	8.2888503e-07
2752	8.4052845e-07
2753	8.522372e-07
2754	8.6398332e-07
2755	8.7574304e-07
2756	8.874978e-07
2757	8.9925966e-07
2758	9.1103486e-07
2759	9.2282688e-07
2760	9.3464155e-07
2761	9.4649958e-07
2762	9.5839359e-07
2763	9.7034176e-07
2764	9.8237768e-07
2765	9.9443495e-07
2766	1.0065091e-06
2767	7.7129764e-07
2768	7.7566487e-07
2769	7.81482e-07
2770	7.8761147e-07
2771	7.946441e-07
2772	8.0551478e-07
2773	8.1693292e-07
2774	8.2838576e-07
2775	8.3985304e-07
2776	8.5132112e-07
2777	8.6279158e-07
2778	8.7427426e-07
2779	8.8577371e-07
2780	8.9729621e-07
2781	9.0886058e-07
2782	9.204359e-07
2783	9.3204171e-07
2784	9.4367509e-07
2785	9.5535879e-07
2786	9.6711028e-07
2787	9.789054e-07
2788	9.9074494e-07
2789	1.0026084e-06
2790	7.7089607e-07
2791	7.7520128e-07
2792	7.8092334e-07
2793	7.8694802e-07
2794	7.9381397e-07
2795	8.0441991e-07
2796	8.1556711e-07
2797	8.267414e-07
2798	8.3793064e-07
2799	8.4914957e-07
2800	8.6043167e-07
2801	8.7173509e-07
2802	8.8303243e-07
2803	8.9434015e-07
2804	9.0565941e-07
2805	9.1699311e-07
2806	9.2835247e-07
2807	9.3975079e-07
2808	9.5118687e-07
2809	9.6270643e-07
2810	9.7428013e-07
2811	9.8589405e-07
2812	9.9752609e-07
2813	1.0091696e-06
2814	7.7369784e-07
2815	7.7769527e-07
2816	7.8328666e-07
2817	7.8916261e-07
2818	7.9554331e-07
2819	8.0531774e-07
2820	8.1624707e-07
2821	8.2724828e-07
2822	8.3824931e-07
2823	8.4926071e-07
2824	8.6029062e-07
2825	8.7134226e-07
2826	8.8242572e-07
2827	8.9355253e-07
2828	9.0469476e-07
2829	9.1585232e-07
2830	9.2702696e-07
2831	9.3823903e-07
2832	9.4948977e-07
2833	9.6080505e-07
2834	9.7215683e-07
2835	9.8354096e-07
2836	9.9496201e-07
2837	1.0064144e-06
2838	7.7415771e-07
2839	7.7807898e-07
2840	7.8357363e-07
2841	7.8934217e-07
2842	7.9563033e-07
2843	8.0523783e-07
2844	8.159203e-07
2845	8.2670445e-07
2846	8.37511e-07
2847	8.4832351e-07
2848	8.5913692e-07
2849	8.6996207e-07
2850	8.8079935e-07
2851	8.9165055e-07
2852	9.0251758e-07
2853	9.1341408e-07
2854	9.2435974e-07
2855	9.3534621e-07
2856	9.4637486e-07
2857	9.5749137e-07
2858	9.6863281e-07
2859	9.797856e-07
2860	9.9097384e-07
2861	1.0021846e-06
2862	7.7336835e-07
2863	7.7724199e-07
2864	7.8265561e-07
2865	7.883423e-07
2866	7.9452766e-07
2867	8.0391991e-07
2868	8.1440297e-07
2869	8.2493175e-07
2870	8.3546237e-07
2871	8.4600017e-07
2872	8.5656005e-07
2873	8.671756e-07
2874	8.7781192e-07
2875	8.8844644e-07
2876	8.9909993e-07
2877	9.0976928e-07
2878	9.2046326e-07
2879	9.3120987e-07
2880	9.4203694e-07
2881	9.5292689e-07
2882	9.6385816e-07
2883	9.7482028e-07
2884	9.8578903e-07
2885	9.967669e-07
2886	1.0077619e-06
2887	7.7604075e-07
2888	7.7963427e-07
2889	7.8490295e-07
2890	7.9043726e-07
2891	7.963473e-07
2892	8.047556e-07
2893	8.1496807e-07
2894	8.2527946e-07
2895	8.35588e-07
2896	8.4591267e-07
2897	8.5626392e-07
2898	8.6662417e-07
2899	8.7702411e-07
2900	8.874481e-07
2901	8.9788916e-07
2902	9.083583e-07
2903	9.1886299e-07
2904	9.2943732e-07
2905	9.4006172e-07
2906	9.5072388e-07
2907	9.614393e-07
2908	9.7218434e-07
2909	9.8295154e-07
2910	9.937287e-07
2911	1.0045165e-06
2912	7.7595467e-07
2913	7.7945256e-07
2914	7.8462328e-07
2915	7.9004618e-07
2916	7.9585189e-07
2917	8.0416114e-07
2918	8.1415979e-07
2919	8.2426311e-07
2920	8.3435824e-07
2921	8.4446531e-07
2922	8.5459279e-07
2923	8.6473471e-07
2924	8.7490648e-07
2925	8.851161e-07
2926	8.953516e-07
2927	9.0561421e-07
2928	9.1592035e-07
2929	9.2628269e-07
2930	9.3670088e-07
2931	9.4715992e-07
2932	9.5764237e-07
2933	9.6814549e-07
2934	9.7865839e-07
2935	9.8919508e-07
2936	9.9974368e-07
2937	1.0103049e-06
2938	7.7861382e-07
2939	7.8184938e-07
2940	7.8686531e-07
2941	7.9210882e-07
2942	7.9771661e-07
2943	8.050272e-07
2944	8.1474921e-07
2945	8.2462891e-07
2946	8.3450807e-07
2947	8.4440157e-07
2948	8.5431424e-07
2949	8.6425901e-07
2950	8.742558e-07
2951	8.842804e-07
2952	8.943264e-07
2953	9.0440499e-07
2954	9.1451484e-07
2955	9.2470995e-07
2956	9.349487e-07
2957	9.4519046e-07
2958	9.5545072e-07
2959	9.6572518e-07
2960	9.7600939e-07
2961	9.8628255e-07
2962	9.96584e-07
2963	1.0069126e-06
2964	7.7797808e-07
2965	7.8110932e-07
2966	7.8602029e-07
2967	7.9117682e-07
2968	7.9668057e-07
2969	8.0393262e-07
2970	8.1342665e-07
2971	8.2307019e-07
2972	8.3272824e-07
2973	8.423985e-07
2974	8.5209146e-07
2975	8.6180535e-07
2976	8.7157045e-07
2977	8.8137521e-07
2978	8.9120169e-07
2979	9.0105879e-07
2980	9.1096488e-07
2981	9.2095536e-07
2982	9.3096333e-07
2983	9.4099776e-07
2984	9.5104742e-07
2985	9.6110178e-07
2986	9.7115906e-07
2987	9.8121908e-07
2988	9.9131871e-07
2989	1.001436e-06
2990	7.7623138e-07
2991	7.7928416e-07
2992	7.8412094e-07
2993	7.8921394e-07
2994	7.9463559e-07
2995	8.0170574e-07
2996	8.1097847e-07
2997	8.2041612e-07
2998	8.2986061e-07
2999	8.3932698e-07
3000	8.4881731e-07
3001	8.5834128e-07
3002	8.6791666e-07
3003	8.7751827e-07
3004	8.8713343e-07
3005	8.9677035e-07
3006	9.0644692e-07
3007	9.1620198e-07
3008	9.2598287e-07
3009	9.3578787e-07
3010	9.4561109e-07
3011	9.5543227e-07
3012	9.6525391e-07
3013	9.7509143e-07
3014	9.8496575e-07
3015	9.9484569e-07
3016	1.0047289e-06
3017	7.7755272e-07
3018	7.8037165e-07
3019	7.8509821e-07
3020	7.9002771e-07
3021	7.9525643e-07
3022	8.0147571e-07
3023	8.1034943e-07
3024	8.1952862e-07
3025	8.2873802e-07
3026	8.379871e-07
3027	8.4729593e-07
3028	8.5662699e-07
3029	8.6597861e-07
3030	8.7535009e-07
3031	8.8476417e-07
3032	8.9422447e-07
3033	9.03694e-07
3034	9.1320734e-07
3035	9.2276936e-07
3036	9.3234342e-07
3037	9.4193299e-07
3038	9.5155089e-07
3039	9.6117896e-07
3040	9.7081824e-07
3041	9.8046926e-07
3042	9.9012898e-07
3043	9.9978013e-07
3044	1.0094223e-06
3045	7.7949976e-07
3046	7.8205083e-07
3047	7.8662027e-07
3048	7.9137282e-07
3049	7.9639119e-07
3050	8.0197103e-07
3051	8.1045301e-07
3052	8.1949025e-07
3053	8.2856253e-07
3054	8.3764008e-07
3055	8.4673242e-07
3056	8.5585113e-07
3057	8.6498682e-07
3058	8.7417421e-07
3059	8.8339553e-07
3060	8.9262863e-07
3061	9.0189882e-07
3062	9.1123285e-07
3063	9.2058107e-07
3064	9.2993634e-07
3065	9.393249e-07
3066	9.4873117e-07
3067	9.581413e-07
3068	9.6755531e-07
3069	9.7697102e-07
3070	9.8638365e-07
3071	9.9584154e-07
3072	1.0053304e-06
3073	7.785867e-07
3074	7.8105039e-07
3075	7.85558e-07
3076	7.9026618e-07
3077	7.9524433e-07
3078	8.0078401e-07
3079	8.0907047e-07
3080	8.1787116e-07
3081	8.2669585e-07
3082	8.3554475e-07
3083	8.4447351e-07
3084	8.5340971e-07
3085	8.6234718e-07
3086	8.7129568e-07
3087	8.8025777e-07
3088	8.8924915e-07
3089	8.9829888e-07
3090	9.0736313e-07
3091	9.1647077e-07
3092	9.2562514e-07
3093	9.3478426e-07
3094	9.4394066e-07
3095	9.5310124e-07
3096	9.6231915e-07
3097	9.7154803e-07
3098	9.8078984e-07
3099	9.9003712e-07
3100	9.9927407e-07
3101	1.0085023e-06
3102	7.7963347e-07
3103	7.8190243e-07
3104	7.8626527e-07
3105	7.9078929e-07
3106	7.9565145e-07
3107	8.009161e-07
3108	8.084767e-07
3109	8.1707165e-07
3110	8.2572343e-07
3111	8.3438154e-07
3112	8.4305888e-07
3113	8.5178013e-07
3114	8.6054558e-07
3115	8.6933187e-07
3116	8.781323e-07
3117	8.8694677e-07
3118	8.95791e-07
3119	9.0468835e-07
3120	9.1362088e-07
3121	9.225889e-07
3122	9.3157934e-07
3123	9.4058226e-07
3124	9.4959748e-07
3125	9.5861243e-07
3126	9.6761496e-07
3127	9.7666117e-07
3128	9.8573361e-07
3129	9.9480834e-07
3130	1.0038714e-06
3131	7.7827907e-07
3132	7.8049598e-07
3133	7.8479166e-07
3134	7.892525e-07
3135	7.9395262e-07
3136	7.9901291e-07
3137	8.0640853e-07
3138	8.1477758e-07
3139	8.232469e-07
3140	8.3173929e-07
3141	8.402334e-07
3142	8.4872209e-07
3143	8.5722587e-07
3144	8.6576651e-07
3145	8.7436514e-07
3146	8.8298217e-07
3147	8.916101e-07
3148	9.0027097e-07
3149	9.0898477e-07
3150	9.1772537e-07
3151	9.2649291e-07
3152	9.3528793e-07
3153	9.4410336e-07
3154	9.5292431e-07
3155	9.6173461e-07
3156	9.7053136e-07
3157	9.7932886e-07
3158	9.8814923e-07
3159	9.9699498e-07
3160	1.0058667e-06
3161	7.7822222e-07
3162	7.802125e-07
3163	7.8437967e-07
3164	7.8870616e-07
3165	7.9326122e-07
3166	7.9811805e-07
3167	8.047245e-07
3168	8.1282333e-07
3169	8.2107063e-07
3170	8.2937137e-07
3171	8.3767559e-07
3172	8.4597157e-07
3173	8.5427608e-07
3174	8.6262171e-07
3175	8.7101053e-07
3176	8.7944036e-07
3177	8.8787335e-07
3178	8.963247e-07
3179	9.0483564e-07
3180	9.1338016e-07
3181	9.2192942e-07
3182	9.3047647e-07
3183	9.3906596e-07
3184	9.4766384e-07
3185	9.5627468e-07
3186	9.6487702e-07
3187	9.7346328e-07
3188	9.8205517e-07
3189	9.9066036e-07
3190	9.9932717e-07
3191	1.0080016e-06
3192	7.7902062e-07
3193	7.8081422e-07
3194	7.848636e-07
3195	7.8907366e-07
3196	7.9349004e-07
3197	7.9818261e-07
3198	8.0414609e-07
3199	8.120434e-07
3200	8.20134e-07
3201	8.2823752e-07
3202	8.3633144e-07
3203	8.4441431e-07
3204	8.525086e-07
3205	8.6063584e-07
3206	8.6882753e-07
3207	8.7704215e-07
3208	8.8525953e-07
3209	8.9348428e-07
3210	9.0176946e-07
3211	9.1009217e-07
3212	9.1841411e-07
3213	9.2676776e-07
3214	9.3516092e-07
3215	9.4357042e-07
3216	9.5196652e-07
3217	9.6035037e-07
3218	9.6872477e-07
3219	9.771213e-07
3220	9.8556342e-07
3221	9.9402348e-07
3222	1.0024704e-06
3223	7.7688491e-07
3224	7.786553e-07
3225	7.8263065e-07
3226	7.8675763e-07
3227	7.9108495e-07
3228	7.9568147e-07
3229	8.0146745e-07
3230	8.0917497e-07
3231	8.1704735e-07
3232	8.2493911e-07
3233	8.3281438e-07
3234	8.4069322e-07
3235	8.486017e-07
3236	8.5653834e-07
3237	8.6451541e-07
3238	8.7250175e-07
3239	8.8049706e-07
3240	8.8853637e-07
3241	8.9663655e-07
3242	9.0474859e-07
3243	9.1287723e-07
3244	9.2104291e-07
3245	9.2922158e-07
3246	9.3740795e-07
3247	9.4558886e-07
3248	9.5374819e-07
3249	9.6192254e-07
3250	9.7013258e-07
3251	9.7837453e-07
3252	9.8661047e-07
3253	9.9481451e-07
3254	1.0030111e-06
3255	7.7663043e-07
3256	7.7823191e-07
3257	7.8206824e-07
3258	7.8602877e-07
3259	7.9019575e-07
3260	7.9466979e-07
3261	7.9986196e-07
3262	8.0723961e-07
3263	8.1485931e-07
3264	8.224952e-07
3265	8.3013588e-07
3266	8.3781004e-07
3267	8.4556618e-07
3268	8.5331093e-07
3269	8.6106542e-07
3270	8.6882395e-07
3271	8.7661033e-07
3272	8.8446856e-07
3273	8.9232722e-07
3274	9.0019291e-07
3275	9.0813138e-07
3276	9.1609351e-07
3277	9.2404464e-07
3278	9.3199003e-07
3279	9.3993179e-07
3280	9.4790526e-07
3281	9.5591821e-07
3282	9.6392052e-07
3283	9.7190111e-07
3284	9.798698e-07
3285	9.8783515e-07
3286	9.9580022e-07
3287	1.0038582e-06
3288	7.7636925e-07
3289	7.7774276e-07
3290	7.8146686e-07
3291	7.8533811e-07
3292	7.8940248e-07
3293	7.9370652e-07
3294	7.9839593e-07
3295	8.0526427e-07
3296	8.1270638e-07
3297	8.2019373e-07
3298	8.2768197e-07
3299	8.3515657e-07
3300	8.4262392e-07
3301	8.5009785e-07
3302	8.5762539e-07
3303	8.6519749e-07
3304	8.7278124e-07
3305	8.8037085e-07
3306	8.8798653e-07
3307	8.9567021e-07
3308	9.0336777e-07
3309	9.110563e-07
3310	9.1880643e-07
3311	9.2658002e-07
3312	9.3435646e-07
3313	9.4212716e-07
3314	9.4987811e-07
3315	9.5762902e-07
3316	9.6544028e-07
3317	9.7326211e-07
3318	9.810739e-07
3319	9.8886577e-07
3320	9.9664211e-07
3321	1.0044104e-06
3322	7.7634874e-07
3323	7.7755136e-07
3324	7.8111633e-07
3325	7.8482425e-07
3326	7.8876182e-07
3327	7.9294239e-07
3328	7.973909e-07
3329	8.0362925e-07
3330	8.1077133e-07
3331	8.1799575e-07
3332	8.2529242e-07
3333	8.3259968e-07
3334	8.3990104e-07
3335	8.471991e-07
3336	8.5450581e-07
3337	8.6185355e-07
3338	8.6925373e-07
3339	8.7666177e-07
3340	8.8407485e-07
3341	8.9152143e-07
3342	8.9904241e-07
3343	9.0656419e-07
3344	9.1408555e-07
3345	9.2161141e-07
3346	9.2916496e-07
3347	9.3673428e-07
3348	9.4430547e-07
3349	9.518638e-07
3350	9.5940384e-07
3351	9.6694899e-07
3352	9.7454077e-07
3353	9.8215675e-07
3354	9.8976859e-07
3355	9.9736809e-07
3356	1.0049628e-06
3357	7.7645923e-07
3358	7.7750279e-07
3359	7.8095925e-07
3360	7.8454497e-07
3361	7.8837362e-07
3362	7.9242167e-07
3363	7.9675834e-07
3364	8.0229916e-07
3365	8.0923307e-07
3366	8.1624592e-07
3367	8.2328438e-07
3368	8.30384e-07
3369	8.3749909e-07
3370	8.4458912e-07
3371	8.5167856e-07
3372	8.5878273e-07
3373	8.6592884e-07
3374	8.7313421e-07
3375	8.803323e-07
3376	8.8755727e-07
3377	8.9486421e-07
3378	9.0218903e-07
3379	9.0950833e-07
3380	9.1682417e-07
3381	9.2418064e-07
3382	9.3155288e-07
3383	9.3892186e-07
3384	9.4627396e-07
3385	9.5360869e-07
3386	9.6093759e-07
3387	9.682665e-07
3388	9.7565595e-07
3389	9.8306901e-07
3390	9.9045108e-07
3391	9.9782176e-07
3392	1.0051922e-06
3393	7.7642694e-07
3394	7.7729733e-07
3395	7.8062085e-07
3396	7.8411948e-07
3397	7.8780569e-07
3398	7.9171627e-07
3399	7.9585356e-07
3400	8.0077288e-07
3401	8.0744021e-07
3402	8.1426587e-07
3403	8.2115299e-07
3404	8.280485e-07
3405	8.3493651e-07
3406	8.4182009e-07
3407	8.4870702e-07
3408	8.5560047e-07
3409	8.6257079e-07
3410	8.695687e-07
3411	8.7655016e-07
3412	8.8355297e-07
3413	8.9063851e-07
3414	8.9773611e-07
3415	9.048272e-07
3416	9.119461e-07
3417	9.1908728e-07
3418	9.2623964e-07
3419	9.33387e-07
3420	9.4051938e-07
3421	9.4763971e-07
3422	9.5476338e-07
3423	9.6193847e-07
3424	9.6912472e-07
3425	9.7629514e-07
3426	9.8344858e-07
3427	9.9059714e-07
3428	9.9774143e-07
3429	1.004931e-06
3430	7.7639225e-07
3431	7.7711201e-07
3432	7.8036264e-07
3433	7.8376594e-07
3434	7.8734057e-07
3435	7.9110897e-07
3436	7.9508757e-07
3437	7.9952874e-07
3438	8.0585872e-07
3439	8.1251388e-07
3440	8.1917512e-07
3441	8.2581892e-07
3442	8.3245997e-07
3443	8.3909927e-07
3444	8.4578295e-07
3445	8.5250627e-07
3446	8.5923642e-07
3447	8.6598265e-07
3448	8.7273531e-07
3449	8.7955652e-07
3450	8.8642233e-07
3451	8.9328876e-07
3452	9.002066e-07
3453	9.0714509e-07
3454	9.1408259e-07
3455	9.2101305e-07
3456	9.2791958e-07
3457	9.3484947e-07
3458	9.4182125e-07
3459	9.4878924e-07
3460	9.5574258e-07
3461	9.6267142e-07
3462	9.6958926e-07
3463	9.765028e-07
3464	9.8343132e-07
3465	9.9040882e-07
3466	9.973904e-07
3467	1.0043808e-06
3468	7.7666725e-07
3469	7.7727824e-07
3470	7.8039662e-07
3471	7.8367853e-07
3472	7.8713237e-07
3473	7.907856e-07
3474	7.9467169e-07
3475	7.9882818e-07
3476	8.0454507e-07
3477	8.1092864e-07
3478	8.1734797e-07
3479	8.2383235e-07
3480	8.303238e-07
3481	8.3680272e-07
3482	8.4327509e-07
3483	8.4974475e-07
3484	8.5622115e-07
3485	8.6275498e-07
3486	8.6932255e-07
3487	8.7589808e-07
3488	8.8252986e-07
3489	8.892181e-07
3490	8.9590937e-07
3491	9.0262106e-07
3492	9.0932972e-07
3493	9.1604693e-07
3494	9.2277809e-07
3495	9.2950512e-07
3496	9.3621192e-07
3497	9.4290769e-07
3498	9.4958955e-07
3499	9.5632586e-07
3500	9.6307632e-07
3501	9.6981571e-07
3502	9.7654046e-07
3503	9.8325213e-07
3504	9.8996405e-07
3505	9.967078e-07
3506	1.0035015e-06
3507	7.766991e-07
3508	7.7719773e-07
3509	7.801863e-07
3510	7.8335104e-07
3511	7.8669822e-07
3512	7.9021087e-07
3513	7.9395151e-07
3514	7.9793139e-07
3515	8.0308328e-07
3516	8.0926707e-07
3517	8.1548165e-07
3518	8.2170267e-07
3519	8.279245e-07
3520	8.3419401e-07
3521	8.4047283e-07
3522	8.4674552e-07
3523	8.5302815e-07
3524	8.5931599e-07
3525	8.6561362e-07
3526	8.7198787e-07
3527	8.784114e-07
3528	8.8488983e-07
3529	8.9138527e-07
3530	8.9788489e-07
3531	9.0441189e-07
3532	9.1092188e-07
3533	9.1743973e-07
3534	9.2396137e-07
3535	9.304948e-07
3536	9.3701567e-07
3537	9.4350615e-07
3538	9.4998809e-07
3539	9.5645641e-07
3540	9.6296947e-07
3541	9.694962e-07
3542	9.7601098e-07
3543	9.825291e-07
3544	9.8905262e-07
3545	9.9557064e-07
3546	1.0021494e-06
3547	7.7642341e-07
3548	7.7682605e-07
3549	7.7968373e-07
3550	7.8273901e-07
3551	7.8597269e-07
3552	7.8937337e-07
3553	7.9297871e-07
3554	7.9679975e-07
3555	8.0144446e-07
3556	8.0736569e-07
3557	8.133894e-07
3558	8.1942063e-07
3559	8.2544517e-07
3560	8.3147281e-07
3561	8.3754407e-07
3562	8.4361546e-07
3563	8.4968963e-07
3564	8.5576904e-07
3565	8.6186131e-07
3566	8.6798604e-07
3567	8.7423508e-07
3568	8.8051586e-07
3569	8.8680999e-07
3570	8.9311294e-07
3571	8.994425e-07
3572	9.0577018e-07
3573	9.1208863e-07
3574	9.1841348e-07
3575	9.2474637e-07
3576	9.3107853e-07
3577	9.3738607e-07
3578	9.4368235e-07
3579	9.4996229e-07
3580	9.56225e-07
3581	9.6252978e-07
3582	9.6883579e-07
3583	9.7513769e-07
3584	9.814369e-07
3585	9.8774288e-07
3586	9.9406401e-07
3587	1.0004936e-06
3588	7.7601964e-07
3589	7.7632628e-07
3590	7.7906912e-07
3591	7.8203195e-07
3592	7.851441e-07
3593	7.8842521e-07
3594	7.9189387e-07
3595	7.9556553e-07
3596	7.9980045e-07
3597	8.0533128e-07
3598	8.1114586e-07
3599	8.1696451e-07
3600	8.2276822e-07
3601	8.286046e-07
3602	8.3446074e-07
3603	8.4031071e-07
3604	8.4616769e-07
3605	8.5202702e-07
3606	8.5789389e-07
3607	8.6380606e-07
3608	8.6986422e-07
3609	8.7594165e-07
3610	8.8204237e-07
3611	8.8816408e-07
3612	8.9428897e-07
3613	9.0040599e-07
3614	9.0652288e-07
3615	9.1264318e-07
3616	9.1877794e-07
3617	9.2490227e-07
3618	9.3098963e-07
3619	9.3706655e-07
3620	9.4311926e-07
3621	9.4918017e-07
3622	9.5527075e-07
3623	9.6134983e-07
3624	9.6742858e-07
3625	9.7350315e-07
3626	9.795832e-07
3627	9.8568304e-07
3628	9.9192229e-07
3629	9.9820748e-07
3630	1.004509e-06
3631	7.7708415e-07
3632	7.7726041e-07
3633	7.7982303e-07
3634	7.8263966e-07
3635	7.856053e-07
3636	7.8874927e-07
3637	7.9206705e-07
3638	7.9554505e-07
3639	7.9923941e-07
3640	8.0397689e-07
3641	8.0949224e-07
3642	8.1514224e-07
3643	8.2077949e-07
3644	8.2640967e-07
3645	8.3203298e-07
3646	8.3765975e-07
3647	8.4329077e-07
3648	8.489554e-07
3649	8.5466343e-07
3650	8.6046132e-07
3651	8.6633163e-07
3652	8.722298e-07
3653	8.7814267e-07
3654	8.8404362e-07
3655	8.8995371e-07
3656	8.958703e-07
3657	9.0178515e-07
3658	9.0767461e-07
3659	9.1354664e-07
3660	9.1939802e-07
3661	9.252564e-07
3662	9.3115466e-07
3663	9.370325e-07
3664	9.4289602e-07
3665	9.487468e-07
3666	9.5459224e-07
3667	9.6042905e-07
3668	9.6628708e-07
3669	9.7218903e-07
3670	9.7815938e-07
3671	9.8422258e-07
3672	9.9031773e-07
3673	9.9642936e-07
3674	1.0025292e-06
3675	7.7660197e-07
3676	7.7671587e-07
3677	7.7908625e-07
3678	7.8179835e-07
3679	7.8466057e-07
3680	7.8768885e-07
3681	7.9088359e-07
3682	7.9425692e-07
3683	7.9781642e-07
3684	8.0214208e-07
3685	8.0729927e-07
3686	8.1267436e-07
3687	8.1803945e-07
3688	8.2341858e-07
3689	8.28836e-07
3690	8.3426918e-07
3691	8.3972326e-07
3692	8.4521122e-07
3693	8.507473e-07
3694	8.5637779e-07
3695	8.6203277e-07
3696	8.6770758e-07
3697	8.7340486e-07
3698	8.7911348e-07
3699	8.8481807e-07
3700	8.9053182e-07
3701	8.9623914e-07
3702	9.0195132e-07
3703	9.0764678e-07
3704	9.133112e-07
3705	9.189551e-07
3706	9.2457955e-07
3707	9.3019064e-07
3708	9.3579997e-07
3709	9.4143733e-07
3710	9.4709012e-07
3711	9.5275989e-07
3712	9.584546e-07
3713	9.6418015e-07
3714	9.6999637e-07
3715	9.758482e-07
3716	9.8172325e-07
3717	9.8761295e-07
3718	9.9351806e-07
3719	9.9941239e-07
3720	1.0053127e-06
3721	7.7749453e-07
3722	7.7752831e-07
3723	7.7961624e-07
3724	7.8214728e-07
3725	7.8481338e-07
3726	7.8766351e-07
3727	7.9069304e-07
3728	7.9390212e-07
3729	7.9725471e-07
3730	8.0094288e-07
3731	8.0556788e-07
3732	8.1056141e-07
3733	8.1572101e-07
3734	8.2089317e-07
3735	8.2611008e-07
3736	8.3136445e-07
3737	8.3665726e-07
3738	8.4203902e-07
3739	8.4749237e-07
3740	8.529545e-07
3741	8.5843257e-07
3742	8.6391207e-07
3743	8.6939485e-07
3744	8.7485208e-07
3745	8.803019e-07
3746	8.8576367e-07
3747	8.9124613e-07
3748	8.9673353e-07
3749	9.021889e-07
3750	9.0760975e-07
3751	9.1301509e-07
3752	9.1840661e-07
3753	9.2378994e-07
3754	9.2917378e-07
3755	9.3458849e-07
3756	9.4003319e-07
3757	9.4550761e-07
3758	9.5104866e-07
3759	9.5669279e-07
3760	9.623413e-07
3761	9.6800683e-07
3762	9.7367474e-07
3763	9.7934657e-07
3764	9.8500038e-07
3765	9.9063455e-07
3766	9.9627036e-07
3767	1.001934e-06
3768	7.763466e-07
3769	7.7634413e-07
3770	7.782134e-07
3771	7.8063047e-07
3772	7.831881e-07
3773	7.8592464e-07
3774	7.8882365e-07
3775	7.9187172e-07
3776	7.9503882e-07
3777	7.9846525e-07
3778	8.027095e-07
3779	8.0740989e-07
3780	8.1239696e-07
3781	8.1741648e-07
3782	8.2247502e-07
3783	8.275704e-07
3784	8.32775e-07
3785	8.3801023e-07
3786	8.4326702e-07
3787	8.4853667e-07
3788	8.5380532e-07
3789	8.5906487e-07
3790	8.6429926e-07
3791	8.6953087e-07
3792	8.7477261e-07
3793	8.8002458e-07
3794	8.8527689e-07
3795	8.9050783e-07
3796	8.9570106e-07
3797	9.0087778e-07
3798	9.0605344e-07
3799	9.1125402e-07
3800	9.1648224e-07
3801	9.2171228e-07
3802	9.2696489e-07
3803	9.3224259e-07
3804	9.3762067e-07
3805	9.430452e-07
3806	9.4848452e-07
3807	9.5394223e-07
3808	9.5940033e-07
3809	9.6485282e-07
3810	9.7027749e-07
3811	9.7569112e-07
3812	9.8111243e-07
3813	9.8653907e-07
3814	9.9197413e-07
3815	9.9738909e-07
3816	1.0027627e-06
3817	7.7622663e-07
3818	7.7613868e-07
3819	7.777647e-07
3820	7.8004627e-07
3821	7.824372e-07
3822	7.8498072e-07
3823	7.8770054e-07
3824	7.906443e-07
3825	7.9372365e-07
3826	7.9699252e-07
3827	8.0072892e-07
3828	8.0514248e-07
3829	8.0975715e-07
3830	8.1464716e-07
3831	8.1956625e-07
3832	8.2450751e-07
3833	8.2947869e-07
3834	8.3448027e-07
3835	8.3949261e-07
3836	8.444842e-07
3837	8.4950795e-07
3838	8.5454089e-07
3839	8.5958331e-07
3840	8.6461276e-07
3841	8.696056e-07
3842	8.7459564e-07
3843	8.7959367e-07
3844	8.8464835e-07
3845	8.8970745e-07
3846	8.9473995e-07
3847	8.9977283e-07
3848	9.0480504e-07
3849	9.0985253e-07
3850	9.1496412e-07
3851	9.2007232e-07
3852	9.2519141e-07
3853	9.3033862e-07
3854	9.3550612e-07
3855	9.4070169e-07
3856	9.4588214e-07
3857	9.5107122e-07
3858	9.5628053e-07
3859	9.6149471e-07
3860	9.6670237e-07
3861	9.7187584e-07
3862	9.7703365e-07
3863	9.8218722e-07
3864	9.8738071e-07
3865	9.9259962e-07
3866	9.9779012e-07
3867	1.0029678e-06
3868	7.7563394e-07
3869	7.7551461e-07
3870	7.7692935e-07
3871	7.7912219e-07
3872	7.8145176e-07
3873	7.8392392e-07
3874	7.8658772e-07
3875	7.894477e-07
3876	7.9244858e-07
3877	7.9555435e-07
3878	7.989045e-07
3879	8.0289697e-07
3880	8.07238e-07
3881	8.1170228e-07
3882	8.1637629e-07
3883	8.2107164e-07
3884	8.2576443e-07
3885	8.3053011e-07
3886	8.3530133e-07
3887	8.4005733e-07
3888	8.4485688e-07
3889	8.4970542e-07
3890	8.5455846e-07
3891	8.593965e-07
3892	8.6422574e-07
3893	8.6906382e-07
3894	8.7391531e-07
3895	8.7879288e-07
3896	8.8367535e-07
3897	8.8853211e-07
3898	8.9336465e-07
3899	8.9818972e-07
3900	9.0304938e-07
3901	9.0792914e-07
3902	9.1280068e-07
3903	9.1766937e-07
3904	9.2252201e-07
3905	9.2741881e-07
3906	9.3235468e-07
3907	9.3727083e-07
3908	9.4220511e-07
3909	9.4721033e-07
3910	9.5222659e-07
3911	9.5723089e-07
3912	9.6221726e-07
3913	9.6721632e-07
3914	9.7221785e-07
3915	9.7725102e-07
3916	9.8229053e-07
3917	9.8730957e-07
3918	9.9229156e-07
3919	9.9726126e-07
3920	1.002251e-06
3921	7.7509094e-07
3922	7.7491428e-07
3923	7.7607671e-07
3924	7.7817955e-07
3925	7.8041875e-07
3926	7.8279348e-07
3927	7.8529129e-07
3928	7.8792848e-07
3929	7.9071639e-07
3930	7.9367483e-07
3931	7.9685989e-07
3932	8.0033595e-07
3933	8.0437363e-07
3934	8.085179e-07
3935	8.1276204e-07
3936	8.1723504e-07
3937	8.2180881e-07
3938	8.263699e-07
3939	8.3093062e-07
3940	8.355617e-07
3941	8.4022136e-07
3942	8.4486121e-07
3943	8.494896e-07
3944	8.5415899e-07
3945	8.5882481e-07
3946	8.6348747e-07
3947	8.6811238e-07
3948	8.7270866e-07
3949	8.7729676e-07
3950	8.8192169e-07
3951	8.8657848e-07
3952	8.9122643e-07
3953	8.9586542e-07
3954	9.0050022e-07
3955	9.0513775e-07
3956	9.0979659e-07
3957	9.1453479e-07
3958	9.1926694e-07
3959	9.2398528e-07
3960	9.2875175e-07
3961	9.335709e-07
3962	9.3837875e-07
3963	9.4316702e-07
3964	9.4798192e-07
3965	9.528102e-07
3966	9.576398e-07
3967	9.6244679e-07
3968	9.672177e-07
3969	9.7197871e-07
3970	9.7675243e-07
3971	9.8157567e-07
3972	9.8637847e-07
3973	9.9116981e-07
3974	9.9594844e-07
3975	1.0007249e-06
3976	7.7361024e-07
3977	7.7342044e-07
3978	7.7439238e-07
3979	7.7638661e-07
3980	7.785342e-07
3981	7.8083845e-07
3982	7.8329011e-07
3983	7.8587006e-07
3984	7.8859196e-07
3985	7.9140019e-07
3986	7.9441832e-07
3987	7.9764445e-07
3988	8.0126555e-07
3989	8.0518462e-07
3990	8.0916829e-07
3991	8.1321175e-07
3992	8.174899e-07
3993	8.2182192e-07
3994	8.2616574e-07
3995	8.3053565e-07
3996	8.3497419e-07
3997	8.3941914e-07
3998	8.4385665e-07
3999	8.4830089e-07
4000	8.5277399e-07
4001	8.5726001e-07
4002	8.6175199e-07
4003	8.6622162e-07
4004	8.7066918e-07
4005	8.7509858e-07
4006	8.7956053e-07
4007	8.8404305e-07
4008	8.8850136e-07
4009	8.9294042e-07
4010	8.9737187e-07
4011	9.0178812e-07
4012	9.0626613e-07
4013	9.1077162e-07
4014	9.1527036e-07
4015	9.1977568e-07
4016	9.2435622e-07
4017	9.2895669e-07
4018	9.3355591e-07
4019	9.3815291e-07
4020	9.4277417e-07
4021	9.4740755e-07
4022	9.5205067e-07
4023	9.5667903e-07
4024	9.6129032e-07
4025	9.6588724e-07
4026	9.7049429e-07
4027	9.7513146e-07
4028	9.797574e-07
4029	9.8434345e-07
4030	9.8892399e-07
4031	9.9348762e-07
4032	9.9807413e-07
4033	1.00271e-06
4034	7.7331758e-07
4035	7.7309543e-07
4036	7.7383803e-07
4037	7.7570669e-07
4038	7.7772173e-07
4039	7.7988939e-07
4040	7.8219624e-07
4041	7.8465163e-07
4042	7.8727381e-07
4043	7.9003783e-07
4044	7.9286945e-07
4045	7.9586761e-07
4046	7.9901962e-07
4047	8.0251775e-07
4048	8.0629561e-07
4049	8.1012872e-07
4050	8.1400126e-07
4051	8.1791368e-07
4052	8.2196953e-07
4053	8.2616128e-07
4054	8.3038304e-07
4055	8.346505e-07
4056	8.3892658e-07
4057	8.4320446e-07
4058	8.4747553e-07
4059	8.5174801e-07
4060	8.5600843e-07
4061	8.6028576e-07
4062	8.6456346e-07
4063	8.6884964e-07
4064	8.7310207e-07
4065	8.7734243e-07
4066	8.8156304e-07
4067	8.8576409e-07
4068	8.9002551e-07
4069	8.9428047e-07
4070	8.9852709e-07
4071	9.0278004e-07
4072	9.0702856e-07
4073	9.1134169e-07
4074	9.1570748e-07
4075	9.2010664e-07
4076	9.2452751e-07
4077	9.2895325e-07
4078	9.3338282e-07
4079	9.3781187e-07
4080	9.4223175e-07
4081	9.4666117e-07
4082	9.5110001e-07
4083	9.5555162e-07
4084	9.5998291e-07
4085	9.6438098e-07
4086	9.6876672e-07
4087	9.7313013e-07
4088	9.7752209e-07
4089	9.8193279e-07
4090	9.863265e-07
4091	9.9071956e-07
4092	9.9510419e-07
4093	9.9951324e-07
4094	1.0039851e-06
4095	7.7329137e-07
4096	7.7308385e-07
4097	7.7363889e-07
4098	7.7543367e-07
4099	7.7740678e-07
4100	7.7950166e-07
4101	7.817381e-07
4102	7.8410493e-07
4103	7.8661731e-07
4104	7.8926422e-07
4105	7.9197204e-07
4106	7.9476792e-07
4107	7.9776296e-07
4108	8.0085895e-07
4109	8.0420636e-07
4110	8.0775928e-07
4111	8.1137158e-07
4112	8.1501716e-07
4113	8.1869872e-07
4114	8.2248144e-07
4115	8.264523e-07
4116	8.3053194e-07
4117	8.3462399e-07
4118	8.3871367e-07
4119	8.4281067e-07
4120	8.468907e-07
4121	8.5095957e-07
4122	8.5502977e-07
4123	8.5910281e-07
4124	8.6318005e-07
4125	8.6722808e-07
4126	8.7125684e-07
4127	8.7526263e-07
4128	8.7925611e-07
4129	8.8328478e-07
4130	8.8732168e-07
4131	8.9135147e-07
4132	8.9538777e-07
4133	8.9943257e-07
4134	9.0350029e-07
4135	9.0768229e-07
4136	9.1188956e-07
4137	9.1610966e-07
4138	9.2033625e-07
4139	9.2457393e-07
4140	9.2880538e-07
4141	9.330152e-07
4142	9.372302e-07
4143	9.414486e-07
4144	9.4567492e-07
4145	9.4987328e-07
4146	9.5403904e-07
4147	9.5818401e-07
4148	9.6231163e-07
4149	9.6644624e-07
4150	9.7060475e-07
4151	9.747409e-07
4152	9.7887917e-07
4153	9.830182e-07
4154	9.8716786e-07
4155	9.914086e-07
4156	9.9570143e-07
4157	1.0000018e-06
4158	7.7169239e-07
4159	7.7151567e-07
4160	7.7196132e-07
4161	7.736292e-07
4162	7.7548844e-07
4163	7.7748134e-07
4164	7.7960997e-07
4165	7.8186694e-07
4166	7.8421027e-07
4167	7.8667786e-07
4168	7.8922903e-07
4169	7.9188171e-07
4170	7.946812e-07
4171	7.9763739e-07
4172	8.006878e-07
4173	8.038916e-07
4174	8.0724161e-07
4175	8.106478e-07
4176	8.1411879e-07
4177	8.1769019e-07
4178	8.2135304e-07
4179	8.2509849e-07
4180	8.2894947e-07
4181	8.3286199e-07
4182	8.3676019e-07
4183	8.406569e-07
4184	8.4455056e-07
4185	8.4843637e-07
4186	8.5228018e-07
4187	8.5610405e-07
4188	8.5989403e-07
4189	8.6367857e-07
4190	8.675093e-07
4191	8.7131108e-07
4192	8.7510361e-07
4193	8.7889774e-07
4194	8.8268606e-07
4195	8.8648128e-07
4196	8.9030429e-07
4197	8.9419979e-07
4198	8.9817881e-07
4199	9.0219005e-07
4200	9.0621958e-07
4201	9.1025348e-07
4202	9.1427069e-07
4203	9.1829032e-07
4204	9.2231208e-07
4205	9.2633693e-07
4206	9.303311e-07
4207	9.3429881e-07
4208	9.382377e-07
4209	9.4215333e-07
4210	9.4611524e-07
4211	9.5007231e-07
4212	9.540049e-07
4213	9.5793196e-07
4214	9.6185021e-07
4215	9.6576259e-07
4216	9.6969006e-07
4217	9.7366323e-07
4218	9.7772874e-07
4219	9.8183299e-07
4220	9.8595574e-07
4221	9.9008647e-07
4222	9.94201e-07
4223	9.9830642e-07
4224	1.0024054e-06
4225	7.7168242e-07
4226	7.714769e-07
4227	7.7172723e-07
4228	7.7318132e-07
4229	7.749222e-07
4230	7.7678678e-07
4231	7.7875757e-07
4232	7.808181e-07
4233	7.8297151e-07
4234	7.8520959e-07
4235	7.8756929e-07
4236	7.9008484e-07
4237	7.9269346e-07
4238	7.9550042e-07
4239	7.983767e-07
4240	8.0133087e-07
4241	8.0436577e-07
4242	8.0762297e-07
4243	8.1098376e-07
4244	8.1439919e-07
4245	8.1785234e-07
4246	8.2134211e-07
4247	8.2482271e-07
4248	8.2831071e-07
4249	8.3182976e-07
4250	8.353955e-07
4251	8.3899548e-07
4252	8.4261692e-07
4253	8.4621748e-07
4254	8.4979114e-07
4255	8.5334396e-07
4256	8.5691358e-07
4257	8.6050737e-07
4258	8.6409239e-07
4259	8.6767218e-07
4260	8.7126167e-07
4261	8.7487819e-07
4262	8.7857217e-07
4263	8.8232465e-07
4264	8.8611083e-07
4265	8.8991615e-07
4266	8.9374716e-07
4267	8.975814e-07
4268	9.0140312e-07
4269	9.0521873e-07
4270	9.0903845e-07
4271	9.1284419e-07
4272	9.1661447e-07
4273	9.2034872e-07
4274	9.2406098e-07
4275	9.2775574e-07
4276	9.3145227e-07
4277	9.3519365e-07
4278	9.3892445e-07
4279	9.4264293e-07
4280	9.4635881e-07
4281	9.5009087e-07
4282	9.5387267e-07
4283	9.5772688e-07
4284	9.6161098e-07
4285	9.6550912e-07
4286	9.6942723e-07
4287	9.7335915e-07
4288	9.7727515e-07
4289	9.8117838e-07
4290	9.850838e-07
4291	9.8897544e-07
4292	9.9284214e-07
4293	9.9666206e-07
4294	1.0004559e-06
4295	7.704403e-07
4296	7.7019903e-07
4297	7.7033774e-07
4298	7.7152653e-07
4299	7.7309524e-07
4300	7.748108e-07
4301	7.7666623e-07
4302	7.7866803e-07
4303	7.8077044e-07
4304	7.8293281e-07
4305	7.8520628e-07
4306	7.8760843e-07
4307	7.9014679e-07
4308	7.9280511e-07
4309	7.9566119e-07
4310	7.9858446e-07
4311	8.0162536e-07
4312	8.0468326e-07
4313	8.0776021e-07
4314	8.1093491e-07
4315	8.1416442e-07
4316	8.1739882e-07
4317	8.2061906e-07
4318	8.2381521e-07
4319	8.2699097e-07
4320	8.3017087e-07
4321	8.3338028e-07
4322	8.3664208e-07
4323	8.3995305e-07
4324	8.4326087e-07
4325	8.4660762e-07
4326	8.4998931e-07
4327	8.534179e-07
4328	8.5687526e-07
4329	8.6033975e-07
4330	8.6380751e-07
4331	8.6734234e-07
4332	8.7090222e-07
4333	8.7443873e-07
4334	8.77986e-07
4335	8.8158772e-07
4336	8.8519009e-07
4337	8.8877451e-07
4338	8.9232663e-07
4339	8.9585118e-07
4340	8.9937371e-07
4341	9.0291641e-07
4342	9.0647992e-07
4343	9.1005292e-07
4344	9.1359453e-07
4345	9.1711843e-07
4346	9.2063782e-07
4347	9.2419753e-07
4348	9.277997e-07
4349	9.3141467e-07
4350	9.3502278e-07
4351	9.3867339e-07
4352	9.423694e-07
4353	9.4603664e-07
4354	9.4968327e-07
4355	9.5338495e-07
4356	9.5708982e-07
4357	9.6078472e-07
4358	9.6444861e-07
4359	9.6807691e-07
4360	9.7168956e-07
4361	9.7531475e-07
4362	9.7895614e-07
4363	9.8261409e-07
4364	9.8624253e-07
4365	9.8984077e-07
4366	9.9342995e-07
4367	9.9704338e-07
4368	1.0007035e-06
4369	7.6939788e-07
4370	7.6915967e-07
4371	7.6932516e-07
4372	7.7037553e-07
4373	7.7192287e-07
4374	7.7362097e-07
4375	7.7543674e-07
4376	7.7741987e-07
4377	7.7951769e-07
4378	7.8167894e-07
4379	7.8389222e-07
4380	7.8617026e-07
4381	7.8853176e-07
4382	7.9094403e-07
4383	7.9357318e-07
4384	7.9633821e-07
4385	7.9912357e-07
4386	8.0192974e-07
4387	8.0475801e-07
4388	8.0767511e-07
4389	8.1064779e-07
4390	8.1368378e-07
4391	8.1676191e-07
4392	8.1986247e-07
4393	8.2295315e-07
4394	8.2601851e-07
4395	8.2908193e-07
4396	8.321794e-07
4397	8.3529316e-07
4398	8.3838822e-07
4399	8.4145886e-07
4400	8.4453417e-07
4401	8.476161e-07
4402	8.5070577e-07
4403	8.5385071e-07
4404	8.571035e-07
4405	8.6035427e-07
4406	8.635884e-07
4407	8.668247e-07
4408	8.7012133e-07
4409	8.7347308e-07
4410	8.7685945e-07
4411	8.8029263e-07
4412	8.8374919e-07
4413	8.8720258e-07
4414	8.9064106e-07
4415	8.9407135e-07
4416	8.9752586e-07
4417	9.0101217e-07
4418	9.0448774e-07
4419	9.0792706e-07
4420	9.113371e-07
4421	9.1472147e-07
4422	9.1809387e-07
4423	9.2146451e-07
4424	9.2488112e-07
4425	9.2829712e-07
4426	9.3168988e-07
4427	9.3507828e-07
4428	9.3849023e-07
4429	9.4197754e-07
4430	9.454696e-07
4431	9.4901153e-07
4432	9.5257963e-07
4433	9.5615017e-07
4434	9.5970726e-07
4435	9.632432e-07
4436	9.6678131e-07
4437	9.7036482e-07
4438	9.7393986e-07
4439	9.7748494e-07
4440	9.8099746e-07
4441	9.8448357e-07
4442	9.8795159e-07
4443	9.9140085e-07
4444	9.948904e-07
4445	9.9839882e-07
4446	1.0018745e-06
4447	7.7025243e-07
4448	7.7001837e-07
4449	7.7014694e-07
4450	7.7099688e-07
4451	7.7239698e-07
4452	7.7401731e-07
4453	7.7577198e-07
4454	7.7762928e-07
4455	7.7956866e-07
4456	7.8158198e-07
4457	7.8367343e-07
4458	7.8590917e-07
4459	7.8822168e-07
4460	7.9060435e-07
4461	7.9303927e-07
4462	7.9567029e-07
4463	7.9835289e-07
4464	8.0109867e-07
4465	8.0390129e-07
4466	8.0669808e-07
4467	8.0951867e-07
4468	8.1242506e-07
4469	8.1533198e-07
4470	8.1823329e-07
4471	8.2111873e-07
4472	8.2403729e-07
4473	8.2694651e-07
4474	8.2984138e-07
4475	8.3270916e-07
4476	8.3555133e-07
4477	8.3838805e-07
4478	8.4127352e-07
4479	8.4418069e-07
4480	8.4709035e-07
4481	8.4997513e-07
4482	8.5288667e-07
4483	8.5581117e-07
4484	8.587685e-07
4485	8.6180301e-07
4486	8.6489803e-07
4487	8.6803621e-07
4488	8.7125529e-07
4489	8.7449853e-07
4490	8.7774678e-07
4491	8.809955e-07
4492	8.8427445e-07
4493	8.875652e-07
4494	8.9085221e-07
4495	8.9412522e-07
4496	8.973702e-07
4497	9.0061219e-07
4498	9.0388743e-07
4499	9.0721215e-07
4500	9.105248e-07
4501	9.1381644e-07
4502	9.1709156e-07
4503	9.2036002e-07
4504	9.2363013e-07
4505	9.2694869e-07
4506	9.3026996e-07
4507	9.3356613e-07
4508	9.3691567e-07
4509	9.4029929e-07
4510	9.4368097e-07
4511	9.4705765e-07
4512	9.5043774e-07
4513	9.5383495e-07
4514	9.5722338e-07
4515	9.6060282e-07
4516	9.6394572e-07
4517	9.6727221e-07
4518	9.70608e-07
4519	9.7401509e-07
4520	9.7740896e-07
4521	9.8078886e-07
4522	9.8414826e-07
4523	9.8749122e-07
4524	9.9082759e-07
4525	9.9420054e-07
4526	9.9759169e-07
4527	1.0009566e-06
4528	7.7092483e-07
4529	7.7075629e-07
4530	7.7095027e-07
4531	7.7175503e-07
4532	7.731205e-07
4533	7.7466966e-07
4534	7.7636004e-07
4535	7.7816052e-07
4536	7.8001756e-07
4537	7.8193755e-07
4538	7.8392273e-07
4539	7.8599494e-07
4540	7.8817673e-07
4541	7.9041604e-07
4542	7.9271415e-07
4543	7.9512904e-07
4544	7.9769151e-07
4545	8.0031144e-07
4546	8.0300011e-07
4547	8.0573776e-07
4548	8.085532e-07
4549	8.1139234e-07
4550	8.1427114e-07
4551	8.1711107e-07
4552	8.1993283e-07
4553	8.2274511e-07
4554	8.2554239e-07
4555	8.2831841e-07
4556	8.310563e-07
4557	8.3374784e-07
4558	8.3641734e-07
4559	8.3908005e-07
4560	8.4178568e-07
4561	8.4448407e-07
4562	8.4718232e-07
4563	8.4986544e-07
4564	8.5254463e-07
4565	8.552369e-07
4566	8.5800225e-07
4567	8.6082535e-07
4568	8.6372228e-07
4569	8.6668271e-07
4570	8.6972418e-07
4571	8.7284893e-07
4572	8.7597449e-07
4573	8.7910399e-07
4574	8.8224104e-07
4575	8.853726e-07
4576	8.8848697e-07
4577	8.9155882e-07
4578	8.9462074e-07
4579	8.9767128e-07
4580	9.0078411e-07
4581	9.0390934e-07
4582	9.0701934e-07
4583	9.101217e-07
4584	9.1321908e-07
4585	9.1632126e-07
4586	9.1943496e-07
4587	9.2260253e-07
4588	9.258103e-07
4589	9.290671e-07
4590	9.3234139e-07
4591	9.3562608e-07
4592	9.3888236e-07
4593	9.4214314e-07
4594	9.4539952e-07
4595	9.4865086e-07
4596	9.5188385e-07
4597	9.5506861e-07
4598	9.5822432e-07
4599	9.6136324e-07
4600	9.6453666e-07
4601	9.6774252e-07
4602	9.7093166e-07
4603	9.7411513e-07
4604	9.7728983e-07
4605	9.8046312e-07
4606	9.8364349e-07
4607	9.8686493e-07
4608	9.901177e-07
4609	9.9343608e-07
4610	9.9676732e-07
4611	1.0001171e-06
4612	7.7119471e-07
4613	7.7105246e-07
4614	7.7124659e-07
4615	7.7198986e-07
4616	7.7327575e-07
4617	7.7474184e-07
4618	7.7632161e-07
4619	7.7802381e-07
4620	7.7985754e-07
4621	7.8176941e-07
4622	7.837362e-07
4623	7.8573838e-07
4624	7.877716e-07
4625	7.8984902e-07
4626	7.9197672e-07
4627	7.9416638e-07
4628	7.9644612e-07
4629	7.9891958e-07
4630	8.0147186e-07
4631	8.0415836e-07
4632	8.0689729e-07
4633	8.0962919e-07
4634	8.1235942e-07
4635	8.1510198e-07
4636	8.1783612e-07
4637	8.2052e-07
4638	8.2316165e-07
4639	8.257972e-07
4640	8.2846494e-07
4641	8.3110599e-07
4642	8.3371091e-07
4643	8.3626831e-07
4644	8.3878963e-07
4645	8.4129071e-07
4646	8.4378006e-07
4647	8.4626764e-07
4648	8.4877081e-07
4649	8.5130682e-07
4650	8.5386708e-07
4651	8.5650804e-07
4652	8.5925551e-07
4653	8.620324e-07
4654	8.6482492e-07
4655	8.6764304e-07
4656	8.7048529e-07
4657	8.7334632e-07
4658	8.7626281e-07
4659	8.7920444e-07
4660	8.8219081e-07
4661	8.8519183e-07
4662	8.8816403e-07
4663	8.9110527e-07
4664	8.9402545e-07
4665	8.969273e-07
4666	8.9982471e-07
4667	9.0273181e-07
4668	9.0564861e-07
4669	9.0860065e-07
4670	9.1157694e-07
4671	9.1460567e-07
4672	9.1775305e-07
4673	9.2088894e-07
4674	9.2402275e-07
4675	9.2716066e-07
4676	9.3029269e-07
4677	9.3340538e-07
4678	9.3648082e-07
4679	9.3954187e-07
4680	9.4262443e-07
4681	9.4572894e-07
4682	9.4880768e-07
4683	9.5185347e-07
4684	9.548698e-07
4685	9.5786631e-07
4686	9.6084989e-07
4687	9.6383191e-07
4688	9.6681952e-07
4689	9.6983802e-07
4690	9.7287865e-07
4691	9.7595647e-07
4692	9.7915381e-07
4693	9.8237062e-07
4694	9.8557673e-07
4695	9.8878849e-07
4696	9.9199403e-07
4697	9.9518053e-07
4698	9.9832978e-07
4699	1.0014579e-06
4700	7.7231172e-07
4701	7.7215888e-07
4702	7.7231626e-07
4703	7.7292687e-07
4704	7.7407573e-07
4705	7.7545282e-07
4706	7.7697091e-07
4707	7.7861687e-07
4708	7.8035636e-07
4709	7.8215715e-07
4710	7.8400682e-07
4711	7.8590968e-07
4712	7.8786072e-07
4713	7.8987652e-07
4714	7.9195687e-07
4715	7.94097e-07
4716	7.963051e-07
4717	7.9877875e-07
4718	8.0135721e-07
4719	8.0392802e-07
4720	8.065174e-07
4721	8.0911583e-07
4722	8.1169182e-07
4723	8.1424606e-07
4724	8.1676394e-07
4725	8.1928059e-07
4726	8.2180389e-07
4727	8.2432975e-07
4728	8.2683183e-07
4729	8.2929538e-07
4730	8.3171564e-07
4731	8.3411343e-07
4732	8.3649382e-07
4733	8.3887879e-07
4734	8.4127215e-07
4735	8.436871e-07
4736	8.4611928e-07
4737	8.4862302e-07
4738	8.5118468e-07
4739	8.5372599e-07
4740	8.5628187e-07
4741	8.5883717e-07
4742	8.6139178e-07
4743	8.6393504e-07
4744	8.6646692e-07
4745	8.6900926e-07
4746	8.7157385e-07
4747	8.7420184e-07
4748	8.7687231e-07
4749	8.7956148e-07
4750	8.8229515e-07
4751	8.8502931e-07
4752	8.8776163e-07
4753	8.9049951e-07
4754	8.9326397e-07
4755	8.9605575e-07
4756	8.988724e-07
4757	9.0176109e-07
4758	9.0473316e-07
4759	9.0770484e-07
4760	9.1067243e-07
4761	9.1364291e-07
4762	9.1660793e-07
4763	9.19547e-07
4764	9.2245254e-07
4765	9.2533748e-07
4766	9.2822873e-07
4767	9.3112926e-07
4768	9.3403638e-07
4769	9.3692726e-07
4770	9.397804e-07
4771	9.4261034e-07
4772	9.454354e-07
4773	9.4825477e-07
4774	9.5109884e-07
4775	9.5396381e-07
4776	9.5685135e-07
4777	9.5978578e-07
4778	9.6280963e-07
4779	9.6585605e-07
4780	9.6889198e-07
4781	9.7193363e-07
4782	9.7497267e-07
4783	9.7799381e-07
4784	9.8098016e-07
4785	9.8393201e-07
4786	9.8688635e-07
4787	9.8984036e-07
4788	9.9279868e-07
4789	9.9574987e-07
4790	9.9866082e-07
4791	1.0015374e-06
4792	7.7244103e-07
4793	7.7224955e-07
4794	7.7235751e-07
4795	7.7284881e-07
4796	7.7384001e-07
4797	7.7510495e-07
4798	7.7656395e-07
4799	7.7812763e-07
4800	7.7976287e-07
4801	7.8147918e-07
4802	7.8330074e-07
4803	7.8525888e-07
4804	7.8727716e-07
4805	7.893158e-07
4806	7.9138047e-07
4807	7.9349518e-07
4808	7.9564085e-07
4809	7.9782929e-07
4810	8.0001464e-07
4811	8.0223469e-07
4812	8.0456202e-07
4813	8.069767e-07
4814	8.093814e-07
4815	8.1173263e-07
4816	8.1404763e-07
4817	8.1637352e-07
4818	8.1873374e-07
4819	8.210714e-07
4820	8.2337001e-07
4821	8.2565991e-07
4822	8.2796027e-07
4823	8.3032323e-07
4824	8.3267446e-07
4825	8.3499979e-07
4826	8.3730441e-07
4827	8.3962085e-07
4828	8.4194053e-07
4829	8.4426406e-07
4830	8.4656677e-07
4831	8.4882233e-07
4832	8.5107321e-07
4833	8.5339101e-07
4834	8.5571012e-07
4835	8.5799614e-07
4836	8.6025805e-07
4837	8.6253074e-07
4838	8.6486078e-07
4839	8.6721667e-07
4840	8.6957468e-07
4841	8.7195439e-07
4842	8.7435984e-07
4843	8.7687245e-07
4844	8.7944555e-07
4845	8.8206189e-07
4846	8.8471577e-07
4847	8.8737129e-07
4848	8.9005197e-07
4849	8.9275181e-07
4850	8.9545734e-07
4851	8.9813101e-07
4852	9.0078525e-07
4853	9.0350952e-07
4854	9.0624576e-07
4855	9.0895478e-07
4856	9.1163597e-07
4857	9.1431116e-07
4858	9.1701896e-07
4859	9.197528e-07
4860	9.2246836e-07
4861	9.251552e-07
4862	9.2783838e-07
4863	9.3056972e-07
4864	9.3334947e-07
4865	9.3612577e-07
4866	9.3887297e-07
4867	9.4160942e-07
4868	9.4437218e-07
4869	9.4714187e-07
4870	9.4992964e-07
4871	9.5268715e-07
4872	9.5541045e-07
4873	9.5818767e-07
4874	9.6099643e-07
4875	9.6378659e-07
4876	9.6653614e-07
4877	9.6926803e-07
4878	9.720158e-07
4879	9.7480531e-07
4880	9.7757963e-07
4881	9.803132e-07
4882	9.8303623e-07
4883	9.8577402e-07
4884	9.8858862e-07
4885	9.9139202e-07
4886	9.9417028e-07
4887	9.9693172e-07
4888	9.9970726e-07
4889	1.0024869e-06
4890	7.7288484e-07
4891	7.7273148e-07
4892	7.7289661e-07
4893	7.7339192e-07
4894	7.7432781e-07
4895	7.7556434e-07
4896	7.7695641e-07
4897	7.7843728e-07
4898	7.8001455e-07
4899	7.8172615e-07
4900	7.8351083e-07
4901	7.8532671e-07
4902	7.8716581e-07
4903	7.8903421e-07
4904	7.9092832e-07
4905	7.928893e-07
4906	7.9490165e-07
4907	7.9694626e-07
4908	7.9900882e-07
4909	8.0111122e-07
4910	8.0326808e-07
4911	8.0553294e-07
4912	8.077924e-07
4913	8.1003765e-07
4914	8.1227649e-07
4915	8.1450466e-07
4916	8.1669436e-07
4917	8.188167e-07
4918	8.20899e-07
4919	8.2300259e-07
4920	8.2509815e-07
4921	8.2714425e-07
4922	8.2914307e-07
4923	8.3112082e-07
4924	8.3309681e-07
4925	8.3507992e-07
4926	8.3710458e-07
4927	8.3915853e-07
4928	8.412184e-07
4929	8.4330837e-07
4930	8.4543324e-07
4931	8.4756401e-07
4932	8.4970147e-07
4933	8.518257e-07
4934	8.5395311e-07
4935	8.5608164e-07
4936	8.5818552e-07
4937	8.6024992e-07
4938	8.6228676e-07
4939	8.6436866e-07
4940	8.6651882e-07
4941	8.6867878e-07
4942	8.7081263e-07
4943	8.72953e-07
4944	8.751002e-07
4945	8.7728292e-07
4946	8.7952565e-07
4947	8.8182884e-07
4948	8.8419116e-07
4949	8.8664862e-07
4950	8.8917719e-07
4951	8.9173375e-07
4952	8.9430036e-07
4953	8.9686644e-07
4954	8.994377e-07
4955	9.020086e-07
4956	9.045735e-07
4957	9.0709688e-07
4958	9.0958511e-07
4959	9.1208412e-07
4960	9.1463388e-07
4961	9.1716867e-07
4962	9.1965175e-07
4963	9.2211512e-07
4964	9.2456101e-07
4965	9.2700927e-07
4966	9.2951057e-07
4967	9.3201696e-07
4968	9.3454803e-07
4969	9.370997e-07
4970	9.3969037e-07
4971	9.4231377e-07
4972	9.4495002e-07
4973	9.475796e-07
4974	9.5020796e-07
4975	9.5283412e-07
4976	9.554509e-07
4977	9.5803477e-07
4978	9.6056686e-07
4979	9.6311191e-07
4980	9.656794e-07
4981	9.6825041e-07
4982	9.7077412e-07
4983	9.7326493e-07
4984	9.7574217e-07
4985	9.7820608e-07
4986	9.8070259e-07
4987	9.8323101e-07
4988	9.8577576e-07
4989	9.8832487e-07
4990	9.9090682e-07
4991	9.9351997e-07
4992	9.9616055e-07
4993	9.9877017e-07
4994	1.0013946e-06
4995	7.7207831e-07
4996	7.7194038e-07
4997	7.72123e-07
4998	7.7258287e-07
4999	7.7339038e-07
5000	7.7449765e-07
