1	1
2	0.042169413
3	0.069090993
4	0.062771805
5	0.046352973
6	0.093565559
7	0.077778814
8	0.044953516
9	0.20201292
10	0.056003054
11	0.043951923
12	0.088922961
13	0.21741534
14	0.11937986
15	0.045951837
16	0.028247297
17	0.025385285
18	0.023648209
19	0.022528895
20	0.02156812
21	0.021754981
22	0.016247547
23	0.014470954
24	0.012910411
25	0.012556069
26	0.012501812
27	0.012667592
28	0.011886253
29	0.010654302
30	0.00984519
31	0.0090799518
32	0.0091129467
33	0.0093854134
34	0.0084450718
35	0.0077361667
36	0.007168877
37	0.0069160998
38	0.0067639712
39	0.0061779192
40	0.0058476179
41	0.0056075919
42	0.0053828862
43	0.0051304732
44	0.0047884571
45	0.0046819161
46	0.0045472961
47	0.0044087867
48	0.0042842157
49	0.0040976109
50	0.0040782771
51	0.0039800119
52	0.0038713854
53	0.0037548062
54	0.0037185366
55	0.0036711286
56	0.0035741155
57	0.0035003011
58	0.0034750023
59	0.0034142515
60	0.0033512249
61	0.0033349637
62	0.0033097453
63	0.0032780662
64	0.003230748
65	0.0032348139
66	0.0031993512
67	0.0031579664
68	0.0031697776
69	0.0031518313
70	0.0031170968
71	0.0031040999
72	0.0030984843
73	0.0030783622
74	0.0030446405
75	0.0030340338
76	0.0029989522
77	0.0029468906
78	0.0029197273
79	0.0029067528
80	0.0028949665
81	0.0028689
82	0.002858198
83	0.0028304582
84	0.0027629396
85	0.0027261845
86	0.0027256533
87	0.0027088075
88	0.0026865344
89	0.0026520247
90	0.0026143269
91	0.00260741
92	0.0025948091
93	0.0025772018
94	0.0025513209
95	0.0025522955
96	0.0025359309
97	0.0025212923
98	0.0025057353
99	0.0024775987
100	0.0024405827
101	0.0024337681
102	0.0024283413
103	0.0024182316
104	0.0023937365
105	0.0023881069
106	0.0023758004
107	0.0023641498
108	0.0023441908
109	0.0023207302
110	0.002305098
111	0.002280102
112	0.0022385821
113	0.0022231151
114	0.0022102015
115	0.0021865613
116	0.0021507307
117	0.0021414943
118	0.0021302291
119	0.0021217061
120	0.002084534
121	0.0020845581
122	0.0020821455
123	0.0020398916
124	0.0020159531
125	0.0020123233
126	0.0020010859
127	0.0019527301
128	0.0019504507
129	0.0019515677
130	0.0019172534
131	0.0018736818
132	0.0018705753
133	0.0018687047
134	0.0018212906
135	0.0018047009
136	0.0018042401
137	0.0017941003
138	0.0017615385
139	0.0017649583
140	0.0017643288
141	0.0017312234
142	0.0017006652
143	0.0016991161
144	0.0016868474
145	0.0016619278
146	0.0016957285
147	0.001690929
148	0.0016577786
149	0.0016418495
150	0.0016526791
151	0.0016470771
152	0.0016143843
153	0.0015942337
154	0.0015967701
155	0.0015939548
156	0.0015726933
157	0.0015710358
158	0.0015840554
159	0.0015754604
160	0.0015648118
161	0.0015799798
162	0.0015795831
163	0.0015509243
164	0.0015574114
165	0.0015778133
166	0.0015642818
167	0.0015528691
168	0.0015590908
169	0.0015797426
170	0.0015789575
171	0.0015566297
172	0.001553113
173	0.0015788116
174	0.0015650066
175	0.001558651
176	0.0015623943
177	0.0015621262
178	0.0015780961
179	0.0015667613
180	0.0015744143
181	0.0015666528
182	0.0015530083
183	0.0015543535
184	0.0015561601
185	0.0015532552
186	0.0015453165
187	0.0015709667
188	0.00157991
189	0.0015771412
190	0.0015500392
191	0.0015343865
192	0.0015407375
193	0.0015582026
194	0.0015687802
195	0.0015601594
196	0.0015642896
197	0.0015547709
198	0.0015397115
199	0.0015358831
200	0.0015400914
201	0.0015613997
202	0.0015453405
203	0.0015289085
204	0.0015239251
205	0.0015172467
206	0.0015328426
207	0.0015356522
208	0.0015338276
209	0.0015211729
210	0.0015181319
211	0.001526863
212	0.0015253611
213	0.0015337772
214	0.0015317675
215	0.0015236518
216	0.0015322999
217	0.0015146155
218	0.0015011151
219	0.0015158033
220	0.0015307229
221	0.0015299626
222	0.0015257349
223	0.0015288707
224	0.0015407566
225	0.0015484068
226	0.0015454676
227	0.0015427951
228	0.001549388
229	0.0015596107
230	0.0015524186
231	0.0015401558
232	0.0015327468
233	0.0015241142
234	0.0015085178
235	0.0014969925
236	0.0014838509
237	0.0014795403
238	0.0014675946
239	0.0014662257
240	0.0014680021
241	0.0014711104
242	0.0014688251
243	0.00147601
244	0.0014768441
245	0.0014748658
246	0.0014833545
247	0.0014898759
248	0.0014995577
249	0.0014995989
250	0.0014862031
251	0.001477855
252	0.0014592031
253	0.0014462189
254	0.0014362824
255	0.0014437007
256	0.0014363853
257	0.0014270363
258	0.0014167822
259	0.0014139552
260	0.0014130345
261	0.0014064444
262	0.0014093172
263	0.0014120973
264	0.0014193883
265	0.0014121298
266	0.001429657
267	0.0014441295
268	0.001448702
269	0.0014478142
270	0.001442436
271	0.0014391604
272	0.0014389852
273	0.0014386573
274	0.0014297032
275	0.0014234516
276	0.0014379918
277	0.0014420467
278	0.0014242126
279	0.001401555
280	0.0013929573
281	0.0013957762
282	0.0013886725
283	0.0013929712
284	0.0014023068
285	0.0014215786
286	0.0014189925
287	0.0014159879
288	0.001421226
289	0.0014317153
290	0.0014295799
291	0.0014270933
292	0.0014262135
293	0.0014291957
294	0.0014269306
295	0.0014177881
296	0.0013990777
297	0.0013976222
298	0.0013936433
299	0.0013900932
300	0.0013919206
301	0.0013915956
302	0.0013841569
303	0.0013817205
304	0.0013791713
305	0.0013732114
306	0.0013738426
307	0.0013855086
308	0.001389325
309	0.0013931162
310	0.0013949964
311	0.0013930311
312	0.001398358
313	0.0014037794
314	0.0014083452
315	0.0014021756
316	0.0013958432
317	0.001390963
318	0.0013848383
319	0.0013817336
320	0.0013903626
321	0.0013994847
322	0.0013986854
323	0.0013958139
324	0.0013947162
325	0.0013904243
326	0.0013986784
327	0.001402121
328	0.0013915925
329	0.0013853055
330	0.0013876876
331	0.0014077217
332	0.0014030392
333	0.0013897034
334	0.0013810151
335	0.0013797021
336	0.0013964321
337	0.0014030273
338	0.0013916088
339	0.0013770793
340	0.0013695709
341	0.0013834961
342	0.0013889093
343	0.0013793315
344	0.0013667479
345	0.0013582711
346	0.0013606948
347	0.0013590111
348	0.0013568388
349	0.0013616758
350	0.0013555962
351	0.0013608864
352	0.0013562597
353	0.0013504493
354	0.0013474448
355	0.0013403089
356	0.0013396655
357	0.0013312552
358	0.0013183102
359	0.0013108972
360	0.0013040727
361	0.0013190147
362	0.0013241085
363	0.0013194233
364	0.0013101078
365	0.0013011533
366	0.001309559
367	0.0013171271
368	0.0013118
369	0.0013024647
370	0.0012925046
371	0.0012978588
372	0.0012891207
373	0.0012797418
374	0.0012702675
375	0.001265369
376	0.0012468498
377	0.0012444838
378	0.0012472495
379	0.001242073
380	0.0012339453
381	0.0012400739
382	0.0012575841
383	0.0012537778
384	0.0012382852
385	0.0012264467
386	0.0012121198
387	0.0012009859
388	0.0012010736
389	0.0012000991
390	0.0011913479
391	0.0011796743
392	0.0011701551
393	0.0011662441
394	0.0011601705
395	0.0011509834
396	0.0011441155
397	0.0011342464
398	0.0011154456
399	0.0011000746
400	0.0010940126
401	0.001092123
402	0.0010884039
403	0.0010798739
404	0.0010756137
405	0.0010636144
406	0.0010654993
407	0.0010611591
408	0.0010556666
409	0.0010469927
410	0.001037074
411	0.0010285857
412	0.0010261201
413	0.0010255685
414	0.0010223819
415	0.0010198251
416	0.0010238718
417	0.0010175527
418	0.0010011181
419	0.00098833996
420	0.00097691953
421	0.00097026335
422	0.00096219951
423	0.00095374195
424	0.00095282615
425	0.00094836476
426	0.00094271751
427	0.00094955007
428	0.00095103514
429	0.000938668
430	0.00093430489
431	0.00093500082
432	0.00092948874
433	0.00092314795
434	0.00091948515
435	0.00091744108
436	0.00091351963
437	0.00090843114
438	0.00090627094
439	0.00090567095
440	0.00091156332
441	0.00091886046
442	0.00091454907
443	0.0009143222
444	0.00091397763
445	0.00091520965
446	0.00091583096
447	0.0009185024
448	0.00090869386
449	0.0009104866
450	0.00091225723
451	0.00090105405
452	0.00089224719
453	0.00088949902
454	0.00088067659
455	0.00087568931
456	0.00087237995
457	0.00088029028
458	0.00088609746
459	0.00087620664
460	0.00087029391
461	0.00086610925
462	0.00086655958
463	0.00086330061
464	0.00087600291
465	0.00088625002
466	0.00087615882
467	0.00086809752
468	0.00086567693
469	0.00086605627
470	0.00087683171
471	0.00087620443
472	0.00086359506
473	0.00085146274
474	0.00084741961
475	0.00083925769
476	0.00084683371
477	0.00085141038
478	0.00084335351
479	0.0008314916
480	0.00082518062
481	0.00083136534
482	0.00083322612
483	0.00082474162
484	0.00081476267
485	0.00081103104
486	0.00081934258
487	0.00082085714
488	0.00081391312
489	0.00080624872
490	0.00080191073
491	0.00081075514
492	0.00081170306
493	0.00079901461
494	0.00079371709
495	0.00079360748
496	0.00080000688
497	0.00080020185
498	0.00079067613
499	0.00077890522
500	0.00077397352
501	0.00078645404
502	0.00078747533
503	0.00077460579
504	0.0007629005
505	0.00076812931
506	0.00077045381
507	0.00076271668
508	0.0007521775
509	0.00074705688
510	0.00075507838
511	0.00075643119
512	0.00074742314
513	0.0007354803
514	0.0007416209
515	0.00074418264
516	0.00073545327
517	0.0007286672
518	0.00072201178
519	0.00073150731
520	0.0007323324
521	0.00072144512
522	0.0007122441
523	0.00072126342
524	0.00072568361
525	0.00071341118
526	0.00070484433
527	0.000702244
528	0.00071351248
529	0.00071347881
530	0.000700843
531	0.0006914912
532	0.00070384605
533	0.00070804397
534	0.00069615862
535	0.0006825664
536	0.00069125444
537	0.0006934903
538	0.00068371414
539	0.00067203509
540	0.0006665107
541	0.00067915454
542	0.00068275745
543	0.00067265295
544	0.00066292085
545	0.00067807329
546	0.00068012675
547	0.00066635212
548	0.0006544765
549	0.00066808271
550	0.0006735153
551	0.00066180964
552	0.00064868814
553	0.0006439181
554	0.00065951527
555	0.00066176332
556	0.00064663953
557	0.00063680162
558	0.00065014362
559	0.00065200084
560	0.00063558628
561	0.00062299785
562	0.00063887878
563	0.00064172325
564	0.00063229152
565	0.00062270545
566	0.00063670419
567	0.00063893665
568	0.0006268156
569	0.00061456081
570	0.00061032768
571	0.00062874451
572	0.00063147583
573	0.00061547057
574	0.00060497121
575	0.00062265375
576	0.00062461023
577	0.00061235805
578	0.00060298314
579	0.00062295777
580	0.00062557537
581	0.00061337237
582	0.00060031
583	0.00059969286
584	0.00062187638
585	0.00062885562
586	0.00061226021
587	0.00059836569
588	0.0006160731
589	0.00061832098
590	0.00060301901
591	0.00059120382
592	0.00060936252
593	0.00061459501
594	0.00060118307
595	0.00058839287
596	0.00058588353
597	0.00060576297
598	0.00060973308
599	0.00059422482
600	0.00058519891
601	0.00060367478
602	0.00060439044
603	0.00058945207
604	0.00057720752
605	0.00057369812
606	0.0005960956
607	0.00059963928
608	0.00058478328
609	0.00057537992
610	0.00059747869
611	0.00060101383
612	0.00058351462
613	0.00057348469
614	0.00057061664
615	0.00059324269
616	0.00059536537
617	0.00057935184
618	0.00056837786
619	0.00059049567
620	0.00059230758
621	0.00057596518
622	0.00056834938
623	0.00056651851
624	0.00059033934
625	0.00058796781
626	0.00057226551
627	0.00056520125
628	0.00059636073
629	0.00059096508
630	0.0005757377
631	0.00056880113
632	0.00056812232
633	0.00059627183
634	0.0005901617
635	0.00057532417
636	0.00056619347
637	0.00059678449
638	0.00059368712
639	0.00058038742
640	0.00056918329
641	0.00056801071
642	0.00060372368
643	0.00059905606
644	0.00058578129
645	0.00057355882
646	0.00060386002
647	0.00059966447
648	0.00058444177
649	0.00057345706
650	0.0005790515
651	0.00061024119
652	0.00059986603
653	0.00058488046
654	0.00058052224
655	0.00061931488
656	0.00060616357
657	0.00059053339
658	0.00059156951
659	0.0005947871
660	0.00062537236
661	0.00060428507
662	0.00058788514
663	0.00058211877
664	0.00062028956
665	0.00059904902
666	0.00058887988
667	0.00058427507
668	0.00059220941
669	0.00062492646
670	0.00061154223
671	0.00059560594
672	0.00059515134
673	0.00063246388
674	0.00061545504
675	0.00059796609
676	0.00059616827
677	0.00060299109
678	0.00063481149
679	0.00062026645
680	0.00060181332
681	0.00059958277
682	0.00063746214
683	0.0006167048
684	0.00059650718
685	0.00059925957
686	0.00060126336
687	0.0006352591
688	0.00061303349
689	0.00059638234
690	0.00059607289
691	0.00063604569
692	0.00061367689
693	0.00059551318
694	0.00059741188
695	0.00059827799
696	0.00063459166
697	0.0006101417
698	0.00060018631
699	0.00059541495
700	0.00059986436
701	0.00063827181
702	0.00061540579
703	0.00060233071
704	0.0005981654
705	0.00064365206
706	0.00061436102
707	0.00060340091
708	0.00060121914
709	0.0006080569
710	0.00064683375
711	0.0006218307
712	0.00060752266
713	0.00060588072
714	0.00065317916
715	0.00062586943
716	0.00061815347
717	0.0006137171
718	0.00061156363
719	0.00064606227
720	0.00061965903
721	0.00060778778
722	0.00060649331
723	0.00065242366
724	0.00062250975
725	0.00061091036
726	0.00060732858
727	0.00060307786
728	0.00064149803
729	0.0006086078
730	0.00061057729
731	0.00059632366
732	0.00063862466
733	0.00060456419
734	0.00059919441
735	0.00059672757
736	0.00059067352
737	0.00064597109
738	0.0006092847
739	0.00059997275
740	0.00058970268
741	0.00063629355
742	0.00061013765
743	0.00060535031
744	0.0005979195
745	0.00059174792
746	0.00063901639
747	0.00061566214
748	0.00060652079
749	0.00059712207
750	0.00064545026
751	0.00061743733
752	0.00061543325
753	0.0006061732
754	0.00060317145
755	0.00066073268
756	0.00061790605
757	0.00060769187
758	0.00060592356
759	0.00067126742
760	0.00062729453
761	0.00062262979
762	0.00061673589
763	0.00062687311
764	0.00066819765
765	0.00062102148
766	0.00062306196
767	0.0006101898
768	0.00065474854
769	0.00060851607
770	0.00061428004
771	0.00060441574
772	0.00065248654
773	0.00061662075
774	0.00061247363
775	0.000601463
776	0.00066156265
777	0.00060952883
778	0.00061014856
779	0.00061521628
780	0.00066207005
781	0.00060959483
782	0.00062655141
783	0.00061939175
784	0.00066698103
785	0.00062197923
786	0.00062501708
787	0.00062049381
788	0.00068197675
789	0.00062532508
790	0.00064155312
791	0.00063212399
792	0.00068044976
793	0.00063802052
794	0.00063874338
795	0.00063186162
796	0.00068365822
797	0.00062070258
798	0.00063334237
799	0.00062947441
800	0.00067116859
801	0.00062860161
802	0.00062981682
803	0.00064556664
804	0.00068470265
805	0.00062892424
806	0.000637322
807	0.00063825681
808	0.0006859703
809	0.00062952817
810	0.00063304213
811	0.00068094234
812	0.00062694403
813	0.00063596203
814	0.00062894529
815	0.0006711647
816	0.00061879188
817	0.00062125025
818	0.00066577287
819	0.00061790796
820	0.00063296556
821	0.00066229494
822	0.0006245856
823	0.00062716474
824	0.00065904302
825	0.00061245135
826	0.00062573982
827	0.0006409203
828	0.00061433502
829	0.00061440117
830	0.00062337116
831	0.00064567635
832	0.00062625998
833	0.00061762413
834	0.00059772122
835	0.00058814511
836	0.00057319938
837	0.0005792621
838	0.00058105656
839	0.00058458195
840	0.00057672719
841	0.00057365239
842	0.00056226458
843	0.00056367882
844	0.00055960302
845	0.00056512136
846	0.00056040245
847	0.00056320542
848	0.0005543725
849	0.00055308912
850	0.000543598
851	0.00054082278
852	0.00052993858
853	0.00053008637
854	0.00052223417
855	0.00052118398
856	0.00051658702
857	0.00051806223
858	0.00051199955
859	0.0005155798
860	0.00051203722
861	0.00050968918
862	0.00050084016
863	0.00050294376
864	0.00049859806
865	0.00049766948
866	0.00048997387
867	0.00048980938
868	0.00048464297
869	0.00048572502
870	0.00048077107
871	0.00048185016
872	0.0004774404
873	0.00047982844
874	0.0004783279
875	0.00048611654
876	0.00048496067
877	0.00048394235
878	0.0004817878
879	0.00048377097
880	0.00048194573
881	0.00048825013
882	0.00048438769
883	0.00048136696
884	0.00047177354
885	0.00046843203
886	0.00046150407
887	0.00045802988
888	0.00045487345
889	0.00045942638
890	0.00046092335
891	0.00046251652
892	0.00045588071
893	0.00045418148
894	0.00044940222
895	0.00044731604
896	0.00044003036
897	0.00043311448
898	0.00042540637
899	0.00042293659
900	0.00041760437
901	0.00041658582
902	0.00041207472
903	0.00041179676
904	0.00040974846
905	0.00040997519
906	0.000407209
907	0.00040909079
908	0.00040709613
909	0.00041014144
910	0.0004127207
911	0.00041722326
912	0.00041612234
913	0.00041823415
914	0.00041694291
915	0.00041431576
916	0.00040415311
917	0.00039882731
918	0.00039271581
919	0.00039326458
920	0.00039178134
921	0.00039620353
922	0.0003981389
923	0.00040303946
924	0.00040643658
925	0.00041517001
926	0.00041937511
927	0.00041248019
928	0.00040935977
929	0.0004052808
930	0.00040561293
931	0.00039846259
932	0.00039802573
933	0.00039324708
934	0.00039412283
935	0.00039292753
936	0.00038534512
937	0.00038654363
938	0.00038242011
939	0.000381384
940	0.00037625024
941	0.00037292326
942	0.00037090166
943	0.00036180083
944	0.00036120414
945	0.00035707931
946	0.00035810952
947	0.00035341652
948	0.00035552818
949	0.00035960571
950	0.00035405518
951	0.00035833937
952	0.00036189734
953	0.00036698917
954	0.00036908245
955	0.00036124743
956	0.00036874718
957	0.00037283752
958	0.00038060832
959	0.00037026871
960	0.00036416832
961	0.00036036261
962	0.00034887986
963	0.00034903904
964	0.00035014862
965	0.0003530117
966	0.00035967572
967	0.00036051405
968	0.00036863619
969	0.00037293067
970	0.00037154376
971	0.00037025997
972	0.0003617979
973	0.000361524
974	0.00036173247
975	0.00035431937
976	0.00035421603
977	0.0003505683
978	0.00035114757
979	0.00035089536
980	0.00034562974
981	0.00034696468
982	0.00034527019
983	0.00034469916
984	0.00034479905
985	0.00033531719
986	0.00033191644
987	0.00032662437
988	0.00032338096
989	0.00032484883
990	0.00032076325
991	0.00032064282
992	0.00032288848
993	0.00031689515
994	0.0003201498
995	0.00032445384
996	0.00032835136
997	0.00033478343
998	0.00033890678
999	0.00034511816
1000	0.00035534805
1001	0.00034653819
1002	0.00034350682
1003	0.00033585237
1004	0.0003276777
1005	0.00032623943
1006	0.00032267335
1007	0.00032306742
1008	0.00032660473
1009	0.00032599746
1010	0.00033210459
1011	0.0003451774
1012	0.00034305295
1013	0.00033934481
1014	0.00033912089
1015	0.00033196442
1016	0.00033084098
1017	0.0003303318
1018	0.0003200883
1019	0.00031537168
1020	0.00031005699
1021	0.00031142756
1022	0.0003143291
1023	0.00031143727
1024	0.00031391241
1025	0.00032036664
1026	0.00031533822
1027	0.00031232839
1028	0.00031245413
1029	0.00030516974
1030	0.00030097101
1031	0.00030081352
1032	0.00029231707
1033	0.00028642146
1034	0.00028621756
1035	0.00027878846
1036	0.00028241286
1037	0.00029620563
1038	0.00029914251
1039	0.00030550945
1040	0.0003179254
1041	0.00032066972
1042	0.00032354585
1043	0.0003216232
1044	0.00031483402
1045	0.00031040466
1046	0.00030739712
1047	0.00030008344
1048	0.00029911503
1049	0.00030093808
1050	0.00029739628
1051	0.00029894374
1052	0.000308893
1053	0.00031509786
1054	0.00031404213
1055	0.00031370229
1056	0.00030694339
1057	0.00030457343
1058	0.00030836713
1059	0.00030644698
1060	0.00029908878
1061	0.00029296433
1062	0.00028577714
1063	0.00028657962
1064	0.0002912182
1065	0.00028896676
1066	0.00028799155
1067	0.0002930483
1068	0.00029249271
1069	0.00029036004
1070	0.00029157329
1071	0.00028679367
1072	0.0002827695
1073	0.00027704643
1074	0.00026459242
1075	0.00025894727
1076	0.00025804704
1077	0.00025321002
1078	0.00025936896
1079	0.00027368822
1080	0.00027773412
1081	0.0002837441
1082	0.0002928983
1083	0.00029471252
1084	0.00028881597
1085	0.00028723054
1086	0.00028167647
1087	0.00027467533
1088	0.00027169738
1089	0.00027070173
1090	0.0002712357
1091	0.00027347114
1092	0.00027410304
1093	0.00027894642
1094	0.00029190737
1095	0.00029225455
1096	0.00028664507
1097	0.00028476867
1098	0.0002796118
1099	0.00027886344
1100	0.00028302054
1101	0.00028105166
1102	0.00026675908
1103	0.00026483541
1104	0.00026520155
1105	0.0002687649
1106	0.00027524544
1107	0.00027329693
1108	0.00027225908
1109	0.00027776377
1110	0.00027614253
1111	0.00027778394
1112	0.00028173874
1113	0.00027044363
1114	0.0002593031
1115	0.00025390193
1116	0.00024361734
1117	0.00024044267
1118	0.00024317331
1119	0.00025100595
1120	0.00026196621
1121	0.00027312026
1122	0.00028253601
1123	0.00028486622
1124	0.00028703129
1125	0.00028275406
1126	0.00027407179
1127	0.00027051255
1128	0.00026692801
1129	0.0002571734
1130	0.00025856835
1131	0.00026209431
1132	0.00026359806
1133	0.00026585847
1134	0.00027154417
1135	0.00028479991
1136	0.00028442121
1137	0.00028088591
1138	0.00028010568
1139	0.00027877499
1140	0.00027564408
1141	0.00027659642
1142	0.00027980913
1143	0.0002619936
1144	0.00025765827
1145	0.00026514119
1146	0.00026768633
1147	0.0002626716
1148	0.00026397483
1149	0.00027193087
1150	0.00027233308
1151	0.00027392753
1152	0.00028034566
1153	0.00027565937
1154	0.00026303104
1155	0.00025327139
1156	0.00024775362
1157	0.00023815031
1158	0.00023637151
1159	0.00024164222
1160	0.00025265158
1161	0.00025835192
1162	0.00026616313
1163	0.0002761947
1164	0.00028070058
1165	0.00027364261
1166	0.00026598955
1167	0.00026550615
1168	0.00025947739
1169	0.00025391612
1170	0.00025273418
1171	0.00025604071
1172	0.00025266748
1173	0.0002540284
1174	0.00026316417
1175	0.00027174263
1176	0.00027793867
1177	0.00027394513
1178	0.00027214798
1179	0.00027053699
1180	0.00026498631
1181	0.00026474524
1182	0.00027126195
1183	0.00026436202
1184	0.00025360503
1185	0.00025706482
1186	0.00025766744
1187	0.00025406019
1188	0.00025581017
1189	0.00026423839
1190	0.00026943489
1191	0.00026949816
1192	0.00026969874
1193	0.00027028091
1194	0.00026055261
1195	0.00024745773
1196	0.00023632301
1197	0.00023143944
1198	0.00022867591
1199	0.00022671967
1200	0.00023295936
1201	0.00024601804
1202	0.00025678423
1203	0.00026451843
1204	0.00026803649
1205	0.00027039053
1206	0.00026235925
1207	0.0002522781
1208	0.00024833044
1209	0.00024743117
1210	0.00024282866
1211	0.00024178909
1212	0.00024115496
1213	0.00024467352
1214	0.00025152138
1215	0.00025724735
1216	0.00026463853
1217	0.00026878838
1218	0.00026658999
1219	0.00026180564
1220	0.00025795477
1221	0.00025904314
1222	0.00026158892
1223	0.00026231124
1224	0.00024812355
1225	0.00024643355
1226	0.00024428222
1227	0.00024176102
1228	0.00024268609
1229	0.00025154674
1230	0.00025769461
1231	0.00025970663
1232	0.00025908308
1233	0.00026241549
1234	0.00025352009
1235	0.00024287064
1236	0.00023086623
1237	0.00022544855
1238	0.00022305071
1239	0.00021993028
1240	0.00022242487
1241	0.00023505576
1242	0.00024615394
1243	0.00025446093
1244	0.00026219859
1245	0.00026665042
1246	0.00025784621
1247	0.00024514378
1248	0.00023724887
1249	0.00023710361
1250	0.00023408618
1251	0.00023269157
1252	0.00023087725
1253	0.0002329447
1254	0.00024014728
1255	0.00024661133
1256	0.00025389234
1257	0.0002610386
1258	0.00025704098
1259	0.00025176222
1260	0.00024814145
1261	0.00024902353
1262	0.00025112587
1263	0.00025301482
1264	0.00024326483
1265	0.00023142583
1266	0.00022656054
1267	0.00022966238
1268	0.00023273878
1269	0.00024212162
1270	0.00024776747
1271	0.00025150961
1272	0.0002506885
1273	0.00025366269
1274	0.00024745294
1275	0.00023506399
1276	0.00022239274
1277	0.00021573466
1278	0.0002125203
1279	0.00020902163
1280	0.00021013901
1281	0.00022063697
1282	0.00023204702
1283	0.00024056932
1284	0.00024917625
1285	0.00025748206
1286	0.00025178634
1287	0.00023898584
1288	0.00022834229
1289	0.00022819
1290	0.00022417437
1291	0.00022083168
1292	0.00021959719
1293	0.00021826833
1294	0.00022660463
1295	0.00023586919
1296	0.00024445033
1297	0.00025199338
1298	0.00025168457
1299	0.00024735657
1300	0.00024323333
1301	0.00023764332
1302	0.00024070436
1303	0.00024477546
1304	0.00023995113
1305	0.00022216574
1306	0.00021539526
1307	0.00022260973
1308	0.00023022923
1309	0.0002376946
1310	0.00024109814
1311	0.00024180535
1312	0.00024530927
1313	0.00024745034
1314	0.00023831641
1315	0.00022513115
1316	0.00021788929
1317	0.00021040208
1318	0.00020562398
1319	0.00020191388
1320	0.00020093484
1321	0.00021090437
1322	0.0002215091
1323	0.00023158087
1324	0.0002434934
1325	0.00025066687
1326	0.0002494996
1327	0.00023729881
1328	0.00022600714
1329	0.0002232465
1330	0.00021680415
1331	0.00021327779
1332	0.00021418186
1333	0.0002131806
1334	0.00021777049
1335	0.00022364006
1336	0.0002341085
1337	0.0002444702
1338	0.00024555887
1339	0.00024445731
1340	0.00023904395
1341	0.00023753125
1342	0.00023672607
1343	0.00023836657
1344	0.00023575832
1345	0.00021508946
1346	0.00020950181
1347	0.00021536198
1348	0.00022324062
1349	0.00023069713
1350	0.00023246168
1351	0.00023687549
1352	0.00023810176
1353	0.00023902607
1354	0.00023356033
1355	0.0002186943
1356	0.00021085949
1357	0.00020261654
1358	0.00019737933
1359	0.00019395357
1360	0.00018939714
1361	0.00019766296
1362	0.00020941814
1363	0.00022057412
1364	0.00023205618
1365	0.00023949123
1366	0.00024569683
1367	0.00023412892
1368	0.00021946666
1369	0.0002151978
1370	0.00021015582
1371	0.00020559613
1372	0.0002069534
1373	0.00020426697
1374	0.00020809557
1375	0.00021550035
1376	0.00022629031
1377	0.00023512263
1378	0.00023635767
1379	0.00023497854
1380	0.00023404005
1381	0.00023381577
1382	0.00023272819
1383	0.00023185006
1384	0.00022966964
1385	0.00021401515
1386	0.0002044146
1387	0.00020802532
1388	0.0002158006
1389	0.00022428881
1390	0.00022576559
1391	0.00022970595
1392	0.00023125436
1393	0.00023034156
1394	0.00022803571
1395	0.0002154452
1396	0.00020561275
1397	0.00019636009
1398	0.00018814373
1399	0.00018553037
1400	0.00017886049
1401	0.00018499941
1402	0.00019403175
1403	0.00020653138
1404	0.00021952271
1405	0.00022815841
1406	0.00023874796
1407	0.00023194908
1408	0.00021780444
1409	0.00020972667
1410	0.00020440514
1411	0.00020062435
1412	0.0001981927
1413	0.00019504482
1414	0.00019881679
1415	0.00020542336
1416	0.00021573142
1417	0.00022534775
1418	0.00023112707
1419	0.00022918789
1420	0.00022572896
1421	0.00023038402
1422	0.00022780195
1423	0.00022757177
1424	0.00022104521
1425	0.00021344561
1426	0.00020065031
1427	0.00020047487
1428	0.00020760519
1429	0.000215676
1430	0.00022330848
1431	0.00022288918
1432	0.00022474535
1433	0.00022359033
1434	0.00022429597
1435	0.00021335539
1436	0.00020338297
1437	0.00019039733
1438	0.00018249778
1439	0.00017816512
1440	0.00017373953
1441	0.0001749297
1442	0.00018407985
1443	0.00019336813
1444	0.00020555387
1445	0.00021822043
1446	0.00022948707
1447	0.00023170746
1448	0.0002202125
1449	0.00020278782
1450	0.00019857234
1451	0.00019622244
1452	0.00019068366
1453	0.00019052748
1454	0.00019122382
1455	0.00019524309
1456	0.00020671651
1457	0.0002166745
1458	0.00022469381
1459	0.00022245472
1460	0.00022006322
1461	0.00021935413
1462	0.00022350143
1463	0.00022406502
1464	0.00021847248
1465	0.00020880266
1466	0.00020029394
1467	0.00019107012
1468	0.00019832437
1469	0.00020803013
1470	0.00021519193
1471	0.00021957359
1472	0.00022183954
1473	0.00021730527
1474	0.00021862459
1475	0.00021266366
1476	0.00020166964
1477	0.00019063993
1478	0.00018146309
1479	0.00017186105
1480	0.00016931089
1481	0.00016695465
1482	0.00017167972
1483	0.00018010932
1484	0.00019349014
1485	0.00020154889
1486	0.00021603947
1487	0.00022651469
1488	0.0002182666
1489	0.0002031652
1490	0.0001957521
1491	0.00019197254
1492	0.00018890349
1493	0.00018738771
1494	0.00018234997
1495	0.00018650937
1496	0.00019816405
1497	0.00020505713
1498	0.00021532454
1499	0.00021967599
1500	0.0002129423
1501	0.00021347055
1502	0.00021904164
1503	0.00021852705
1504	0.00021559618
1505	0.00020786819
1506	0.00019879458
1507	0.00019151704
1508	0.00019475939
1509	0.00019865171
1510	0.00020700369
1511	0.00021296767
1512	0.00021629074
1513	0.00021692527
1514	0.0002161078
1515	0.00021289608
1516	0.00020044498
1517	0.00018913234
1518	0.00017932085
1519	0.00016972624
1520	0.00016715735
1521	0.00016030146
1522	0.00016134898
1523	0.00016899734
1524	0.00018091549
1525	0.00019267881
1526	0.00020465172
1527	0.00021424236
1528	0.00022144772
1529	0.00020856639
1530	0.00019279239
1531	0.00018677961
1532	0.00018471345
1533	0.0001815587
1534	0.000179076
1535	0.0001796783
1536	0.00018671654
1537	0.00019704141
1538	0.00020557844
1539	0.00021119659
1540	0.00020772831
1541	0.00020869451
1542	0.00020966138
1543	0.00021247294
1544	0.0002144344
1545	0.00020660471
1546	0.00020001283
1547	0.00019187775
1548	0.00018568153
1549	0.00019067018
1550	0.00019935165
1551	0.00020664551
1552	0.00021126548
1553	0.00021363981
1554	0.00020916468
1555	0.00020972729
1556	0.00020515443
1557	0.00019232116
1558	0.00018167393
1559	0.00017099341
1560	0.00016429778
1561	0.00015640169
1562	0.00015543652
1563	0.0001604601
1564	0.00016773857
1565	0.00018000076
1566	0.00019170582
1567	0.00020575715
1568	0.00021440552
1569	0.00021330366
1570	0.0001979943
1571	0.00018507597
1572	0.00018286489
1573	0.00018023438
1574	0.00017915136
1575	0.00017231433
1576	0.00017606009
1577	0.00018593542
1578	0.00019732213
1579	0.00020145719
1580	0.00020687425
1581	0.00020803052
1582	0.00020311753
1583	0.00020503435
1584	0.00020832652
1585	0.00020449622
1586	0.00019626681
1587	0.00018953055
1588	0.00018550138
1589	0.00018167522
1590	0.00018928003
1591	0.00019807616
1592	0.00020359204
1593	0.00020684399
1594	0.00020797398
1595	0.00020769727
1596	0.00020436014
1597	0.000193108
1598	0.00017881723
1599	0.00017006319
1600	0.00016151715
1601	0.00015661563
1602	0.00015438622
1603	0.00015062999
1604	0.00015870795
1605	0.00016953681
1606	0.0001811918
1607	0.00019232726
1608	0.00020494497
1609	0.0002165772
1610	0.00020531203
1611	0.00019088366
1612	0.00018306712
1613	0.00018143354
1614	0.00017566611
1615	0.00017498431
1616	0.00017485758
1617	0.00017769799
1618	0.00018870225
1619	0.00019308366
1620	0.00019762133
1621	0.00020455669
1622	0.00020484676
1623	0.00020627117
1624	0.00020520156
1625	0.00020706282
1626	0.00019650125
1627	0.00018761164
1628	0.00018385914
1629	0.00017754683
1630	0.00018234631
1631	0.00018811534
1632	0.00019780635
1633	0.00020353285
1634	0.00020506553
1635	0.0002041925
1636	0.00020229157
1637	0.00020128679
1638	0.00018554489
1639	0.00017258295
1640	0.00016090142
1641	0.00015167842
1642	0.00014824
1643	0.00014561867
1644	0.00015090994
1645	0.00016137788
1646	0.00017085722
1647	0.00018242014
1648	0.00019231936
1649	0.00020326568
1650	0.00020795053
1651	0.00019487826
1652	0.00018087761
1653	0.00017878945
1654	0.0001751459
1655	0.00017236542
1656	0.0001703171
1657	0.00017025893
1658	0.00017811215
1659	0.00018509342
1660	0.00018909839
1661	0.00019900723
1662	0.0001985177
1663	0.00019783653
1664	0.00019889247
1665	0.00020103357
1666	0.00019897155
1667	0.00018964623
1668	0.00018215278
1669	0.00017909666
1670	0.00017114768
1671	0.0001787035
1672	0.0001892653
1673	0.00019619045
1674	0.0002002703
1675	0.00020253082
1676	0.0002013489
1677	0.00020271149
1678	0.00019116427
1679	0.00017814224
1680	0.00016520385
1681	0.00015430672
1682	0.00014726146
1683	0.00014224138
1684	0.00013985376
1685	0.00014963817
1686	0.00015782034
1687	0.00017334278
1688	0.00018574225
1689	0.00019590461
1690	0.00020483802
1691	0.00020175495
1692	0.00018620733
1693	0.00017771731
1694	0.0001754517
1695	0.00017256112
1696	0.00017097726
1697	0.00016735545
1698	0.00017264416
1699	0.00018044159
1700	0.0001826342
1701	0.00019207326
1702	0.00019813517
1703	0.00019927799
1704	0.000198394
1705	0.00019844045
1706	0.00020023243
1707	0.00019179946
1708	0.00018365325
1709	0.00018209117
1710	0.00017320691
1711	0.0001742563
1712	0.00018109768
1713	0.00018970084
1714	0.00019573325
1715	0.00019963482
1716	0.00020095397
1717	0.00020012211
1718	0.00019734775
1719	0.00018564291
1720	0.00017182425
1721	0.00015905935
1722	0.00014864903
1723	0.00014265449
1724	0.00013798132
1725	0.00014137512
1726	0.00014765189
1727	0.00015982683
1728	0.00017380439
1729	0.00018598564
1730	0.00019722885
1731	0.00020551703
1732	0.00019658705
1733	0.00018071816
1734	0.00017479724
1735	0.00017183451
1736	0.00016868306
1737	0.00016814643
1738	0.00016622478
1739	0.00017261386
1740	0.00017643341
1741	0.00018340699
1742	0.0001919446
1743	0.00019956896
1744	0.00019476933
1745	0.0001949144
1746	0.000197362
1747	0.00019506997
1748	0.00018351833
1749	0.00017647655
1750	0.00017503083
1751	0.00016974183
1752	0.00017642257
1753	0.00018353315
1754	0.00019052002
1755	0.00019486694
1756	0.00019623651
1757	0.00019587065
1758	0.00019509305
1759	0.00019025865
1760	0.00017682789
1761	0.00016494362
1762	0.00015140328
1763	0.00014402687
1764	0.00013905104
1765	0.00013478486
1766	0.00014048229
1767	0.00015089788
1768	0.00016537234
1769	0.00017746532
1770	0.00019079381
1771	0.00019834771
1772	0.00020209771
1773	0.00018966972
1774	0.000177588
1775	0.00017302924
1776	0.00016998452
1777	0.00016657252
1778	0.00016350144
1779	0.00016902215
1780	0.00017046867
1781	0.00017515695
1782	0.00018423799
1783	0.00019550006
1784	0.00019666988
1785	0.00019461118
1786	0.00019480743
1787	0.00019618603
1788	0.00019196498
1789	0.00017958161
1790	0.00017468763
1791	0.00016904071
1792	0.00016698
1793	0.00017495373
1794	0.0001861342
1795	0.00019337922
1796	0.00019734492
1797	0.00019778886
1798	0.00019716385
1799	0.00019346751
1800	0.00018485982
1801	0.00017144343
1802	0.0001577562
1803	0.00014744912
1804	0.00014098115
1805	0.00013654099
1806	0.00013529663
1807	0.00014345895
1808	0.00015592578
1809	0.0001692957
1810	0.00018361844
1811	0.00019491691
1812	0.00020230886
1813	0.0001995587
1814	0.0001865653
1815	0.00017661233
1816	0.00017795633
1817	0.00017213923
1818	0.00017104082
1819	0.00016395891
1820	0.00016730164
1821	0.00016923779
1822	0.00017804086
1823	0.00018674379
1824	0.00019597897
1825	0.00019594293
1826	0.00019573173
1827	0.0001980302
1828	0.00019808068
1829	0.00018420331
1830	0.00017634331
1831	0.00017470528
1832	0.00016748141
1833	0.00016819273
1834	0.00017656179
1835	0.00018669528
1836	0.000193482
1837	0.00019675615
1838	0.00019907061
1839	0.00019261657
1840	0.00019154701
1841	0.00017748436
1842	0.00016397571
1843	0.00015176304
1844	0.00014163946
1845	0.00013711254
1846	0.00013292866
1847	0.00013633985
1848	0.00014843682
1849	0.00015724662
1850	0.0001721924
1851	0.00018556591
1852	0.00019738181
1853	0.0002008206
1854	0.00019197041
1855	0.00017975189
1856	0.00017374901
1857	0.00017459543
1858	0.00017260513
1859	0.00016774096
1860	0.00016572554
1861	0.00016605534
1862	0.000170967
1863	0.00018016338
1864	0.00019144727
1865	0.00019504292
1866	0.0001933859
1867	0.00019469498
1868	0.00019657409
1869	0.00019426669
1870	0.00017961705
1871	0.00017305989
1872	0.0001703495
1873	0.00016536889
1874	0.00017011524
1875	0.00017915914
1876	0.00018730975
1877	0.00019347035
1878	0.00019679519
1879	0.00019677885
1880	0.0001972511
1881	0.00018677751
1882	0.00017351436
1883	0.00015924041
1884	0.00014685466
1885	0.00013851852
1886	0.00013364649
1887	0.00013047525
1888	0.00013877191
1889	0.00014837265
1890	0.00016310878
1891	0.00017995051
1892	0.00018946581
1893	0.00020077721
1894	0.0002006997
1895	0.00018987894
1896	0.00017758616
1897	0.00017482579
1898	0.00017390779
1899	0.00017160601
1900	0.00016821537
1901	0.00016890532
1902	0.00016982389
1903	0.0001747557
1904	0.00018367599
1905	0.00019640724
1906	0.00019667033
1907	0.00019425928
1908	0.00019583129
1909	0.00019840694
1910	0.00018984549
1911	0.000179423
1912	0.00017511067
1913	0.00017124832
1914	0.00016753644
1915	0.0001752798
1916	0.00018498873
1917	0.00019049632
1918	0.00019466739
1919	0.00019740492
1920	0.00019640498
1921	0.00019589739
1922	0.00018413096
1923	0.00016853195
1924	0.00015519761
1925	0.00014602552
1926	0.00013726855
1927	0.00013290076
1928	0.00013160703
1929	0.00014143256
1930	0.00015236746
1931	0.00016824131
1932	0.00018326528
1933	0.00019493098
1934	0.0002035983
1935	0.00019982783
1936	0.00018826263
1937	0.0001792181
1938	0.00017686344
1939	0.00017249951
1940	0.00017150577
1941	0.00016911216
1942	0.00016695363
1943	0.0001719662
1944	0.00017894524
1945	0.00018839435
1946	0.00019641677
1947	0.00019643188
1948	0.00019601287
1949	0.00019909598
1950	0.00019383002
1951	0.00018446679
1952	0.00017620677
1953	0.00017375105
1954	0.00016661092
1955	0.00016887913
1956	0.00017747651
1957	0.00018706379
1958	0.00019257469
1959	0.0001947469
1960	0.00019590989
1961	0.00019683952
1962	0.00019365594
1963	0.000180558
1964	0.0001649362
1965	0.00014896394
1966	0.00013838716
1967	0.00013365008
1968	0.00012943345
1969	0.00013360279
1970	0.00014277164
1971	0.00015533848
1972	0.00017057572
1973	0.00018933361
1974	0.00019842395
1975	0.00020228266
1976	0.00019474596
1977	0.0001842447
1978	0.00017694227
1979	0.00017647789
1980	0.00017072658
1981	0.00016846117
1982	0.00016719178
1983	0.00016644666
1984	0.00017379705
1985	0.00018234459
1986	0.0001908607
1987	0.00019383241
1988	0.00019150984
1989	0.00019275634
1990	0.00019351897
1991	0.00018731394
1992	0.00017705786
1993	0.00017217087
1994	0.0001700246
1995	0.0001634268
1996	0.00016763924
1997	0.00017837773
1998	0.00018962453
1999	0.00019233447
2000	0.00019378699
2001	0.00019266447
2002	0.00019174535
2003	0.00018606524
2004	0.00017346658
2005	0.00015981371
2006	0.00014436418
2007	0.00013411481
2008	0.00012942196
2009	0.00012694572
2010	0.00013617822
2011	0.00014654967
2012	0.00015742804
2013	0.0001740177
2014	0.00019001033
2015	0.00020134523
2016	0.00019961383
2017	0.00019040044
2018	0.00017998437
2019	0.00017663075
2020	0.00017460383
2021	0.00016996939
2022	0.00016530394
2023	0.00016207095
2024	0.00016846041
2025	0.00017466649
2026	0.00018412392
2027	0.00019401529
2028	0.00019195559
2029	0.00019017635
2030	0.0001921211
2031	0.0001930793
2032	0.00018318532
2033	0.00017363004
2034	0.00017192779
2035	0.00016708239
2036	0.00016574755
2037	0.00017365695
2038	0.00018096826
2039	0.00018853908
2040	0.00019375471
2041	0.00019576828
2042	0.00019269636
2043	0.000191344
2044	0.0001813574
2045	0.00016900574
2046	0.000155979
2047	0.00014160431
2048	0.0001323515
2049	0.00012725896
2050	0.00012911886
2051	0.0001369807
2052	0.00014713892
2053	0.00016228745
2054	0.0001775837
2055	0.00019320074
2056	0.00020419169
2057	0.00019963982
2058	0.00018808501
2059	0.00017663191
2060	0.00017856235
2061	0.00017411727
2062	0.00017136159
2063	0.00016643828
2064	0.0001609497
2065	0.00016919259
2066	0.0001774235
2067	0.00018833958
2068	0.00019485143
2069	0.00019195573
2070	0.00019070262
2071	0.00019210604
2072	0.00018863643
2073	0.00017838583
2074	0.00016950043
2075	0.00016905584
2076	0.00016334667
2077	0.00016862118
2078	0.00017305219
2079	0.00018156246
2080	0.00018763637
2081	0.00019207811
2082	0.00019310722
2083	0.0001910058
2084	0.00018922466
2085	0.00017550514
2086	0.00016255801
2087	0.00014960214
2088	0.00013818539
2089	0.00013082061
2090	0.00012528706
2091	0.00013134573
2092	0.00013850891
2093	0.00015041015
2094	0.00016584287
2095	0.00018072526
2096	0.00019641496
2097	0.00020267477
2098	0.00019696981
2099	0.00018452224
2100	0.0001751109
2101	0.00017615936
2102	0.0001718349
2103	0.00016878495
2104	0.00016217173
2105	0.00016439397
2106	0.00017005003
2107	0.00017956445
2108	0.00019214242
2109	0.0001948819
2110	0.0001908468
2111	0.00019018663
2112	0.0001906661
2113	0.00018445065
2114	0.00017370315
2115	0.00016801546
2116	0.00016553027
2117	0.00016142238
2118	0.00016649937
2119	0.00017890959
2120	0.00018334913
2121	0.00018845134
2122	0.00019174123
2123	0.00019177969
2124	0.00019032619
2125	0.00018514437
2126	0.00017128505
2127	0.00015806365
2128	0.00014498463
2129	0.00013503863
2130	0.00012990022
2131	0.00012521752
2132	0.00013311488
2133	0.00014110915
2134	0.00015630775
2135	0.00016912369
2136	0.00018676123
2137	0.000199901
2138	0.00020132399
2139	0.00019381527
2140	0.00018334905
2141	0.00017637708
2142	0.00017481297
2143	0.00017098905
2144	0.00016751482
2145	0.00016141648
2146	0.00016533008
2147	0.00017218806
2148	0.0001831081
2149	0.00019838648
2150	0.00019513451
2151	0.00019246826
2152	0.00019227599
2153	0.00019154173
2154	0.00018162062
2155	0.00017138093
2156	0.0001684361
2157	0.0001646562
2158	0.00016228295
2159	0.00016904832
2160	0.0001804398
2161	0.00018768288
2162	0.00019088441
2163	0.00019256827
2164	0.00019368313
2165	0.00019028418
2166	0.00018134643
2167	0.0001682817
2168	0.00015441798
2169	0.0001418678
2170	0.00013347631
2171	0.00012836991
2172	0.0001268003
2173	0.00013572722
2174	0.00014294947
2175	0.00015688017
2176	0.00017223903
2177	0.00019066771
2178	0.00020341344
2179	0.00020240288
2180	0.00019104788
2181	0.00018208261
2182	0.00017956375
2183	0.00017348415
2184	0.00017052362
2185	0.00016231735
2186	0.00016102048
2187	0.00016713253
2188	0.00017424014
2189	0.00018592159
2190	0.00019546743
2191	0.00019407678
2192	0.0001926966
2193	0.00019317628
2194	0.00019113316
2195	0.00017684019
2196	0.00016764792
2197	0.0001676088
2198	0.00016159437
2199	0.00016260725
2200	0.00017069189
2201	0.0001817062
2202	0.00018925137
2203	0.00019167226
2204	0.00019203801
2205	0.00019033462
2206	0.0001900975
2207	0.00017714377
2208	0.00016428406
2209	0.00015105417
2210	0.00014115258
2211	0.00013230887
2212	0.00012768485
2213	0.00013040808
2214	0.00013879379
2215	0.000146285
2216	0.0001607461
2217	0.00017631167
2218	0.00019434998
2219	0.00020341768
2220	0.00019863695
2221	0.0001892812
2222	0.00017914563
2223	0.00018169697
2224	0.00017509562
2225	0.00017081928
2226	0.00016339851
2227	0.00016280965
2228	0.00017074564
2229	0.00017903104
2230	0.00019017194
2231	0.00019488683
2232	0.00019250815
2233	0.00019282629
2234	0.00019432344
2235	0.00018563034
2236	0.00017352445
2237	0.0001665904
2238	0.00016472167
2239	0.00016006964
2240	0.00016457349
2241	0.00017406302
2242	0.00018600175
2243	0.00018973548
2244	0.00019360645
2245	0.00019244901
2246	0.00018921056
2247	0.00018532461
2248	0.00017211995
2249	0.00015936721
2250	0.00014628661
2251	0.00013455784
2252	0.00012984566
2253	0.00012663179
2254	0.00013392377
2255	0.00014214341
2256	0.00015094508
2257	0.00016529342
2258	0.00018379664
2259	0.00019704553
2260	0.00020246686
2261	0.00019681687
2262	0.00018641878
2263	0.0001789482
2264	0.00017951254
2265	0.00017535733
2266	0.00016894886
2267	0.00016079945
2268	0.00016361205
2269	0.00017252768
2270	0.00018221041
2271	0.00019418784
2272	0.00019453531
2273	0.00019285681
2274	0.00019634327
2275	0.00019390197
2276	0.00018505818
2277	0.00017294022
2278	0.00016694604
2279	0.00016264503
2280	0.00015909166
2281	0.00016587375
2282	0.00017710614
2283	0.00018574112
2284	0.00019210732
2285	0.00019573079
2286	0.00019469077
2287	0.0001912179
2288	0.00018364151
2289	0.00017141305
2290	0.00015911027
2291	0.00014741508
2292	0.00013541817
2293	0.00013104066
2294	0.00012907076
2295	0.0001384198
2296	0.00014649904
2297	0.00015854964
2298	0.00017169208
2299	0.0001880758
2300	0.00020304552
2301	0.0002034974
2302	0.00019648441
2303	0.00018712347
2304	0.000183447
2305	0.00018216987
2306	0.0001787952
2307	0.0001701138
2308	0.00016871541
2309	0.00016990145
2310	0.00017803736
2311	0.00019020702
2312	0.00020090282
2313	0.00019845643
2314	0.000195983
2315	0.00019767734
2316	0.00019636038
2317	0.0001861878
2318	0.00017598534
2319	0.00017335176
2320	0.00016690675
2321	0.00016587196
2322	0.00017353047
2323	0.00018595369
2324	0.00019386915
2325	0.00020132614
2326	0.00020158732
2327	0.00020094029
2328	0.00019901602
2329	0.00018633593
2330	0.00017391592
2331	0.00016125205
2332	0.00014791968
2333	0.00013969671
2334	0.00013467754
2335	0.00013551829
2336	0.0001460814
2337	0.00015317214
2338	0.00016790394
2339	0.00018306983
2340	0.00019908097
2341	0.00021263458
2342	0.0002120647
2343	0.00020061303
2344	0.00019138369
2345	0.00019223875
2346	0.00018675185
2347	0.00018412564
2348	0.00017322364
2349	0.00017353765
2350	0.00017837045
2351	0.00018671275
2352	0.00019866969
2353	0.00020611161
2354	0.00020343858
2355	0.00020244441
2356	0.00020374965
2357	0.00019834832
2358	0.00018727068
2359	0.00017895224
2360	0.00017974751
2361	0.00017067783
2362	0.00017262825
2363	0.00017997911
2364	0.0001900069
2365	0.0001964258
2366	0.00020089545
2367	0.00020304782
2368	0.00020227456
2369	0.00020159032
2370	0.00018711397
2371	0.00017303973
2372	0.00016043683
2373	0.00014836676
2374	0.00014292434
2375	0.00013777574
2376	0.00014117294
2377	0.00014980254
2378	0.00016210945
2379	0.00017432151
2380	0.00018985832
2381	0.00020516417
2382	0.0002137192
2383	0.00020886373
2384	0.00019933657
2385	0.00019000589
2386	0.00019254682
2387	0.0001876906
2388	0.00018440202
2389	0.00017494987
2390	0.00017751515
2391	0.00018405077
2392	0.00019162275
2393	0.00020309012
2394	0.00020766117
2395	0.0002048365
2396	0.00020573709
2397	0.00020300562
2398	0.00019593346
2399	0.00018493508
2400	0.0001783355
2401	0.00017599467
2402	0.00016961726
2403	0.00017341478
2404	0.00018195484
2405	0.00019212277
2406	0.0001996445
2407	0.00020294362
2408	0.00020220274
2409	0.00020196994
2410	0.00019892197
2411	0.00018537575
2412	0.00017052066
2413	0.00015724602
2414	0.0001495946
2415	0.00014165542
2416	0.00013776745
2417	0.00014500743
2418	0.00015190647
2419	0.00016158719
2420	0.00017751259
2421	0.00019437996
2422	0.00020957159
2423	0.00021194754
2424	0.00020556996
2425	0.00019605484
2426	0.00018886105
2427	0.00018926614
2428	0.00018499015
2429	0.00017859627
2430	0.00017313548
2431	0.00017681478
2432	0.00018461908
2433	0.00019671991
2434	0.00020494301
2435	0.00020614622
2436	0.00020451882
2437	0.00020340372
2438	0.00020163471
2439	0.00019220202
2440	0.00018266794
2441	0.00017908643
2442	0.00017470716
2443	0.0001692613
2444	0.00017489119
2445	0.00018570881
2446	0.0001941117
2447	0.00020116138
2448	0.00020418298
2449	0.00020232529
2450	0.00020166782
2451	0.00019493164
2452	0.00018650711
2453	0.00016845245
2454	0.00015412601
2455	0.00014470003
2456	0.00014111572
2457	0.00013818511
2458	0.0001463648
2459	0.0001534997
2460	0.00016600296
2461	0.00018206682
2462	0.00020003806
2463	0.0002147028
2464	0.00021291648
2465	0.00020429296
2466	0.00019482955
2467	0.00019144886
2468	0.00019089529
2469	0.00018591507
2470	0.00017532756
2471	0.00017792425
2472	0.00018055153
2473	0.00018824382
2474	0.00019777262
2475	0.0002077884
2476	0.00020616763
2477	0.00020535108
2478	0.00020568828
2479	0.00020192238
2480	0.00019090251
2481	0.00018205252
2482	0.0001817884
2483	0.00017566784
2484	0.00017310735
2485	0.00017857475
2486	0.00018883618
2487	0.00019679027
2488	0.00020279406
2489	0.00020557687
2490	0.00020614712
2491	0.00020252397
2492	0.00019305727
2493	0.00018164466
2494	0.0001669411
2495	0.00015214135
2496	0.00014407157
2497	0.00014091755
2498	0.00014076716
2499	0.0001495718
2500	0.00015586144
2501	0.00017031357
2502	0.00018631912
2503	0.00020414397
2504	0.00021836702
2505	0.00021283177
2506	0.00020269901
2507	0.00019264403
2508	0.00019445324
2509	0.00019106908
2510	0.00018980523
2511	0.00017560604
2512	0.00017695926
2513	0.00018447477
2514	0.00019201031
2515	0.00020219999
2516	0.00020916912
2517	0.0002071426
2518	0.00020633402
2519	0.00020677485
2520	0.00019970532
2521	0.00018757887
2522	0.00017989258
2523	0.00018124072
2524	0.00017693426
2525	0.00017737226
2526	0.00018280497
2527	0.00019284027
2528	0.00020031542
2529	0.0002045936
2530	0.00020947339
2531	0.00020433575
2532	0.00020352541
2533	0.00018903022
2534	0.00017640834
2535	0.00016299916
2536	0.00014961758
2537	0.00014194627
2538	0.00013827305
2539	0.00014316101
2540	0.0001512384
2541	0.00015769014
2542	0.00017285238
2543	0.00019026371
2544	0.00020880316
2545	0.00021710402
2546	0.00021096187
2547	0.00020013705
2548	0.00018962237
2549	0.00019174432
2550	0.00019150245
2551	0.0001852443
2552	0.00017411471
2553	0.00017448557
2554	0.00018288436
2555	0.00019349939
2556	0.00020374819
2557	0.00020633945
2558	0.00020454918
2559	0.00020538784
2560	0.00020550471
2561	0.00019575559
2562	0.00018435394
2563	0.0001786615
2564	0.00017710638
2565	0.00017329992
2566	0.00017750538
2567	0.00018465322
2568	0.00019214797
2569	0.00019873217
2570	0.00020719591
2571	0.00020517841
2572	0.00020307392
2573	0.00019871881
2574	0.0001857924
2575	0.00017327413
2576	0.00015948808
2577	0.00014753386
2578	0.00014216473
2579	0.00013880206
2580	0.0001468202
2581	0.00015430713
2582	0.00016261226
2583	0.00017695783
2584	0.00019417821
2585	0.00021246123
2586	0.00021762743
2587	0.00020896547
2588	0.00019712225
2589	0.00018989753
2590	0.00019057499
2591	0.00019037273
2592	0.00018051482
2593	0.00017466163
2594	0.00017654359
2595	0.00018456356
2596	0.00019558356
2597	0.0002067248
2598	0.00020626859
2599	0.00020354075
2600	0.00020500836
2601	0.00020489303
2602	0.00019356475
2603	0.00018101899
2604	0.00017707923
2605	0.00017578233
2606	0.00017301622
2607	0.00017824354
2608	0.00018635256
2609	0.00019453162
2610	0.00019937263
2611	0.00020308107
2612	0.00020714748
2613	0.00020211405
2614	0.00019485547
2615	0.00018173434
2616	0.0001693993
2617	0.00015609709
2618	0.00014484632
2619	0.00013972262
2620	0.00013793436
2621	0.00014831191
2622	0.00015471902
2623	0.00016455496
2624	0.00017945693
2625	0.0001975227
2626	0.00021376726
2627	0.00021430717
2628	0.00020543239
2629	0.00019314703
2630	0.00018842812
2631	0.00018653355
2632	0.00018410544
2633	0.00017894641
2634	0.00017273926
2635	0.0001776622
2636	0.00018529243
2637	0.0001969935
2638	0.000207444
2639	0.00020428506
2640	0.00020255584
2641	0.0002040227
2642	0.00020271756
2643	0.00019058538
2644	0.00017900624
2645	0.00017771011
2646	0.00017324995
2647	0.00017352901
2648	0.00018039436
2649	0.0001894419
2650	0.00019618625
2651	0.00020048617
2652	0.00020365718
2653	0.00020292932
2654	0.00020213592
2655	0.00019488628
2656	0.0001802744
2657	0.00016747927
2658	0.00015418222
2659	0.00014411979
2660	0.00013837407
2661	0.00013913803
2662	0.00015000296
2663	0.00015629894
2664	0.0001684788
2665	0.00018309512
2666	0.00020213394
2667	0.00021667337
2668	0.00021379078
2669	0.00020398673
2670	0.00019190196
2671	0.0001912086
2672	0.00018636026
2673	0.00018469603
2674	0.00017359129
2675	0.00017343531
2676	0.00018021222
2677	0.00019241292
2678	0.00020123288
2679	0.00020795857
2680	0.00020465816
2681	0.00020279154
2682	0.00020484768
2683	0.00019975201
2684	0.00018749804
2685	0.00017762332
2686	0.00017653758
2687	0.00017292981
2688	0.00017571394
2689	0.00018357333
2690	0.00019188151
2691	0.00019720074
2692	0.00020108161
2693	0.00020315724
2694	0.0002023636
2695	0.00020097689
2696	0.00018756785
2697	0.00017517562
2698	0.00016281446
2699	0.00015512118
2700	0.00014484539
2701	0.00013905389
2702	0.00014123103
2703	0.0001516357
2704	0.00015930143
2705	0.00017236539
2706	0.00018693803
2707	0.00020494264
2708	0.00021548987
2709	0.00021081695
2710	0.00020042351
2711	0.00018809369
2712	0.00018966944
2713	0.00018444816
2714	0.00018206794
2715	0.00017307268
2716	0.00017366732
2717	0.00018161181
2718	0.00019053613
2719	0.00020298004
2720	0.00020724376
2721	0.00020734869
2722	0.00020354311
2723	0.00020437857
2724	0.00019754631
2725	0.00018415848
2726	0.00017575548
2727	0.00017352441
2728	0.00017014772
2729	0.00017614117
2730	0.00018558926
2731	0.00019353367
2732	0.00019860185
2733	0.00020125081
2734	0.00020197107
2735	0.00020117773
2736	0.00019734068
2737	0.00018292434
2738	0.00017089417
2739	0.00015776272
2740	0.00014732427
2741	0.00014160751
2742	0.0001371257
2743	0.00014411346
2744	0.00015676653
2745	0.00016383315
2746	0.00017613728
2747	0.00019119663
2748	0.00020787623
2749	0.00021325546
2750	0.00020826681
2751	0.00019758137
2752	0.00018766286
2753	0.00018688302
2754	0.00018221609
2755	0.00017900431
2756	0.00017198332
2757	0.00017353318
2758	0.00018156689
2759	0.00019236921
2760	0.00020458967
2761	0.00020581505
2762	0.00020237185
2763	0.0002022968
2764	0.00020315883
2765	0.00019473589
2766	0.00018259691
2767	0.0001796497
2768	0.00017284589
2769	0.00017004562
2770	0.00017710107
2771	0.00018796266
2772	0.00019510861
2773	0.00019861024
2774	0.00020110858
2775	0.00020080694
2776	0.0002001151
2777	0.0001928457
2778	0.00017963605
2779	0.00016730284
2780	0.00015429806
2781	0.00014531986
2782	0.00014061896
2783	0.00013751758
2784	0.00014616986
2785	0.00015441075
2786	0.00016609443
2787	0.00017923836
2788	0.00019507104
2789	0.00020970286
2790	0.00021509249
2791	0.00020513918
2792	0.00019463307
2793	0.00018817744
2794	0.00018526403
2795	0.00018120317
2796	0.00017415259
2797	0.00017231457
2798	0.00017559941
2799	0.00018263087
2800	0.00019434047
2801	0.000206535
2802	0.00020502937
2803	0.00020165929
2804	0.00020213768
2805	0.00020168171
2806	0.00019172528
2807	0.00018013569
2808	0.00017658451
2809	0.00017019943
2810	0.00017091094
2811	0.00017925973
2812	0.00019061713
2813	0.00019811214
2814	0.00020459695
2815	0.00020271447
2816	0.00020089938
2817	0.00020104222
2818	0.00018970216
2819	0.00017551821
2820	0.0001630853
2821	0.00015126694
2822	0.00014341226
2823	0.00013823863
2824	0.00013781835
2825	0.00014749638
2826	0.00015540567
2827	0.00016960496
2828	0.00018310391
2829	0.00019904373
2830	0.00021198038
2831	0.00020939801
2832	0.00020148809
2833	0.00019192286
2834	0.00019059323
2835	0.00018385757
2836	0.00018039342
2837	0.00017155651
2838	0.00017629859
2839	0.00017779729
2840	0.00018491855
2841	0.00019772586
2842	0.00020576902
2843	0.00020380026
2844	0.00020192627
2845	0.00020255015
2846	0.00019765572
2847	0.00018728966
2848	0.00017762702
2849	0.00017456584
2850	0.0001685376
2851	0.00017167338
2852	0.00018058505
2853	0.00019111778
2854	0.00019808411
2855	0.00019975114
2856	0.00020032178
2857	0.00019881486
2858	0.00019956786
2859	0.0001858911
2860	0.00017152797
2861	0.00015955525
2862	0.00015216571
2863	0.00014310804
2864	0.00013819809
2865	0.00013967037
2866	0.0001484918
2867	0.00015786624
2868	0.00017255222
2869	0.00018618009
2870	0.00020127771
2871	0.00020999734
2872	0.00020647664
2873	0.00019739375
2874	0.00018826701
2875	0.00018898113
2876	0.00018229716
2877	0.00017846809
2878	0.00016889489
2879	0.0001716951
2880	0.00017845744
2881	0.00018635238
2882	0.00019882621
2883	0.00020362701
2884	0.00020216683
2885	0.00020082818
2886	0.00020064938
2887	0.00019783354
2888	0.00018374968
2889	0.00017643911
2890	0.00017145261
2891	0.0001658001
2892	0.00017127643
2893	0.00018188162
2894	0.00019133704
2895	0.00019770472
2896	0.00019908797
2897	0.00019824618
2898	0.00019595017
2899	0.00019331036
2900	0.00018031722
2901	0.00016552004
2902	0.0001518135
2903	0.00014229815
2904	0.00013828487
2905	0.00013507511
2906	0.00014105344
2907	0.00014874441
2908	0.00015955638
2909	0.00017438028
2910	0.00018959137
2911	0.00020297782
2912	0.00021122831
2913	0.00020224824
2914	0.0001925445
2915	0.00018537045
2916	0.00018476119
2917	0.00017878489
2918	0.00017342339
2919	0.00016608313
2920	0.00017034942
2921	0.00017729044
2922	0.00018640577
2923	0.00019938879
2924	0.00020063685
2925	0.00019872032
2926	0.00019942093
2927	0.00019838602
2928	0.00018875603
2929	0.00017787237
2930	0.00017291284
2931	0.00016776523
2932	0.00016349337
2933	0.00017095078
2934	0.00018289633
2935	0.00019202508
2936	0.00019762037
2937	0.00019834027
2938	0.00020164224
2939	0.00019585523
2940	0.0001888301
2941	0.00017572548
2942	0.00016145872
2943	0.00014819032
2944	0.00013911567
2945	0.0001351576
2946	0.00013391904
2947	0.00014264217
2948	0.00014862733
2949	0.00016161165
2950	0.00017688992
2951	0.000192784
2952	0.00020443671
2953	0.00020438147
2954	0.00019837543
2955	0.00018869152
2956	0.00018572508
2957	0.00018317467
2958	0.00017846934
2959	0.00017028241
2960	0.00016650403
2961	0.00017233273
2962	0.00017939064
2963	0.00018989341
2964	0.00020526185
2965	0.00020068016
2966	0.00020006888
2967	0.00020063906
2968	0.00019767843
2969	0.00018644876
2970	0.00017701103
2971	0.00017456726
2972	0.00016668329
2973	0.00016590289
2974	0.00017401905
2975	0.0001865204
2976	0.00019458056
2977	0.00019909542
2978	0.00019955003
2979	0.00019712529
2980	0.00019535345
2981	0.00018478324
2982	0.00017353269
2983	0.00015948176
2984	0.00014704355
2985	0.00014004063
2986	0.00013566171
2987	0.00013722942
2988	0.00014640558
2989	0.000153026
2990	0.00017191954
2991	0.00018387743
2992	0.00019965065
2993	0.00020934814
2994	0.00020532817
2995	0.00019697367
2996	0.00018802129
2997	0.00018923399
2998	0.00018407975
2999	0.00017986785
3000	0.00016950701
3001	0.00016868431
3002	0.00017565541
3003	0.00018375094
3004	0.00019482705
3005	0.00020309376
3006	0.00020153934
3007	0.00020132295
3008	0.00020295896
3009	0.00019633978
3010	0.00018471584
3011	0.00017620399
3012	0.00017422786
3013	0.00016786859
3014	0.00016970436
3015	0.00017905284
3016	0.00019027795
3017	0.00020251318
3018	0.00020210647
3019	0.000201836
3020	0.00019868669
3021	0.00019688523
3022	0.00018301864
3023	0.0001706638
3024	0.00015673801
3025	0.00014491074
3026	0.00014004307
3027	0.00013524484
3028	0.00013951817
3029	0.00014887497
3030	0.00015726863
3031	0.00017209468
3032	0.00018799059
3033	0.00020384829
3034	0.00020958762
3035	0.00020392844
3036	0.00019526436
3037	0.00018717727
3038	0.00018975746
3039	0.00018406915
3040	0.00017945246
3041	0.00016946821
3042	0.00017074531
3043	0.00017881404
3044	0.00018700889
3045	0.00020283027
3046	0.00020329061
3047	0.00020130693
3048	0.00020121726
3049	0.00020191979
3050	0.00019439404
3051	0.00018180727
3052	0.00017619682
3053	0.00017310486
3054	0.00016694496
3055	0.00017028516
3056	0.00018076423
3057	0.00019162253
3058	0.00019802277
3059	0.00020071985
3060	0.00019994651
3061	0.00019806083
3062	0.00019316463
3063	0.00017973467
3064	0.00016769161
3065	0.00015281287
3066	0.00014293314
3067	0.00013877727
3068	0.00013558875
3069	0.00014392693
3070	0.00015136645
3071	0.00016133044
3072	0.00017575413
3073	0.0001975536
3074	0.00020716752
3075	0.00020834154
3076	0.0002015995
3077	0.0001925142
3078	0.00018720632
3079	0.00018756579
3080	0.00018319637
3081	0.00017638136
3082	0.00016965924
3083	0.00017221573
3084	0.00017988684
3085	0.00018974488
3086	0.0002004552
3087	0.00020144617
3088	0.00020004919
3089	0.00020141792
3090	0.00020153143
3091	0.00019170587
3092	0.00018029611
3093	0.00017611994
3094	0.00017220658
3095	0.00016727569
3096	0.00017234406
3097	0.00018472238
3098	0.00019447857
3099	0.00020121733
3100	0.0002032591
3101	0.00020211893
3102	0.00020360522
3103	0.0001915031
3104	0.00017838551
3105	0.00016512097
3106	0.00015014047
3107	0.00014053908
3108	0.00013767235
3109	0.00013631572
3110	0.00014650519
3111	0.00015359739
3112	0.00016534947
3113	0.00017998234
3114	0.00019657706
3115	0.00020991956
3116	0.00020770206
3117	0.00019948327
3118	0.00019007919
3119	0.00018797451
3120	0.00018685085
3121	0.00018275659
3122	0.00017204785
3123	0.00016988018
3124	0.000175023
3125	0.00018266161
3126	0.00019357934
3127	0.0002033104
3128	0.00020190872
3129	0.00020153867
3130	0.00020294623
3131	0.00020586755
3132	0.00019138248
3133	0.00017943008
3134	0.00017775065
3135	0.00017047204
3136	0.00016980749
3137	0.00017450098
3138	0.00018655858
3139	0.00019622358
3140	0.00020170929
3141	0.00020380907
3142	0.00020156698
3143	0.00019897537
3144	0.00018719856
3145	0.00017449736
3146	0.00016254895
3147	0.00014821756
3148	0.00014070631
3149	0.00013649137
3150	0.00013868495
3151	0.00014940409
3152	0.00015654546
3153	0.00016971728
3154	0.0001842372
3155	0.00020202411
3156	0.00021368011
3157	0.00020875777
3158	0.00019895594
3159	0.00019014097
3160	0.00019266817
3161	0.00019226019
3162	0.00018630894
3163	0.0001724968
3164	0.00017236983
3165	0.0001786539
3166	0.00018721417
3167	0.00019858951
3168	0.00020352139
3169	0.00020179997
3170	0.00020155622
3171	0.00020363329
3172	0.00019836231
3173	0.00018693726
3174	0.00017785043
3175	0.00017561663
3176	0.00017072745
3177	0.00017208122
3178	0.00017948015
3179	0.00019045114
3180	0.00019828883
3181	0.00020300093
3182	0.00020417507
3183	0.00020144475
3184	0.00019790056
3185	0.00018412231
3186	0.0001721555
3187	0.00015996897
3188	0.00014708228
3189	0.00014113808
3190	0.00013749858
3191	0.00014215891
3192	0.0001567216
3193	0.00016184165
3194	0.00017452954
3195	0.00018990362
3196	0.00020656718
3197	0.0002138749
3198	0.00020726311
3199	0.00019794233
3200	0.00018957814
3201	0.00019245884
3202	0.00018778547
3203	0.00018352039
3204	0.00017214129
3205	0.00017288217
3206	0.00018113635
3207	0.00019119428
3208	0.00020281123
3209	0.00020516071
3210	0.00020270626
3211	0.00020445934
3212	0.00020551491
3213	0.00019767556
3214	0.00018500973
3215	0.00017853072
3216	0.00017604317
3217	0.00017070724
3218	0.00017475974
3219	0.00018401346
3220	0.00019489774
3221	0.00020229705
3222	0.00020593725
3223	0.00021083534
3224	0.00020375072
3225	0.0001975057
3226	0.00018313038
3227	0.00017121179
3228	0.00015807006
3229	0.0001458609
3230	0.00014133172
3231	0.00013809406
3232	0.00014760311
3233	0.00015576312
3234	0.00016444132
3235	0.00017846334
3236	0.00019518752
3237	0.00021144093
3238	0.00021364133
3239	0.00020780809
3240	0.00019868288
3241	0.00019294968
3242	0.00019383857
3243	0.0001884893
3244	0.00018016929
3245	0.00017362072
3246	0.00017658174
3247	0.00018384093
3248	0.00019538408
3249	0.0002061392
3250	0.00020451491
3251	0.00020365368
3252	0.00020512547
3253	0.00020578501
3254	0.00019492864
3255	0.00018751199
3256	0.00018029157
3257	0.00017588292
3258	0.0001711897
3259	0.00017548705
3260	0.00018764694
3261	0.00019718235
3262	0.0002033944
3263	0.00020544948
3264	0.00020340783
3265	0.00020074348
3266	0.00019232718
3267	0.00018069748
3268	0.00016838063
3269	0.00015435198
3270	0.00014365924
3271	0.00013937737
3272	0.00013915435
3273	0.00014864717
3274	0.00015563505
3275	0.0001661642
3276	0.00018098998
3277	0.00019872516
3278	0.00021286968
3279	0.00021188691
3280	0.00020478244
3281	0.00019646622
3282	0.00019368202
3283	0.00019256891
3284	0.00018782243
3285	0.00017396989
3286	0.0001738145
3287	0.00017918919
3288	0.00019232437
3289	0.00019984418
3290	0.00020735435
3291	0.00020482736
3292	0.00020360134
3293	0.0002050664
3294	0.00020156766
3295	0.00019059337
3296	0.00018034652
3297	0.00017890171
3298	0.00017277551
3299	0.00017216469
3300	0.00017839867
3301	0.00018991524
3302	0.0001994819
3303	0.00020504515
3304	0.00020575204
3305	0.00020191538
3306	0.00019982761
3307	0.00019029656
3308	0.00017897794
3309	0.00016666114
3310	0.00015133102
3311	0.00014289177
3312	0.00013917591
3313	0.00014007119
3314	0.00015157265
3315	0.00015741369
3316	0.00016986845
3317	0.00018441717
3318	0.00020245005
3319	0.00021727032
3320	0.00021226481
3321	0.0002046942
3322	0.00020097908
3323	0.00019942697
3324	0.00019286377
3325	0.00018638136
3326	0.00017344918
3327	0.00017386344
3328	0.00018162588
3329	0.00019109093
3330	0.00020246373
3331	0.00020765891
3332	0.00020499699
3333	0.0002045412
3334	0.00020626942
3335	0.00019939504
3336	0.00018707312
3337	0.00017839437
3338	0.00017810276
3339	0.0001727822
3340	0.00017364319
3341	0.00018080158
3342	0.00019312329
3343	0.00020151836
3344	0.00020551179
3345	0.00020548913
3346	0.00020212447
3347	0.00020126508
3348	0.00018795251
3349	0.00017654299
3350	0.0001641567
3351	0.00015026104
3352	0.00014402451
3353	0.00013945072
3354	0.00014481685
3355	0.00015379638
3356	0.00016047976
3357	0.00017824979
3358	0.00019140743
3359	0.00020821253
3360	0.00021615735
3361	0.0002115506
3362	0.00020365382
3363	0.00019517883
3364	0.0001975895
3365	0.00019160662
3366	0.00018446652
3367	0.00017453657
3368	0.0001762136
3369	0.00018454041
3370	0.0001958317
3371	0.00020555192
3372	0.00020737742
3373	0.00020531475
3374	0.0002060323
3375	0.00020765827
3376	0.00019760781
3377	0.00018580147
3378	0.00018027728
3379	0.00017820777
3380	0.00017311487
3381	0.00017668553
3382	0.00018706718
3383	0.00019734854
3384	0.0002046614
3385	0.00020734045
3386	0.00020652747
3387	0.00020398135
3388	0.00019960315
3389	0.00018722881
3390	0.000175892
3391	0.00016167532
3392	0.00014899972
3393	0.00014937545
3394	0.00014291224
3395	0.0001501996
3396	0.00015632061
3397	0.00016480369
3398	0.00017931147
3399	0.00019612623
3400	0.00021216302
3401	0.00021744432
3402	0.00021217355
3403	0.0002042225
3404	0.00019659705
3405	0.00019736991
3406	0.0001911833
3407	0.00018085635
3408	0.00017624958
3409	0.00017928226
3410	0.00018791257
3411	0.00019788761
3412	0.00020852189
3413	0.00020916829
3414	0.00020727375
3415	0.00020860721
3416	0.00020736316
3417	0.00019698351
3418	0.00018560886
3419	0.00018154459
3420	0.00017750289
3421	0.00017280552
3422	0.00017865594
3423	0.00019059695
3424	0.00020177145
3425	0.0002076125
3426	0.0002084141
3427	0.00020607314
3428	0.00020484092
3429	0.00019917362
3430	0.00019187468
3431	0.00017575392
3432	0.00015961989
3433	0.00014865155
3434	0.0001443943
3435	0.00014283473
3436	0.00015260446
3437	0.00015878874
3438	0.00016895132
3439	0.00018395425
3440	0.00020089841
3441	0.00021688157
3442	0.000217263
3443	0.00021194264
3444	0.00020392562
3445	0.00019959989
3446	0.00019695971
3447	0.00019031459
3448	0.0001789434
3449	0.00017845892
3450	0.00018351289
3451	0.00019139686
3452	0.00020155679
3453	0.00021229841
3454	0.00021033817
3455	0.00020885108
3456	0.0002103971
3457	0.00020734136
3458	0.00019598903
3459	0.0001854193
3460	0.00018428373
3461	0.00017745721
3462	0.00017527061
3463	0.00018277029
3464	0.00019626888
3465	0.00020537546
3466	0.00020971602
3467	0.00021023235
3468	0.00021330269
3469	0.0002088604
3470	0.00019849935
3471	0.00018676562
3472	0.00017312774
3473	0.00015824739
3474	0.00014989532
3475	0.00014556464
3476	0.00014712118
3477	0.00015566862
3478	0.00016186007
3479	0.00017269196
3480	0.00018866295
3481	0.00020501013
3482	0.00021917981
3483	0.00021823305
3484	0.0002124565
3485	0.00020460173
3486	0.00020297943
3487	0.0001977368
3488	0.00019264444
3489	0.00017989955
3490	0.00018099673
3491	0.0001878811
3492	0.00019717002
3493	0.00020681104
3494	0.00021462861
3495	0.00021271454
3496	0.00021205429
3497	0.00021254085
3498	0.00020574067
3499	0.00019465829
3500	0.00018571231
3501	0.00018474027
3502	0.00017800375
3503	0.00017870286
3504	0.0001874121
3505	0.00020043126
3506	0.00020864359
3507	0.00021628875
3508	0.00021115048
3509	0.00020908701
3510	0.00020795017
3511	0.00019677744
3512	0.00018473346
3513	0.00017170395
3514	0.00015724643
3515	0.0001503326
3516	0.00014565811
3517	0.0001478221
3518	0.00015751873
3519	0.00016368505
3520	0.00017687403
3521	0.0001929989
3522	0.00020897539
3523	0.00022262235
3524	0.0002200319
3525	0.00021301939
3526	0.00020353638
3527	0.00020315672
3528	0.0001959873
3529	0.00019013052
3530	0.00018065164
3531	0.0001822913
3532	0.00019052823
3533	0.00019870065
3534	0.00020926199
3535	0.00021474669
3536	0.00021264288
3537	0.00021306347
3538	0.00021233944
3539	0.00020502778
3540	0.00019362201
3541	0.00018706424
3542	0.00018423646
3543	0.00017800433
3544	0.00018164537
3545	0.00019086564
3546	0.00020293458
3547	0.0002148105
3548	0.00021230111
3549	0.00021144457
3550	0.00020883054
3551	0.00020735922
3552	0.0001947921
3553	0.00018178715
3554	0.00016804998
3555	0.00015625472
3556	0.00015115487
3557	0.00014666685
3558	0.00015095108
3559	0.00015928245
3560	0.00016730071
3561	0.00018157473
3562	0.00019695901
3563	0.00021386777
3564	0.00022367274
3565	0.00022055366
3566	0.00021252157
3567	0.00020261547
3568	0.00020254046
3569	0.000195694
3570	0.00018902316
3571	0.0001826112
3572	0.00018525979
3573	0.00019274018
3574	0.0002013547
3575	0.00021383095
3576	0.00021654047
3577	0.00021395628
3578	0.00021344348
3579	0.00021307221
3580	0.00020396796
3581	0.00019252706
3582	0.00018715011
3583	0.00018269375
3584	0.00017799411
3585	0.00018385607
3586	0.00019578116
3587	0.00020633895
3588	0.00021619644
3589	0.00021215868
3590	0.00021179409
3591	0.00021039714
3592	0.00020554889
3593	0.00019305226
3594	0.00017969493
3595	0.00016599729
3596	0.00015518078
3597	0.00015071605
3598	0.0001481479
3599	0.00015469105
3600	0.00016125979
3601	0.00017063068
3602	0.00018628892
3603	0.00020173382
3604	0.00021671236
3605	0.00022217617
3606	0.00021786984
3607	0.00020929585
3608	0.00020069497
3609	0.00019913744
3610	0.00019511446
3611	0.00018621545
3612	0.00018334136
3613	0.00018722183
3614	0.00019399517
3615	0.00020374002
3616	0.00021491492
3617	0.00021554882
3618	0.00021442957
3619	0.00021400858
3620	0.00021301315
3621	0.00020246287
3622	0.00019200862
3623	0.00018655928
3624	0.0001809043
3625	0.00017822566
3626	0.00018573471
3627	0.00019813977
3628	0.00020679865
3629	0.00021050862
3630	0.0002123585
3631	0.00021804991
3632	0.00021204149
3633	0.00020471551
3634	0.00019135722
3635	0.00017715624
3636	0.0001636004
3637	0.00015461313
3638	0.00015104153
3639	0.00014755588
3640	0.00015590734
3641	0.00016343532
3642	0.00017550906
3643	0.00019041125
3644	0.0002054104
3645	0.00022145727
3646	0.00022376357
3647	0.00021839718
3648	0.000208485
3649	0.00020168613
3650	0.00019823234
3651	0.00019400911
3652	0.00018326395
3653	0.00018338671
3654	0.0001882624
3655	0.00019413904
3656	0.00020554036
3657	0.00021711172
3658	0.00021530529
3659	0.00021358536
3660	0.00021377044
3661	0.0002114828
3662	0.00020108527
3663	0.00019071291
3664	0.00018761691
3665	0.00018020567
3666	0.00018058304
3667	0.00018863196
3668	0.00020136358
3669	0.00020907565
3670	0.00021105825
3671	0.00021307142
3672	0.00021248038
3673	0.0002121516
3674	0.00020210452
3675	0.00019466588
3676	0.00017762303
3677	0.00016354305
3678	0.00015516549
3679	0.00014966767
3680	0.00014915597
3681	0.00015917392
3682	0.00016605695
3683	0.00017872894
3684	0.00019295776
3685	0.00020830233
3686	0.00022362071
3687	0.00022275245
3688	0.00021613018
3689	0.00020558695
3690	0.00020261523
3691	0.000198394
3692	0.00019652947
3693	0.00018507511
3694	0.00018601971
3695	0.0001910325
3696	0.00019861821
3697	0.00021009458
3698	0.00021752944
3699	0.00021519651
3700	0.00021260222
3701	0.00021346478
3702	0.00020835694
3703	0.00019794643
3704	0.0001885281
3705	0.0001853627
3706	0.00018021978
3707	0.00018322393
3708	0.00019218942
3709	0.00020324196
3710	0.0002083042
3711	0.00021112475
3712	0.00021347264
3713	0.00021246156
3714	0.00021233456
3715	0.00020037805
3716	0.00018636708
3717	0.00017428142
3718	0.00016232581
3719	0.00015580136
3720	0.00014938721
3721	0.00015672026
3722	0.00016282762
3723	0.00017007928
3724	0.00018283383
3725	0.00019607492
3726	0.00021240398
3727	0.000225993
3728	0.00022300346
3729	0.00021483894
3730	0.00020372425
3731	0.00020289223
3732	0.00019777534
3733	0.00019367968
3734	0.00018399799
3735	0.0001852009
3736	0.00019106631
3737	0.00020055567
3738	0.00021338279
3739	0.00022007086
3740	0.00021727559
3741	0.00021546303
3742	0.00021567499
3743	0.00020895329
3744	0.00019720073
3745	0.00018811965
3746	0.00018447717
3747	0.00018116923
3748	0.00018563035
3749	0.00019470657
3750	0.00020425628
3751	0.00020850933
3752	0.00021203271
3753	0.00021445109
3754	0.00021399674
3755	0.00021224741
3756	0.0001970267
3757	0.00018341405
3758	0.00017115184
3759	0.00016086326
3760	0.00015618013
3761	0.00014910502
3762	0.00015513031
3763	0.00016447245
3764	0.00017449361
3765	0.00018778814
3766	0.0002011649
3767	0.00021898887
3768	0.00023404762
3769	0.00022605539
3770	0.00021514309
3771	0.00020297893
3772	0.00020297825
3773	0.00019806859
3774	0.00019256326
3775	0.00018519195
3776	0.00018690238
3777	0.00019314251
3778	0.00020358521
3779	0.00021623334
3780	0.00021848914
3781	0.00021492953
3782	0.00021442922
3783	0.00021498005
3784	0.00020650912
3785	0.00019475369
3786	0.0001882861
3787	0.00018512417
3788	0.00018330138
3789	0.00019007111
3790	0.00020013103
3791	0.00020715629
3792	0.0002108644
3793	0.00021394529
3794	0.00021462423
3795	0.00021385389
3796	0.00020823586
3797	0.00019373261
3798	0.00018131937
3799	0.00016836539
3800	0.00015893721
3801	0.00015405922
3802	0.00015000782
3803	0.00015820499
3804	0.00016538603
3805	0.00017663159
3806	0.0001898538
3807	0.00020483792
3808	0.00022143111
3809	0.00022720011
3810	0.00022276807
3811	0.000212086
3812	0.00020331396
3813	0.00020364111
3814	0.0001999231
3815	0.00019188485
3816	0.00018864681
3817	0.00019674664
3818	0.00019918299
3819	0.00020934789
3820	0.00022080607
3821	0.00022001098
3822	0.00021612997
3823	0.00021587266
3824	0.00021463161
3825	0.00020521736
3826	0.00019401888
3827	0.00018841676
3828	0.00018364903
3829	0.00018236361
3830	0.00019121936
3831	0.00020197884
3832	0.00020758204
3833	0.00021221225
3834	0.00021573991
3835	0.00021643908
3836	0.00021603758
3837	0.00020772468
3838	0.00019482432
3839	0.000181788
3840	0.00016847672
3841	0.00015986688
3842	0.00015337811
3843	0.00015039786
3844	0.00015972167
3845	0.00016805851
3846	0.00017978016
3847	0.00019302176
3848	0.00020998743
3849	0.00022669723
3850	0.00022742139
3851	0.00022000812
3852	0.00020831632
3853	0.00020290891
3854	0.00020060574
3855	0.00019714545
3856	0.00018666438
3857	0.0001872916
3858	0.00019214271
3859	0.00020069381
3860	0.00021340314
3861	0.00022471624
3862	0.0002210361
3863	0.00021773533
3864	0.00021833124
3865	0.00021539791
3866	0.00020486179
3867	0.00019321483
3868	0.00019709844
3869	0.00018711425
3870	0.00018781149
3871	0.00019522873
3872	0.00020521948
3873	0.00021034874
3874	0.00021325199
3875	0.00021506541
3876	0.00021469673
3877	0.00021461451
3878	0.00020287686
3879	0.00019043961
3880	0.00017877133
3881	0.00016617449
3882	0.00015884133
3883	0.00015289892
3884	0.00015426165
3885	0.00016450914
3886	0.00017114447
3887	0.00018377039
3888	0.00019740348
3889	0.00021527076
3890	0.0002298065
3891	0.00022766438
3892	0.00021790688
3893	0.00020457543
3894	0.00020408529
3895	0.00019974922
3896	0.00019802805
3897	0.00018811179
3898	0.00018808878
3899	0.00019330488
3900	0.00020220236
3901	0.00021454294
3902	0.00022117714
3903	0.00021761967
3904	0.00021587263
3905	0.00021771513
3906	0.00021293322
3907	0.00020186284
3908	0.00019268047
3909	0.00019132891
3910	0.00018799156
3911	0.00019153926
3912	0.00019896962
3913	0.00020643233
3914	0.0002117141
3915	0.00021606373
3916	0.00021830944
3917	0.00021752636
3918	0.00021645674
3919	0.0002010982
3920	0.00018817507
3921	0.00018165455
3922	0.00016594552
3923	0.00015731808
3924	0.00015083246
3925	0.00015418248
3926	0.00016497867
3927	0.00017404897
3928	0.00018756807
3929	0.00020413777
3930	0.00022253228
3931	0.00023252977
3932	0.00022714241
3933	0.00021531711
3934	0.00020249756
3935	0.00020461163
3936	0.00020010819
3937	0.0001975318
3938	0.0001882109
3939	0.00018778712
3940	0.00019503946
3941	0.00020509142
3942	0.00021751908
3943	0.00022010206
3944	0.0002155633
3945	0.00021523655
3946	0.00021619248
3947	0.0002092329
3948	0.00019721681
3949	0.00019004933
3950	0.00018823888
3951	0.00018535944
3952	0.00019263917
3953	0.00020207462
3954	0.00020864399
3955	0.00021401936
3956	0.0002181144
3957	0.00021935318
3958	0.00021760484
3959	0.00021197332
3960	0.00019780734
3961	0.00018554244
3962	0.00017330698
3963	0.00016255524
3964	0.00015638969
3965	0.0001518829
3966	0.00015899326
3967	0.0001679188
3968	0.00017793212
3969	0.00019059718
3970	0.00020699045
3971	0.00022524176
3972	0.00023169539
3973	0.00022535564
3974	0.00021299662
3975	0.00020508007
3976	0.00021235357
3977	0.00020345968
3978	0.00019710204
3979	0.00018988887
3980	0.00019149148
3981	0.00019884622
3982	0.00020898273
3983	0.00022211056
3984	0.00022048241
3985	0.00021713059
3986	0.00021713076
3987	0.00021776816
3988	0.00020802547
3989	0.00019510011
3990	0.00019075157
3991	0.00018870569
3992	0.0001876702
3993	0.0001930819
3994	0.00020181582
3995	0.00020798469
3996	0.00021369256
3997	0.00021797451
3998	0.00021897753
3999	0.00021857071
4000	0.00020921446
4001	0.00019613003
4002	0.0001841787
4003	0.00017121418
4004	0.00016100944
4005	0.00015454667
4006	0.00015159774
4007	0.00016136646
4008	0.00016972747
4009	0.0001812001
4010	0.00019545059
4011	0.00021306564
4012	0.00022784539
4013	0.00022837088
4014	0.00022001104
4015	0.00020711196
4016	0.00020256119
4017	0.00020185714
4018	0.00019938895
4019	0.00019223348
4020	0.00019018244
4021	0.00019460917
4022	0.00020228675
4023	0.00021478824
4024	0.00022537462
4025	0.00022174713
4026	0.00021902291
4027	0.000220216
4028	0.00021879864
4029	0.00020788505
4030	0.00019515277
4031	0.00019323474
4032	0.00018864836
4033	0.0001895785
4034	0.00020192821
4035	0.0002063299
4036	0.00021193454
4037	0.00021706278
4038	0.00021972869
4039	0.00021941846
4040	0.00021767681
4041	0.00020611613
4042	0.00019423247
4043	0.00018282746
4044	0.00017012804
4045	0.0001606167
4046	0.0001556307
4047	0.00015479771
4048	0.0001646329
4049	0.00017122178
4050	0.00018382531
4051	0.0001984935
4052	0.00021656017
4053	0.00023217859
4054	0.00022960731
4055	0.0002185364
4056	0.00020584705
4057	0.00020566981
4058	0.00020136437
4059	0.00019899751
4060	0.00018863305
4061	0.00018860045
4062	0.00019579928
4063	0.00020458285
4064	0.000217548
4065	0.00022401405
4066	0.00021929308
4067	0.00021796432
4068	0.00021987613
4069	0.00021480996
4070	0.0002025091
4071	0.00019317005
4072	0.00019344486
4073	0.00018928314
4074	0.00019177466
4075	0.00019723169
4076	0.00020549766
4077	0.00021281977
4078	0.00021790718
4079	0.00021995849
4080	0.00021906555
4081	0.0002169951
4082	0.00020317532
4083	0.00019063264
4084	0.00017939212
4085	0.0001674195
4086	0.00016019182
4087	0.00015424647
4088	0.00015824417
4089	0.00016901909
4090	0.00017695387
4091	0.00018885843
4092	0.00020384694
4093	0.0002217473
4094	0.00023194902
4095	0.00023185232
4096	0.0002151139
4097	0.00020345323
4098	0.0002054929
4099	0.00020097033
4100	0.00019899138
4101	0.00018876746
4102	0.00018841797
4103	0.00019522965
4104	0.00020613763
4105	0.00021985043
4106	0.00022221826
4107	0.00021891305
4108	0.00021867331
4109	0.000220292
4110	0.00021138039
4111	0.00019832055
4112	0.00019222562
4113	0.00019172232
4114	0.00018773576
4115	0.00019129032
4116	0.00019745427
4117	0.00020560959
4118	0.00021219012
4119	0.00021583392
4120	0.00021750969
4121	0.00021632535
4122	0.00021026061
4123	0.00019688434
4124	0.00018488989
4125	0.00017314856
4126	0.00016057967
4127	0.00015393597
4128	0.00015106795
4129	0.00015976995
4130	0.00016789027
4131	0.00017574317
4132	0.00019037783
4133	0.0002083331
4134	0.00022510468
4135	0.00022967002
4136	0.00022140128
4137	0.00020949726
4138	0.00020091747
4139	0.00020273266
4140	0.00019954445
4141	0.00019463453
4142	0.00018569927
4143	0.00018791949
4144	0.00019732128
4145	0.00020847151
4146	0.00022023507
4147	0.00021936164
4148	0.00021615282
4149	0.00021723862
4150	0.00021774383
4151	0.00020808739
4152	0.00019580973
4153	0.00019217576
4154	0.00019064155
4155	0.00018821208
4156	0.00019233535
4157	0.00019938686
4158	0.00021294628
4159	0.00021501165
4160	0.00021831463
4161	0.00021884957
4162	0.00021603132
4163	0.0002072154
4164	0.00019389229
4165	0.00018229956
4166	0.00016904513
4167	0.00015884629
4168	0.00015454349
4169	0.00015190081
4170	0.00016217584
4171	0.00016953971
4172	0.00017901826
4173	0.00019270019
4174	0.0002102753
4175	0.00022700629
4176	0.00022696265
4177	0.00021661615
4178	0.00020526019
4179	0.00020157194
4180	0.00020115222
4181	0.00019805318
4182	0.00019019794
4183	0.00018624865
4184	0.00019119745
4185	0.00019827205
4186	0.0002106285
4187	0.00022055596
4188	0.00021745258
4189	0.00021510791
4190	0.00021653726
4191	0.00021604283
4192	0.00020362151
4193	0.00019274266
4194	0.00019255394
4195	0.00018912501
4196	0.00018831679
4197	0.00019282889
4198	0.00020110814
4199	0.00020874349
4200	0.00021389013
4201	0.00021612818
4202	0.00021552547
4203	0.00021401353
4204	0.00020395652
4205	0.00019231102
4206	0.00018000451
4207	0.00016676611
4208	0.00015768269
4209	0.00015275919
4210	0.00015310667
4211	0.00016412852
4212	0.00017094644
4213	0.00018305925
4214	0.00019816299
4215	0.00021606983
4216	0.00023027187
4217	0.00022606712
4218	0.00021477278
4219	0.00020539454
4220	0.00020509451
4221	0.00020179528
4222	0.00020065925
4223	0.00018892455
4224	0.00018832402
4225	0.00019966327
4226	0.00020473423
4227	0.00021538183
4228	0.00022111318
4229	0.00021708406
4230	0.00021615672
4231	0.00021802095
4232	0.00021251727
4233	0.00020123312
4234	0.00019264011
4235	0.0001928175
4236	0.00018812225
4237	0.00018849274
4238	0.00019326785
4239	0.00020229175
4240	0.00020992873
4241	0.00021544538
4242	0.00021829845
4243	0.00021571218
4244	0.00021284458
4245	0.00020019303
4246	0.00018804761
4247	0.00017699439
4248	0.00016268977
4249	0.00015634034
4250	0.0001512968
4251	0.00015367208
4252	0.00016305887
4253	0.00016922342
4254	0.00018380063
4255	0.00019985694
4256	0.00021812014
4257	0.00022803888
4258	0.00022161237
4259	0.00021085123
4260	0.00020082185
4261	0.00020381628
4262	0.00020015902
4263	0.00019748876
4264	0.00018530146
4265	0.0001871341
4266	0.00019566186
4267	0.00020489266
4268	0.00021531849
4269	0.0002185713
4270	0.0002152432
4271	0.00021512246
4272	0.00021639322
4273	0.00020906188
4274	0.00019753423
4275	0.00019153946
4276	0.0001898717
4277	0.00018578298
4278	0.00018803667
4279	0.00019367216
4280	0.00020317027
4281	0.00021081909
4282	0.00021560146
4283	0.00021665415
4284	0.00021331669
4285	0.00021045573
4286	0.00019719807
4287	0.00018667095
4288	0.00017477928
4289	0.0001624139
4290	0.00015583873
4291	0.0001517246
4292	0.00015887231
4293	0.00016694316
4294	0.00017428775
4295	0.0001928642
4296	0.00020638802
4297	0.00022334229
4298	0.00022727091
4299	0.00021908535
4300	0.0002092888
4301	0.00020277157
4302	0.00020423436
4303	0.00020020735
4304	0.00019420988
4305	0.00018541058
4306	0.00018781632
4307	0.00019597599
4308	0.00020694604
4309	0.00021653358
4310	0.0002172557
4311	0.00021512279
4312	0.00021672131
4313	0.000216942
4314	0.00020500735
4315	0.00019317983
4316	0.00019018545
4317	0.00018924976
4318	0.00018493604
4319	0.00018859669
4320	0.00019704437
4321	0.00020525932
4322	0.00021180415
4323	0.00021501254
4324	0.00021702803
4325	0.00021446533
4326	0.00020753863
4327	0.00019556758
4328	0.00018429588
4329	0.00016893994
4330	0.00015568929
4331	0.00015038901
4332	0.00014866177
4333	0.00015868682
4334	0.00016468466
4335	0.00017465256
4336	0.00019106845
4337	0.00020879167
4338	0.00022535582
4339	0.00022621175
4340	0.00021743876
4341	0.00020748394
4342	0.00020236039
4343	0.00020322245
4344	0.00019952464
4345	0.00018921823
4346	0.00018436879
4347	0.00018916625
4348	0.0001979575
4349	0.00020820972
4350	0.00021989242
4351	0.00021796234
4352	0.00021584129
4353	0.00021638272
4354	0.0002147677
4355	0.00020410714
4356	0.0001936345
4357	0.00019210326
4358	0.00018729565
4359	0.00018443642
4360	0.00018860952
4361	0.00019899796
4362	0.00020851892
4363	0.00021511862
4364	0.00021872144
4365	0.0002164546
4366	0.00021486032
4367	0.00020590504
4368	0.0001941007
4369	0.00018807463
4370	0.0001682662
4371	0.00015730048
4372	0.00015145507
4373	0.00015104872
4374	0.00016094966
4375	0.00016665501
4376	0.00017911404
4377	0.0001951931
4378	0.00021445106
4379	0.00022877429
4380	0.0002242519
4381	0.00021419494
4382	0.00020560002
4383	0.00020485309
4384	0.0002020571
4385	0.00019862799
4386	0.00018560948
4387	0.00018638262
4388	0.0001922291
4389	0.00020084377
4390	0.00021158584
4391	0.00021985032
4392	0.00021656056
4393	0.00021479543
4394	0.00021722187
4395	0.0002126778
4396	0.00020036703
4397	0.00019060864
4398	0.00019030009
4399	0.00018482291
4400	0.00018440854
4401	0.00019036271
4402	0.00020185878
4403	0.00020956589
4404	0.0002148309
4405	0.00021723276
4406	0.00021541292
4407	0.00021385245
4408	0.00020264354
4409	0.00018963588
4410	0.00017676541
4411	0.00016289691
4412	0.00015484495
4413	0.00015119966
4414	0.00015337608
4415	0.00016274514
4416	0.00016925863
4417	0.00018349257
4418	0.00020073158
4419	0.00021769354
4420	0.00022830486
4421	0.00022183372
4422	0.0002133718
4423	0.00020405715
4424	0.00020536089
4425	0.00020184733
4426	0.00019831091
4427	0.00018745593
4428	0.00018788943
4429	0.00019599472
4430	0.00020456805
4431	0.00021356246
4432	0.00021893117
4433	0.00021692958
4434	0.00021748591
4435	0.00021812374
4436	0.00020981752
4437	0.00019925656
4438	0.00019346009
4439	0.00019334908
4440	0.00018715267
4441	0.00018719362
4442	0.00019458152
4443	0.00020566156
4444	0.00021314266
4445	0.00021662948
4446	0.0002169587
4447	0.00021940415
4448	0.0002145367
4449	0.00020130696
4450	0.00018900015
4451	0.00017388596
4452	0.00016031294
4453	0.00015479671
4454	0.0001500114
4455	0.00015485281
4456	0.00016236318
4457	0.00017117609
4458	0.00018692872
4459	0.00020382066
4460	0.00022153237
4461	0.00022668223
4462	0.00022006012
4463	0.00021147451
4464	0.00020418205
4465	0.00020691572
4466	0.00020182358
4467	0.00019655399
4468	0.00018766259
4469	0.0001892433
4470	0.00019715959
4471	0.00020472054
4472	0.0002146928
4473	0.00021636143
4474	0.00021489685
4475	0.0002154368
4476	0.00021591339
4477	0.00020714637
4478	0.00019571616
4479	0.00019132169
4480	0.00018853855
4481	0.00018299886
4482	0.000184682
4483	0.00019473262
4484	0.00020552916
4485	0.00021260655
4486	0.00021670629
4487	0.00021513519
4488	0.00021399005
4489	0.00020973193
4490	0.0001977159
4491	0.00018573863
4492	0.00017131201
4493	0.00015874626
4494	0.00015293636
4495	0.0001504515
4496	0.00015835702
4497	0.00016473901
4498	0.00017542177
4499	0.0001913956
4500	0.00020878704
4501	0.00022349143
4502	0.00022377009
4503	0.00021627221
4504	0.00020720128
4505	0.00020135605
4506	0.00020297445
4507	0.00019881007
4508	0.0001908289
4509	0.00018656368
4510	0.00019088804
4511	0.00020003003
4512	0.00020904257
4513	0.00021918536
4514	0.00021898666
4515	0.00021775397
4516	0.0002188878
4517	0.00021651019
4518	0.00020617483
4519	0.0001956784
4520	0.00019211928
4521	0.00018824356
4522	0.0001829253
4523	0.00018820829
4524	0.0001998993
4525	0.00020895933
4526	0.00021500822
4527	0.00021738035
4528	0.00022138349
4529	0.00021552444
4530	0.00020710063
4531	0.00019440719
4532	0.00017980218
4533	0.00016499366
4534	0.00015532126
4535	0.00015153195
4536	0.00015073683
4537	0.00016001875
4538	0.00016752154
4539	0.0001809618
4540	0.00019612124
4541	0.0002130445
4542	0.00022683225
4543	0.00022373687
4544	0.00021642929
4545	0.00020695462
4546	0.00020424306
4547	0.00020242943
4548	0.00019712752
4549	0.0001861132
4550	0.0001848202
4551	0.00019051671
4552	0.00019718905
4553	0.00020708059
4554	0.00021712657
4555	0.00021474875
4556	0.00021353743
4557	0.0002143637
4558	0.00021225349
4559	0.00020208621
4560	0.00019316262
4561	0.00019331063
4562	0.00018614534
4563	0.00018308294
4564	0.00018896006
4565	0.00020075274
4566	0.00020895505
4567	0.00021495773
4568	0.00021732472
4569	0.00021527013
4570	0.00021421343
4571	0.00020410896
4572	0.00019195753
4573	0.00017752407
4574	0.00016281952
4575	0.00015471177
4576	0.00015036169
4577	0.00015181275
4578	0.00015987148
4579	0.00016633475
4580	0.0001811768
4581	0.00019730096
4582	0.00021408839
4583	0.00022583758
4584	0.00022333838
4585	0.00021569109
4586	0.00020603973
4587	0.00020627189
4588	0.00020100692
4589	0.00019701028
4590	0.00018549104
4591	0.00018751995
4592	0.00019547483
4593	0.00020236566
4594	0.0002117426
4595	0.0002187782
4596	0.00021719428
4597	0.00021506971
4598	0.00021460903
4599	0.00020944429
4600	0.00019996586
4601	0.00019198752
4602	0.00018980149
4603	0.0001826887
4604	0.00018364472
4605	0.00019256653
4606	0.00020334303
4607	0.00021212472
4608	0.00021742732
4609	0.00021703767
4610	0.00021478785
4611	0.0002138693
4612	0.00020678365
4613	0.00018772276
4614	0.00017348411
4615	0.00016112474
4616	0.00015471298
4617	0.00014997945
4618	0.00015203119
4619	0.00016151404
4620	0.00016987153
4621	0.00018507757
4622	0.00020073451
4623	0.0002169624
4624	0.00022470299
4625	0.00021957483
4626	0.00021065399
4627	0.0002015247
4628	0.00020399596
4629	0.00019793289
4630	0.00019427345
4631	0.00018473775
4632	0.00018670929
4633	0.00019435028
4634	0.00020178284
4635	0.0002133784
4636	0.00021750165
4637	0.0002149545
4638	0.00021491214
4639	0.00021441624
4640	0.0002064167
4641	0.00019530173
4642	0.00018956211
4643	0.00018694734
4644	0.00017940387
4645	0.00018345137
4646	0.00019259883
4647	0.00020331861
4648	0.0002101152
4649	0.00021356392
4650	0.00021430431
4651	0.00021351465
4652	0.00021042588
4653	0.00019675224
4654	0.00018265155
4655	0.00016801882
4656	0.00015631411
4657	0.00015209852
4658	0.00014888669
4659	0.00015479713
4660	0.00016124792
4661	0.00017201355
4662	0.00018824576
4663	0.00020388233
4664	0.00021773129
4665	0.00022211669
4666	0.00021790752
4667	0.00020863553
4668	0.00020175377
4669	0.0002025178
4670	0.00019679839
4671	0.00019141173
4672	0.00018524373
4673	0.00019038969
4674	0.00019656542
4675	0.00020420605
4676	0.00021393437
4677	0.0002153466
4678	0.00021406856
4679	0.00021310092
4680	0.00021304724
4681	0.00020471708
4682	0.00019526915
4683	0.00018996879
4684	0.00018412926
4685	0.00017968949
4686	0.00018602969
4687	0.00019753697
4688	0.00020695835
4689	0.00021416
4690	0.00021655438
4691	0.00021584094
4692	0.00021459363
4693	0.00020888912
4694	0.00019597715
4695	0.00018049883
4696	0.00016608744
4697	0.00015655366
4698	0.00015220601
4699	0.00014945864
4700	0.00016295764
4701	0.0001676083
4702	0.00017920523
4703	0.00019329989
4704	0.00020812957
4705	0.00022094397
4706	0.0002227261
4707	0.00021548959
4708	0.00020648975
4709	0.00020229197
4710	0.00020020894
4711	0.00019559889
4712	0.00018702782
4713	0.00018582459
4714	0.00019081027
4715	0.00019689815
4716	0.00020737398
4717	0.00021874254
4718	0.00021668738
4719	0.00021332248
4720	0.00021307047
4721	0.00021100682
4722	0.00020206587
4723	0.00019172918
4724	0.00018982194
4725	0.00018221884
4726	0.00017925996
4727	0.0001869886
4728	0.00019934507
4729	0.00020829779
4730	0.00021186872
4731	0.00021334113
4732	0.00021322451
4733	0.00021311505
4734	0.00020495414
4735	0.00019065051
4736	0.00017711226
4737	0.00016339835
4738	0.0001542488
4739	0.00014928079
4740	0.00014847084
4741	0.00015923686
4742	0.00016560381
4743	0.00018019911
4744	0.00019522842
4745	0.00020996926
4746	0.00022162891
4747	0.00021935905
4748	0.00021291283
4749	0.00020376258
4750	0.00020312093
4751	0.00019828431
4752	0.00019604871
4753	0.00018495704
4754	0.00018599454
4755	0.00019126952
4756	0.00019855837
4757	0.00021011475
4758	0.00021781437
4759	0.00021535308
4760	0.00021376607
4761	0.00021315053
4762	0.00020862506
4763	0.00019868644
4764	0.0001907665
4765	0.00018824365
4766	0.000180663
4767	0.00018238671
4768	0.0001911858
4769	0.00020254055
4770	0.00020968547
4771	0.00021324609
4772	0.00021514594
4773	0.00021362184
4774	0.00021386036
4775	0.00020115473
4776	0.00018756669
4777	0.00017371104
4778	0.00016091633
4779	0.00015467085
4780	0.00014940475
4781	0.00015013002
4782	0.00015989352
4783	0.00016956136
4784	0.00018467745
4785	0.00019893621
4786	0.00021290179
4787	0.0002239087
4788	0.00022108349
4789	0.00021131993
4790	0.00020271454
4791	0.00020387146
4792	0.00020418559
4793	0.00019802528
4794	0.00018718499
4795	0.00018877144
4796	0.0001929469
4797	0.00019924204
4798	0.0002103402
4799	0.0002164605
4800	0.00021340029
4801	0.00021048762
4802	0.00021229677
4803	0.00020670374
4804	0.00019685006
4805	0.00018880651
4806	0.00018461035
4807	0.00017980297
4808	0.00018376662
4809	0.00019324138
4810	0.00020403135
4811	0.00021101587
4812	0.00021284568
4813	0.00021320713
4814	0.00021260885
4815	0.00021214413
4816	0.00019692422
4817	0.00018170679
4818	0.00016891874
4819	0.00015794778
4820	0.00015225637
4821	0.00014625577
4822	0.00015037719
4823	0.00015968181
4824	0.00016981095
4825	0.00018436759
4826	0.00019938725
4827	0.00021529205
4828	0.00022197931
4829	0.00021642515
4830	0.00020839379
4831	0.00020067217
4832	0.00020002587
4833	0.00019418337
4834	0.00019151897
4835	0.00018443993
4836	0.00018421463
4837	0.00019002462
4838	0.00019958587
4839	0.00021247534
4840	0.00021385975
4841	0.00021035576
4842	0.00021043367
4843	0.00021194706
4844	0.00020442666
4845	0.00019305206
4846	0.00018717623
4847	0.00018084345
4848	0.00017654954
4849	0.00018306493
4850	0.00019393969
4851	0.00020421927
4852	0.00020937572
4853	0.0002123264
4854	0.00021252263
4855	0.00021137003
4856	0.00020577864
4857	0.00019127822
4858	0.00017863092
4859	0.00016452201
4860	0.00015471177
4861	0.00014952264
4862	0.00014529711
4863	0.00015328893
4864	0.0001608766
4865	0.00017388308
4866	0.00018861334
4867	0.00020276912
4868	0.00021718885
4869	0.00022103131
4870	0.0002162568
4871	0.00020557696
4872	0.00019892276
4873	0.0001975676
4874	0.00019384406
4875	0.00018640491
4876	0.00018299591
4877	0.00018627963
4878	0.00019263373
4879	0.00020272856
4880	0.00021400891
4881	0.00021365854
4882	0.00021001115
4883	0.00021081219
4884	0.00021196235
4885	0.00020290103
4886	0.00019154959
4887	0.00018571551
4888	0.00017991047
4889	0.00017801075
4890	0.00019114344
4891	0.00019909215
4892	0.00020634476
4893	0.00021078557
4894	0.00021259355
4895	0.00021114967
4896	0.00021019236
4897	0.00020091273
4898	0.00018761183
4899	0.00017407866
4900	0.00016191619
4901	0.00015339745
4902	0.00014753347
4903	0.00014577759
4904	0.00015712548
4905	0.00016623651
4906	0.00017770267
4907	0.00019096244
4908	0.00020652306
4909	0.00022097431
4910	0.00021977994
4911	0.00021160847
4912	0.00020181078
4913	0.00019823984
4914	0.00019627509
4915	0.00019366007
4916	0.00018374505
4917	0.00018283203
4918	0.00018613684
4919	0.00019276579
4920	0.00020432813
4921	0.00021454366
4922	0.00021116856
4923	0.0002081814
4924	0.00020975405
4925	0.00020786936
4926	0.00019802191
4927	0.00018676813
4928	0.00018426242
4929	0.00017777006
4930	0.00017785095
4931	0.00018558246
4932	0.00019807142
4933	0.00020452215
4934	0.00020785722
4935	0.00021098765
4936	0.00021050722
4937	0.00020959348
4938	0.00019734429
4939	0.00018345602
4940	0.00017145245
4941	0.00015792053
4942	0.00014950004
4943	0.00014269826
4944	0.00014452719
4945	0.00015544647
4946	0.00016343133
4947	0.00017806191
4948	0.00019092309
4949	0.00020842251
4950	0.00022130515
4951	0.00021791032
4952	0.00021016696
4953	0.00019941618
4954	0.00020029256
4955	0.00019548425
4956	0.00019279772
4957	0.0001816395
4958	0.00018016724
4959	0.00018592212
4960	0.0001953381
4961	0.00020818254
4962	0.00021406082
4963	0.00021056282
4964	0.00020895138
4965	0.00021068613
4966	0.00020589514
4967	0.00019437352
4968	0.00018435484
4969	0.00018105558
4970	0.0001771567
4971	0.00018005113
4972	0.00018867754
4973	0.00019962794
4974	0.00020518095
4975	0.00021010938
4976	0.00021239251
4977	0.00021178162
4978	0.0002088496
4979	0.00019322391
4980	0.00017964314
4981	0.0001672314
4982	0.00015578684
4983	0.0001490202
4984	0.00014403302
4985	0.0001489434
4986	0.00015985387
4987	0.00016861578
4988	0.00018023578
4989	0.00019406683
4990	0.00021059754
4991	0.00021905916
4992	0.00021498575
4993	0.00020587136
4994	0.00019676064
4995	0.00020401074
4996	0.00019554906
4997	0.0001912889
4998	0.00018133437
4999	0.0001819571
5000	0.00018892072
