1	0.0097203849
2	0.00041027863
3	0.00066414428
4	0.00059773711
5	0.00045719917
6	0.00092617601
7	0.00076749913
8	0.00044041461
9	0.0019474366
10	0.00055347101
11	0.00040891577
12	0.00084411683
13	0.0020560494
14	0.0011756892
15	0.00042366461
16	0.00027963322
17	0.00024355992
18	0.00021880572
19	0.00022059769
20	0.00019153943
21	0.00021632083
22	0.0001509422
23	0.00013451248
24	0.00012251693
25	0.00010704924
26	0.00011140866
27	0.00011820385
28	0.00011359922
29	9.818976e-05
30	9.6813269e-05
31	8.6779358e-05
32	7.9163831e-05
33	8.8624391e-05
34	7.5917418e-05
35	7.2459353e-05
36	6.9762962e-05
37	6.4929632e-05
38	6.2690724e-05
39	5.7354508e-05
40	5.6573397e-05
41	5.1542438e-05
42	4.8780544e-05
43	4.600412e-05
44	4.5254738e-05
45	4.4055438e-05
46	4.3406814e-05
47	4.2380021e-05
48	3.9425851e-05
49	3.6898922e-05
50	4.0418696e-05
51	3.4601467e-05
52	3.4441828e-05
53	3.1120807e-05
54	3.2978704e-05
55	3.2791752e-05
56	3.2740627e-05
57	3.3864422e-05
58	3.2620652e-05
59	3.0431847e-05
60	3.0499676e-05
61	2.9634404e-05
62	3.1531816e-05
63	2.9568244e-05
64	3.134783e-05
65	2.8835514e-05
66	2.9566487e-05
67	2.8114033e-05
68	2.7575453e-05
69	2.9251581e-05
70	2.7592123e-05
71	2.918088e-05
72	3.0886025e-05
73	2.8922478e-05
74	2.7287484e-05
75	2.9915361e-05
76	2.9208452e-05
77	2.8135256e-05
78	2.7931177e-05
79	2.8040603e-05
80	2.6536985e-05
81	2.8011494e-05
82	2.7137646e-05
83	2.6138799e-05
84	2.6964887e-05
85	2.6464765e-05
86	2.5942162e-05
87	2.6320671e-05
88	2.5762672e-05
89	2.6225641e-05
90	2.4721945e-05
91	2.5409687e-05
92	2.5393732e-05
93	2.5120014e-05
94	2.4523863e-05
95	2.5318064e-05
96	2.4069218e-05
97	2.4663804e-05
98	2.5043524e-05
99	2.2707427e-05
100	2.2641425e-05
101	2.3721533e-05
102	2.3815185e-05
103	2.2466452e-05
104	2.3736624e-05
105	2.2179352e-05
106	2.3059839e-05
107	2.2785631e-05
108	2.2980761e-05
109	2.2290732e-05
110	2.1859657e-05
111	2.1417886e-05
112	2.073503e-05
113	2.0394593e-05
114	2.0757843e-05
115	2.1346941e-05
116	2.1473831e-05
117	1.964048e-05
118	2.0458468e-05
119	1.989465e-05
120	1.9377828e-05
121	2.073051e-05
122	2.038858e-05
123	2.0345073e-05
124	1.9684464e-05
125	2.0040894e-05
126	1.900983e-05
127	1.8832805e-05
128	1.9279941e-05
129	1.8213733e-05
130	1.8676729e-05
131	1.8663546e-05
132	1.748646e-05
133	1.8672757e-05
134	1.7270106e-05
135	1.6974465e-05
136	1.7589298e-05
137	1.7406355e-05
138	1.7502808e-05
139	1.6645761e-05
140	1.6865595e-05
141	1.6864826e-05
142	1.6322994e-05
143	1.6669516e-05
144	1.604115e-05
145	1.647674e-05
146	1.6922554e-05
147	1.5819764e-05
148	1.6449859e-05
149	1.5726941e-05
150	1.6144375e-05
151	1.5731744e-05
152	1.5108928e-05
153	1.5266849e-05
154	1.5832516e-05
155	1.5906263e-05
156	1.540296e-05
157	1.5079221e-05
158	1.5304864e-05
159	1.4993627e-05
160	1.5364041e-05
161	1.5161134e-05
162	1.4929661e-05
163	1.5071562e-05
164	1.5466684e-05
165	1.5332037e-05
166	1.5314192e-05
167	1.5334732e-05
168	1.5016054e-05
169	1.4952399e-05
170	1.5585033e-05
171	1.4972096e-05
172	1.4731079e-05
173	1.5773607e-05
174	1.5301155e-05
175	1.4842726e-05
176	1.4700105e-05
177	1.4924081e-05
178	1.4658442e-05
179	1.4331542e-05
180	1.564968e-05
181	1.5483135e-05
182	1.4607092e-05
183	1.4071091e-05
184	1.4573959e-05
185	1.4753292e-05
186	1.4883434e-05
187	1.4801022e-05
188	1.4406563e-05
189	1.4008292e-05
190	1.392514e-05
191	1.3729029e-05
192	1.3618108e-05
193	1.5019269e-05
194	1.4714864e-05
195	1.4902876e-05
196	1.4550018e-05
197	1.3977951e-05
198	1.3660483e-05
199	1.3648861e-05
200	1.3912894e-05
201	1.3701208e-05
202	1.352077e-05
203	1.3458809e-05
204	1.3367664e-05
205	1.3220826e-05
206	1.3175822e-05
207	1.2953235e-05
208	1.2853982e-05
209	1.2804659e-05
210	1.2538737e-05
211	1.523571e-05
212	1.4855488e-05
213	1.5323844e-05
214	1.523974e-05
215	1.4967981e-05
216	1.5043775e-05
217	1.4931607e-05
218	1.4924037e-05
219	1.4839375e-05
220	1.4737746e-05
221	1.4539671e-05
222	1.456548e-05
223	1.5039705e-05
224	1.4922617e-05
225	1.4670324e-05
226	1.4652875e-05
227	1.4663817e-05
228	1.4658455e-05
229	1.4950359e-05
230	1.5083959e-05
231	1.4937783e-05
232	1.4740102e-05
233	1.4787003e-05
234	1.4424421e-05
235	1.4094996e-05
236	1.3838169e-05
237	1.3360532e-05
238	1.3227362e-05
239	1.329935e-05
240	1.3613361e-05
241	1.3840923e-05
242	1.3884951e-05
243	1.3430821e-05
244	1.297789e-05
245	1.2611546e-05
246	1.2841904e-05
247	1.3421398e-05
248	1.3983612e-05
249	1.414022e-05
250	1.4131783e-05
251	1.4249764e-05
252	1.4368838e-05
253	1.4413929e-05
254	1.4270122e-05
255	1.3890821e-05
256	1.3767739e-05
257	1.3653774e-05
258	1.3617043e-05
259	1.3459755e-05
260	1.3281018e-05
261	1.2875663e-05
262	1.2596704e-05
263	1.2423743e-05
264	1.2425701e-05
265	1.2528718e-05
266	1.2955477e-05
267	1.3450325e-05
268	1.3595856e-05
269	1.3621555e-05
270	1.3561564e-05
271	1.3439611e-05
272	1.3672242e-05
273	1.3709269e-05
274	1.3412166e-05
275	1.3091293e-05
276	1.2890442e-05
277	1.2801773e-05
278	1.2790432e-05
279	1.2786135e-05
280	1.2857619e-05
281	1.2935764e-05
282	1.2979098e-05
283	1.2837349e-05
284	1.2916981e-05
285	1.2920443e-05
286	1.2956317e-05
287	1.2842502e-05
288	1.2790341e-05
289	1.3183856e-05
290	1.3484001e-05
291	1.3489034e-05
292	1.32479e-05
293	1.2710267e-05
294	1.2551026e-05
295	1.236139e-05
296	1.3790844e-05
297	1.2261544e-05
298	1.2524709e-05
299	1.2677038e-05
300	1.2665982e-05
301	1.2706322e-05
302	1.2612785e-05
303	1.2526763e-05
304	1.2333252e-05
305	1.2302959e-05
306	1.2573564e-05
307	1.2677153e-05
308	1.2772657e-05
309	1.2682978e-05
310	1.3851738e-05
311	1.2748418e-05
312	1.2360272e-05
313	1.3678599e-05
314	1.3885538e-05
315	1.388345e-05
316	1.2347495e-05
317	1.3902834e-05
318	1.3743567e-05
319	1.2337713e-05
320	1.2032899e-05
321	1.3776547e-05
322	1.2478959e-05
323	1.2586572e-05
324	1.2691544e-05
325	1.2623646e-05
326	1.2385712e-05
327	1.3925675e-05
328	1.2203227e-05
329	1.2186958e-05
330	1.2084345e-05
331	1.1725076e-05
332	1.3997345e-05
333	1.1479493e-05
334	1.1347401e-05
335	1.1439031e-05
336	1.151857e-05
337	1.3985157e-05
338	1.1860654e-05
339	1.2004507e-05
340	1.2066347e-05
341	1.1753247e-05
342	1.1560598e-05
343	1.1566712e-05
344	1.1757217e-05
345	1.1809681e-05
346	1.1475067e-05
347	1.1184058e-05
348	1.344548e-05
349	1.1392296e-05
350	1.13224e-05
351	1.0921303e-05
352	1.350938e-05
353	1.1268481e-05
354	1.1209121e-05
355	1.1144492e-05
356	1.0764386e-05
357	1.3223755e-05
358	1.1010996e-05
359	1.1142414e-05
360	1.1088676e-05
361	1.3163607e-05
362	1.3166443e-05
363	1.0822821e-05
364	1.2852122e-05
365	1.2867346e-05
366	1.2668913e-05
367	1.2388768e-05
368	1.2620342e-05
369	1.2920919e-05
370	1.0461261e-05
371	1.2630283e-05
372	1.2849733e-05
373	1.0345596e-05
374	1.2362501e-05
375	1.0565149e-05
376	1.0352637e-05
377	1.2041326e-05
378	1.2450626e-05
379	1.0286296e-05
380	1.2195505e-05
381	1.2094384e-05
382	1.2010756e-05
383	1.1770325e-05
384	1.2283953e-05
385	1.0111304e-05
386	1.1943144e-05
387	9.5993218e-06
388	1.0998285e-05
389	1.0643082e-05
390	1.1311471e-05
391	9.2944594e-06
392	9.4283178e-06
393	9.2024274e-06
394	8.8598288e-06
395	1.1340654e-05
396	1.0469811e-05
397	1.0836201e-05
398	1.1037343e-05
399	8.637161e-06
400	8.7660663e-06
401	8.6495209e-06
402	8.6843849e-06
403	8.7497418e-06
404	8.7790068e-06
405	8.7716578e-06
406	8.0086503e-06
407	7.9214989e-06
408	8.2353706e-06
409	8.6153701e-06
410	8.8384363e-06
411	8.9153323e-06
412	8.8980498e-06
413	8.846971e-06
414	8.8295172e-06
415	8.8581962e-06
416	1.0235757e-05
417	9.3294341e-06
418	9.9032501e-06
419	8.9936619e-06
420	8.8213083e-06
421	9.4213248e-06
422	9.1071926e-06
423	9.3617555e-06
424	8.7853418e-06
425	9.367113e-06
426	8.8025235e-06
427	7.5796681e-06
428	7.3877139e-06
429	7.7638527e-06
430	8.1807334e-06
431	8.3519872e-06
432	8.2747887e-06
433	8.1246617e-06
434	8.0325813e-06
435	8.038941e-06
436	8.0952901e-06
437	7.9538934e-06
438	7.6966572e-06
439	7.5956333e-06
440	6.6230719e-06
441	9.1053249e-06
442	6.7656264e-06
443	7.275905e-06
444	8.9982668e-06
445	7.9230281e-06
446	9.1473118e-06
447	7.6602816e-06
448	8.6788643e-06
449	7.2671207e-06
450	6.9942208e-06
451	8.7661994e-06
452	7.7272908e-06
453	8.5301142e-06
454	7.7202911e-06
455	8.3914673e-06
456	7.651311e-06
457	8.71456e-06
458	8.805738e-06
459	6.7595184e-06
460	8.3359979e-06
461	7.5720115e-06
462	8.4451051e-06
463	7.4516748e-06
464	8.257709e-06
465	8.3255753e-06
466	8.6372323e-06
467	6.5191538e-06
468	8.5258095e-06
469	7.0744836e-06
470	8.1096816e-06
471	7.9659472e-06
472	8.4901838e-06
473	6.7456971e-06
474	8.2792891e-06
475	7.4345175e-06
476	6.1907782e-06
477	7.2200438e-06
478	7.6669214e-06
479	6.2846556e-06
480	8.134533e-06
481	6.0999223e-06
482	7.3055641e-06
483	7.7067887e-06
484	6.3687098e-06
485	7.7378706e-06
486	8.1111793e-06
487	6.921416e-06
488	7.334503e-06
489	6.2479206e-06
490	7.4867483e-06
491	6.3823624e-06
492	7.4763724e-06
493	7.2783989e-06
494	7.7587257e-06
495	7.6849032e-06
496	6.1977112e-06
497	7.5462071e-06
498	7.7971841e-06
499	6.3263444e-06
500	7.416335e-06
501	6.6789951e-06
502	5.8616605e-06
503	5.7974593e-06
504	7.5619121e-06
505	6.3529976e-06
506	7.4748653e-06
507	5.720521e-06
508	7.3896978e-06
509	6.6579841e-06
510	5.9940806e-06
511	7.5451048e-06
512	5.742959e-06
513	7.3392984e-06
514	6.3777237e-06
515	5.6384483e-06
516	5.515088e-06
517	7.0819095e-06
518	6.5064188e-06
519	5.5669865e-06
520	6.9667285e-06
521	7.2104562e-06
522	5.8460886e-06
523	5.4343994e-06
524	7.1206498e-06
525	5.345838e-06
526	6.7786554e-06
527	6.2832679e-06
528	5.5460362e-06
529	6.7209054e-06
530	6.9119744e-06
531	5.6522304e-06
532	6.9919876e-06
533	6.8034813e-06
534	5.327251e-06
535	6.7719282e-06
536	5.9664878e-06
537	6.6035719e-06
538	6.5888853e-06
539	5.544165e-06
540	6.6017307e-06
541	5.7070748e-06
542	5.8007631e-06
543	5.4982982e-06
544	6.3162379e-06
545	6.2066945e-06
546	5.4681633e-06
547	5.9023193e-06
548	5.2048123e-06
549	6.4748149e-06
550	6.2845756e-06
551	6.2020186e-06
552	5.2358691e-06
553	6.2964471e-06
554	5.0720639e-06
555	5.412006e-06
556	5.2551541e-06
557	6.0663609e-06
558	5.5060682e-06
559	5.2225259e-06
560	5.5258961e-06
561	4.9401121e-06
562	5.6688599e-06
563	5.5102213e-06
564	5.8562569e-06
565	5.1010499e-06
566	6.0198413e-06
567	6.0900778e-06
568	6.16015e-06
569	5.1750292e-06
570	5.4491877e-06
571	4.8551179e-06
572	5.8114392e-06
573	5.92185e-06
574	5.0291523e-06
575	6.169776e-06
576	6.038566e-06
577	4.7129552e-06
578	5.0021935e-06
579	4.9164525e-06
580	6.0975526e-06
581	4.7417579e-06
582	5.0381546e-06
583	5.3670752e-06
584	4.8407605e-06
585	4.7620008e-06
586	6.0566684e-06
587	5.0300151e-06
588	5.0294391e-06
589	4.9220226e-06
590	4.6866182e-06
591	4.8930983e-06
592	5.7667918e-06
593	5.7230756e-06
594	5.3230037e-06
595	4.7777009e-06
596	5.3531768e-06
597	4.8978284e-06
598	5.9928285e-06
599	5.790045e-06
600	4.8098276e-06
601	5.7257172e-06
602	5.5800174e-06
603	5.4194459e-06
604	4.6468419e-06
605	5.0086617e-06
606	5.7728278e-06
607	5.2009286e-06
608	5.0981476e-06
609	5.7165953e-06
610	5.3614087e-06
611	5.0485204e-06
612	5.0523631e-06
613	5.6224947e-06
614	5.0075571e-06
615	5.4528143e-06
616	4.7116713e-06
617	4.3849578e-06
618	4.9429256e-06
619	4.540339e-06
620	4.6317086e-06
621	4.5337704e-06
622	5.1101167e-06
623	5.5660568e-06
624	5.2586994e-06
625	5.5889431e-06
626	5.0403859e-06
627	5.5747846e-06
628	5.189785e-06
629	4.9651293e-06
630	4.4391359e-06
631	5.4596481e-06
632	5.0576268e-06
633	5.4192308e-06
634	5.4522123e-06
635	4.8151834e-06
636	5.3016984e-06
637	5.9268696e-06
638	4.6147939e-06
639	4.3838234e-06
640	5.085506e-06
641	5.4238207e-06
642	4.6262226e-06
643	5.0102856e-06
644	5.789408e-06
645	5.1354409e-06
646	5.4444992e-06
647	4.2752282e-06
648	4.5227851e-06
649	5.2968572e-06
650	5.5567901e-06
651	5.1016811e-06
652	5.1073583e-06
653	4.7007478e-06
654	5.3158945e-06
655	5.9343476e-06
656	4.7495486e-06
657	4.7667334e-06
658	5.3812584e-06
659	5.3959686e-06
660	5.2932349e-06
661	4.9428496e-06
662	5.8671425e-06
663	5.0258359e-06
664	5.7855144e-06
665	4.3650606e-06
666	5.8250734e-06
667	5.1430838e-06
668	5.3583177e-06
669	5.9536818e-06
670	4.8497683e-06
671	5.8642358e-06
672	5.0521902e-06
673	6.0518498e-06
674	4.8071217e-06
675	4.6490934e-06
676	5.1628008e-06
677	5.3173863e-06
678	5.1105737e-06
679	4.7482849e-06
680	5.7195772e-06
681	4.9622734e-06
682	6.3129535e-06
683	6.1175901e-06
684	4.5436553e-06
685	5.3193106e-06
686	5.5273322e-06
687	4.8984726e-06
688	4.6440308e-06
689	5.7357537e-06
690	5.2293245e-06
691	4.9077387e-06
692	4.547562e-06
693	5.8399257e-06
694	5.4121456e-06
695	5.6884108e-06
696	5.0001208e-06
697	4.7564453e-06
698	5.688274e-06
699	5.3560035e-06
700	5.6573645e-06
701	5.0229899e-06
702	5.9900373e-06
703	5.6552919e-06
704	5.3755806e-06
705	6.0958262e-06
706	4.8791593e-06
707	5.8388485e-06
708	5.5959429e-06
709	5.7503881e-06
710	4.9438117e-06
711	5.8684111e-06
712	5.468249e-06
713	5.3642859e-06
714	5.0140467e-06
715	4.6457136e-06
716	5.5116724e-06
717	5.6691788e-06
718	5.8722471e-06
719	5.2245894e-06
720	6.0132176e-06
721	5.3417894e-06
722	5.5630392e-06
723	6.4569212e-06
724	4.916509e-06
725	5.5758477e-06
726	5.7526461e-06
727	5.7164036e-06
728	5.0689764e-06
729	5.9612772e-06
730	5.2109887e-06
731	5.5398941e-06
732	5.2404618e-06
733	4.5956756e-06
734	5.3700219e-06
735	5.8099819e-06
736	5.6419494e-06
737	5.1561403e-06
738	5.9424841e-06
739	5.0516164e-06
740	5.601595e-06
741	5.2098382e-06
742	4.6576196e-06
743	5.4071963e-06
744	5.6851691e-06
745	5.4302213e-06
746	5.0544439e-06
747	6.0185903e-06
748	5.0685334e-06
749	5.6605488e-06
750	5.2116218e-06
751	4.4974771e-06
752	5.1604468e-06
753	5.8562289e-06
754	5.3523619e-06
755	5.1849087e-06
756	5.9956543e-06
757	5.0971929e-06
758	5.9010032e-06
759	5.3109689e-06
760	6.2227883e-06
761	5.4157384e-06
762	5.8414951e-06
763	5.9570597e-06
764	5.3171538e-06
765	6.0005553e-06
766	5.1378594e-06
767	5.9716398e-06
768	5.8250342e-06
769	4.6540229e-06
770	5.2526518e-06
771	5.34523e-06
772	4.9403271e-06
773	5.6178046e-06
774	5.0633444e-06
775	5.4110944e-06
776	6.0342195e-06
777	5.992934e-06
778	5.399396e-06
779	5.5551189e-06
780	5.3062941e-06
781	5.6911851e-06
782	5.2346751e-06
783	5.6052584e-06
784	5.7264787e-06
785	5.9240156e-06
786	5.3822383e-06
787	5.6704218e-06
788	5.3418393e-06
789	5.4444971e-06
790	5.1703067e-06
791	5.5885936e-06
792	6.4306152e-06
793	5.8752111e-06
794	5.5727169e-06
795	5.9117546e-06
796	5.4558611e-06
797	5.4085841e-06
798	5.233621e-06
799	5.6830124e-06
800	5.7306965e-06
801	5.8050052e-06
802	5.4765284e-06
803	5.4509041e-06
804	5.4998716e-06
805	5.3907975e-06
806	5.5779399e-06
807	6.0567679e-06
808	6.8538191e-06
809	6.0345233e-06
810	5.9668087e-06
811	6.5409543e-06
812	6.0848395e-06
813	5.7056754e-06
814	5.9075125e-06
815	6.0974836e-06
816	6.0561984e-06
817	5.0493959e-06
818	6.5167203e-06
819	5.1706246e-06
820	5.9286725e-06
821	6.3110022e-06
822	5.5389686e-06
823	6.1052859e-06
824	5.6171293e-06
825	6.0349908e-06
826	5.8776261e-06
827	5.35052e-06
828	6.0485319e-06
829	5.812269e-06
830	5.3887346e-06
831	5.268691e-06
832	5.6677871e-06
833	5.823534e-06
834	5.9426144e-06
835	5.8053125e-06
836	4.8031711e-06
837	5.3609232e-06
838	5.6292362e-06
839	5.7229164e-06
840	4.8620095e-06
841	5.4878265e-06
842	4.7599177e-06
843	5.4562464e-06
844	4.6855968e-06
845	5.2414623e-06
846	5.4801682e-06
847	5.5004408e-06
848	4.653261e-06
849	5.101913e-06
850	5.3329853e-06
851	4.5309515e-06
852	5.20473e-06
853	4.4682077e-06
854	4.3790245e-06
855	5.051583e-06
856	4.5326775e-06
857	4.3655188e-06
858	4.326835e-06
859	5.1447748e-06
860	4.6937771e-06
861	4.5102972e-06
862	4.4171165e-06
863	4.2209979e-06
864	4.9777153e-06
865	4.2870201e-06
866	4.8644829e-06
867	4.1901628e-06
868	4.1346654e-06
869	4.7798522e-06
870	4.3078461e-06
871	4.8093445e-06
872	4.2774701e-06
873	4.7949914e-06
874	4.3239978e-06
875	4.1640503e-06
876	4.8247134e-06
877	4.7946706e-06
878	4.5008287e-06
879	4.6467191e-06
880	3.8925367e-06
881	4.5552597e-06
882	4.6108487e-06
883	4.2309482e-06
884	4.1538731e-06
885	3.982253e-06
886	3.9854001e-06
887	3.8715956e-06
888	3.9843464e-06
889	3.9976692e-06
890	4.0994612e-06
891	4.0723556e-06
892	4.1445485e-06
893	4.0069334e-06
894	3.9614217e-06
895	4.4204176e-06
896	3.9775661e-06
897	3.7542557e-06
898	4.1791103e-06
899	3.7357203e-06
900	3.7163445e-06
901	3.6768621e-06
902	3.7932996e-06
903	3.7934998e-06
904	3.8604332e-06
905	3.8160911e-06
906	3.9337291e-06
907	3.9230648e-06
908	3.9866391e-06
909	3.8630163e-06
910	3.9349626e-06
911	3.8236057e-06
912	3.8367799e-06
913	3.7087426e-06
914	3.7134587e-06
915	3.5927626e-06
916	3.6680539e-06
917	3.6693355e-06
918	3.7758394e-06
919	3.7491447e-06
920	3.8332487e-06
921	3.7755455e-06
922	3.8360086e-06
923	3.742511e-06
924	3.7759477e-06
925	3.7123269e-06
926	3.5840198e-06
927	3.7021759e-06
928	3.7381051e-06
929	3.8438757e-06
930	3.8084595e-06
931	3.9150856e-06
932	3.8259342e-06
933	3.8784216e-06
934	3.757591e-06
935	3.6159589e-06
936	3.7016985e-06
937	3.6825649e-06
938	3.7770812e-06
939	3.7158828e-06
940	3.745393e-06
941	3.5661204e-06
942	3.5050914e-06
943	3.596065e-06
944	3.5588105e-06
945	3.538769e-06
946	3.3328501e-06
947	3.5234666e-06
948	3.0845547e-06
949	3.3319452e-06
950	3.4954007e-06
951	3.4737453e-06
952	3.5308642e-06
953	3.4327214e-06
954	3.2958101e-06
955	3.3668347e-06
956	3.3472744e-06
957	3.4285048e-06
958	3.3817392e-06
959	3.4859111e-06
960	3.4806426e-06
961	3.4103781e-06
962	3.0368669e-06
963	3.3344505e-06
964	3.4749435e-06
965	3.0375228e-06
966	3.3387777e-06
967	3.5525885e-06
968	3.54534e-06
969	3.6150617e-06
970	3.4645859e-06
971	3.3006943e-06
972	3.3525458e-06
973	3.3225403e-06
974	3.3915293e-06
975	3.37669e-06
976	3.2921039e-06
977	3.3383314e-06
978	3.3057585e-06
979	3.2628609e-06
980	3.3927105e-06
981	3.3179992e-06
982	3.3832833e-06
983	3.3461271e-06
984	3.3509127e-06
985	2.9691785e-06
986	3.2149395e-06
987	3.2294314e-06
988	3.1071765e-06
989	3.1006504e-06
990	3.1943714e-06
991	3.0932832e-06
992	3.1274402e-06
993	2.8104124e-06
994	3.1022606e-06
995	3.1763698e-06
996	3.2054099e-06
997	3.2412734e-06
998	3.3349516e-06
999	3.3749946e-06
1000	3.3155266e-06
1001	3.3851563e-06
1002	3.3090384e-06
1003	3.3464228e-06
1004	3.2585197e-06
1005	3.1528084e-06
1006	3.2266053e-06
1007	3.1924835e-06
1008	3.0884331e-06
1009	3.1710583e-06
1010	3.1564198e-06
1011	3.0425442e-06
1012	3.0882591e-06
1013	3.0846923e-06
1014	3.0504976e-06
1015	3.1706386e-06
1016	3.1446834e-06
1017	3.256919e-06
1018	2.7461254e-06
1019	2.9325288e-06
1020	3.0806516e-06
1021	3.0927479e-06
1022	3.0028251e-06
1023	3.0703511e-06
1024	3.0161247e-06
1025	2.9169699e-06
1026	3.0159593e-06
1027	3.0107333e-06
1028	2.9299923e-06
1029	2.9700792e-06
1030	2.9188161e-06
1031	2.8351323e-06
1032	2.866608e-06
1033	2.8373487e-06
1034	2.8235857e-06
1035	2.561111e-06
1036	2.4762541e-06
1037	2.7734389e-06
1038	2.9772684e-06
1039	2.9926551e-06
1040	2.9021307e-06
1041	2.9452555e-06
1042	2.8886607e-06
1043	2.7946838e-06
1044	2.845197e-06
1045	2.8013691e-06
1046	2.7350855e-06
1047	2.8145818e-06
1048	2.7953491e-06
1049	2.7082667e-06
1050	2.7906354e-06
1051	2.7756058e-06
1052	2.670153e-06
1053	2.8179499e-06
1054	2.8563193e-06
1055	2.8240525e-06
1056	2.8947819e-06
1057	2.8481832e-06
1058	2.7350296e-06
1059	2.7630823e-06
1060	2.7095415e-06
1061	2.6186964e-06
1062	2.6899883e-06
1063	2.6742095e-06
1064	2.6044679e-06
1065	2.6750654e-06
1066	2.6243092e-06
1067	2.5270419e-06
1068	2.5895333e-06
1069	2.601456e-06
1070	2.5364875e-06
1071	2.5716201e-06
1072	2.5984975e-06
1073	2.5827884e-06
1074	2.6338123e-06
1075	2.1982818e-06
1076	2.3972678e-06
1077	2.47772e-06
1078	2.4569133e-06
1079	2.4714425e-06
1080	2.5726461e-06
1081	2.5430784e-06
1082	2.4612972e-06
1083	2.8115944e-06
1084	2.8731219e-06
1085	2.8293548e-06
1086	2.5390485e-06
1087	2.4318481e-06
1088	2.3239026e-06
1089	2.3742788e-06
1090	2.3764835e-06
1091	2.3078147e-06
1092	2.339263e-06
1093	2.3209188e-06
1094	2.7854543e-06
1095	2.5437317e-06
1096	2.5136422e-06
1097	2.4398242e-06
1098	2.4656804e-06
1099	2.4397521e-06
1100	2.3525831e-06
1101	2.7988403e-06
1102	2.2989806e-06
1103	2.2665914e-06
1104	2.3174245e-06
1105	2.2974582e-06
1106	2.7268901e-06
1107	2.3693359e-06
1108	2.2836111e-06
1109	2.6903344e-06
1110	2.3382917e-06
1111	2.6950186e-06
1112	2.7092996e-06
1113	2.3085305e-06
1114	2.5850459e-06
1115	2.2723385e-06
1116	2.0905885e-06
1117	2.0585766e-06
1118	2.0466792e-06
1119	2.1504061e-06
1120	2.1821577e-06
1121	2.6548425e-06
1122	2.7536505e-06
1123	2.8190033e-06
1124	2.596581e-06
1125	2.6952292e-06
1126	2.2788072e-06
1127	2.5555181e-06
1128	2.5478955e-06
1129	2.1988762e-06
1130	2.5696449e-06
1131	2.6090906e-06
1132	2.6001341e-06
1133	2.2109728e-06
1134	2.5770295e-06
1135	2.5894971e-06
1136	2.6746181e-06
1137	2.6807223e-06
1138	2.5931714e-06
1139	2.4987427e-06
1140	2.5693367e-06
1141	2.6476434e-06
1142	2.6542237e-06
1143	2.2163947e-06
1144	2.5647459e-06
1145	2.6123189e-06
1146	2.6171982e-06
1147	2.1638279e-06
1148	2.490557e-06
1149	2.5249912e-06
1150	2.5966738e-06
1151	2.5565213e-06
1152	2.4707896e-06
1153	2.398864e-06
1154	2.362583e-06
1155	2.3011662e-06
1156	2.2260092e-06
1157	2.2708624e-06
1158	2.2783466e-06
1159	2.2925108e-06
1160	2.2958399e-06
1161	2.4322222e-06
1162	2.522291e-06
1163	2.5417597e-06
1164	2.5207136e-06
1165	2.549846e-06
1166	2.5040667e-06
1167	2.41226e-06
1168	2.3662749e-06
1169	2.310734e-06
1170	2.3200454e-06
1171	2.3367218e-06
1172	2.3854267e-06
1173	2.3853646e-06
1174	2.3843867e-06
1175	2.387603e-06
1176	2.4722164e-06
1177	2.4661387e-06
1178	2.409947e-06
1179	2.3549178e-06
1180	2.3554539e-06
1181	2.4227655e-06
1182	2.4429929e-06
1183	2.4724112e-06
1184	2.4564933e-06
1185	2.428862e-06
1186	2.3913776e-06
1187	2.411056e-06
1188	2.3788082e-06
1189	2.334341e-06
1190	2.2760098e-06
1191	2.31441e-06
1192	2.273899e-06
1193	2.2561338e-06
1194	2.1603602e-06
1195	2.3248144e-06
1196	2.2494497e-06
1197	2.313176e-06
1198	2.0507151e-06
1199	2.084293e-06
1200	2.2035666e-06
1201	2.2149498e-06
1202	2.2151467e-06
1203	2.3133179e-06
1204	2.3299684e-06
1205	2.3114662e-06
1206	2.2796924e-06
1207	2.2801501e-06
1208	2.1696143e-06
1209	2.0623886e-06
1210	2.0287397e-06
1211	2.1264502e-06
1212	2.1597862e-06
1213	2.1798046e-06
1214	2.1776905e-06
1215	2.2759423e-06
1216	2.2903924e-06
1217	2.2958869e-06
1218	2.2819062e-06
1219	2.341765e-06
1220	2.3285236e-06
1221	2.3022551e-06
1222	2.247429e-06
1223	2.2247278e-06
1224	2.2004827e-06
1225	2.1941174e-06
1226	2.1660341e-06
1227	2.1938391e-06
1228	2.1615395e-06
1229	2.115341e-06
1230	2.4765839e-06
1231	2.2351412e-06
1232	2.542594e-06
1233	2.1493351e-06
1234	2.5006898e-06
1235	2.251716e-06
1236	2.0205305e-06
1237	2.103499e-06
1238	2.0145842e-06
1239	2.0226506e-06
1240	2.0656965e-06
1241	2.0595906e-06
1242	2.0300281e-06
1243	2.0918769e-06
1244	2.5608459e-06
1245	2.1692108e-06
1246	2.476534e-06
1247	2.1802174e-06
1248	1.998798e-06
1249	2.2856017e-06
1250	1.9388533e-06
1251	1.9474352e-06
1252	1.9076972e-06
1253	2.3086351e-06
1254	2.0176677e-06
1255	2.0484145e-06
1256	2.4226916e-06
1257	2.1292604e-06
1258	2.4970088e-06
1259	2.2484353e-06
1260	2.1697043e-06
1261	2.1458007e-06
1262	2.1134405e-06
1263	2.1291568e-06
1264	2.0503012e-06
1265	1.9875555e-06
1266	1.8736114e-06
1267	1.9147079e-06
1268	2.3054493e-06
1269	1.9967483e-06
1270	2.4287611e-06
1271	2.2075678e-06
1272	2.334227e-06
1273	2.4868284e-06
1274	2.4589941e-06
1275	2.1896618e-06
1276	1.9551945e-06
1277	1.8407483e-06
1278	2.091205e-06
1279	1.9304243e-06
1280	1.8444233e-06
1281	2.1590117e-06
1282	2.2197677e-06
1283	2.3593681e-06
1284	2.3603608e-06
1285	2.35761e-06
1286	2.3662312e-06
1287	2.0970712e-06
1288	2.2330572e-06
1289	2.2278203e-06
1290	2.128965e-06
1291	1.882306e-06
1292	1.8833797e-06
1293	1.8591471e-06
1294	1.8699198e-06
1295	2.2319222e-06
1296	2.0404534e-06
1297	2.2420845e-06
1298	2.3628791e-06
1299	2.4080371e-06
1300	2.0930088e-06
1301	2.2910738e-06
1302	2.3490855e-06
1303	2.2611882e-06
1304	1.9641249e-06
1305	1.9414964e-06
1306	2.0409782e-06
1307	2.097187e-06
1308	2.0690664e-06
1309	2.0904879e-06
1310	2.3941565e-06
1311	2.1510737e-06
1312	2.0707752e-06
1313	2.0647873e-06
1314	2.080203e-06
1315	2.1541066e-06
1316	1.9162837e-06
1317	1.8284617e-06
1318	1.7280949e-06
1319	1.9162575e-06
1320	1.9280377e-06
1321	2.0273388e-06
1322	2.076144e-06
1323	1.9866954e-06
1324	2.24866e-06
1325	2.1559476e-06
1326	2.095132e-06
1327	2.0666815e-06
1328	2.0410309e-06
1329	2.0585908e-06
1330	1.8272573e-06
1331	2.0685664e-06
1332	2.013183e-06
1333	1.985617e-06
1334	2.1143089e-06
1335	1.8550933e-06
1336	2.3284186e-06
1337	2.3968909e-06
1338	2.0678764e-06
1339	2.3023151e-06
1340	2.2087532e-06
1341	2.1895921e-06
1342	1.9857282e-06
1343	2.3467657e-06
1344	2.2963774e-06
1345	1.827082e-06
1346	1.8226566e-06
1347	2.1231966e-06
1348	2.0857098e-06
1349	2.0376962e-06
1350	2.1591423e-06
1351	2.1975604e-06
1352	2.2254901e-06
1353	2.2486207e-06
1354	2.1838586e-06
1355	1.8517733e-06
1356	1.8632984e-06
1357	1.850427e-06
1358	1.8038233e-06
1359	1.7443637e-06
1360	1.6885631e-06
1361	1.9140711e-06
1362	1.9328148e-06
1363	1.9605401e-06
1364	2.2866573e-06
1365	2.0781389e-06
1366	2.4158472e-06
1367	2.1371264e-06
1368	2.0818856e-06
1369	2.0845891e-06
1370	1.8512416e-06
1371	1.761452e-06
1372	1.957707e-06
1373	1.9574783e-06
1374	1.8937458e-06
1375	2.0293146e-06
1376	2.0603774e-06
1377	2.0652226e-06
1378	2.0777118e-06
1379	2.0021018e-06
1380	2.1230681e-06
1381	2.1108409e-06
1382	2.0818449e-06
1383	2.0640581e-06
1384	2.0072793e-06
1385	1.8081088e-06
1386	1.8212186e-06
1387	1.7905425e-06
1388	2.0397625e-06
1389	2.0395044e-06
1390	2.1030422e-06
1391	2.1210289e-06
1392	2.1291067e-06
1393	2.1482769e-06
1394	2.1406767e-06
1395	1.8367952e-06
1396	1.8435006e-06
1397	1.8439285e-06
1398	1.8096049e-06
1399	1.773917e-06
1400	1.7309666e-06
1401	1.6701975e-06
1402	1.9276629e-06
1403	2.0179366e-06
1404	2.0924279e-06
1405	2.1377782e-06
1406	2.1420964e-06
1407	2.1361264e-06
1408	2.1160819e-06
1409	1.8044591e-06
1410	1.7664713e-06
1411	1.7365074e-06
1412	1.6684377e-06
1413	1.9189355e-06
1414	1.9453856e-06
1415	1.9707756e-06
1416	1.9446874e-06
1417	1.9217575e-06
1418	1.9266717e-06
1419	1.9014165e-06
1420	2.0429915e-06
1421	2.1063079e-06
1422	2.1093205e-06
1423	2.0972333e-06
1424	2.0687089e-06
1425	1.8176021e-06
1426	1.8309599e-06
1427	1.8337333e-06
1428	1.7748157e-06
1429	2.0095677e-06
1430	2.0916841e-06
1431	2.1670781e-06
1432	2.2095898e-06
1433	2.2246652e-06
1434	2.222581e-06
1435	1.8464093e-06
1436	1.8046341e-06
1437	1.8329909e-06
1438	1.5540326e-06
1439	1.7193448e-06
1440	1.7055771e-06
1441	1.6637815e-06
1442	1.619124e-06
1443	1.9175863e-06
1444	1.999672e-06
1445	2.0554386e-06
1446	2.0683659e-06
1447	2.0650668e-06
1448	2.0704446e-06
1449	1.7882111e-06
1450	1.7406938e-06
1451	1.7283636e-06
1452	1.6920797e-06
1453	1.6165231e-06
1454	1.9103197e-06
1455	1.6635575e-06
1456	1.9261105e-06
1457	1.9656064e-06
1458	2.0213533e-06
1459	2.0526024e-06
1460	2.0751131e-06
1461	2.1419141e-06
1462	2.1846428e-06
1463	2.1792939e-06
1464	2.169671e-06
1465	1.8462194e-06
1466	1.8520538e-06
1467	1.8552436e-06
1468	1.8368929e-06
1469	1.7522198e-06
1470	2.004078e-06
1471	2.0774942e-06
1472	2.1377987e-06
1473	2.1603132e-06
1474	2.1766861e-06
1475	1.8557183e-06
1476	1.7464706e-06
1477	1.7787408e-06
1478	1.5502744e-06
1479	1.4731103e-06
1480	1.6786207e-06
1481	1.4339613e-06
1482	1.579564e-06
1483	1.5761831e-06
1484	1.9258017e-06
1485	1.7338609e-06
1486	2.0071367e-06
1487	2.0280209e-06
1488	2.0664416e-06
1489	1.7618141e-06
1490	1.7105103e-06
1491	1.7283341e-06
1492	1.7563312e-06
1493	1.7130192e-06
1494	1.6374107e-06
1495	1.5761605e-06
1496	1.8669563e-06
1497	1.9129793e-06
1498	1.8775614e-06
1499	1.837177e-06
1500	1.9314514e-06
1501	1.9957182e-06
1502	2.0874675e-06
1503	2.1454869e-06
1504	1.8474202e-06
1505	1.7722003e-06
1506	1.780086e-06
1507	1.8022353e-06
1508	1.850042e-06
1509	1.822792e-06
1510	1.7352068e-06
1511	2.0112942e-06
1512	2.0889949e-06
1513	2.1150307e-06
1514	2.1582529e-06
1515	1.8382323e-06
1516	1.7553497e-06
1517	1.7493603e-06
1518	1.5293428e-06
1519	1.4515265e-06
1520	1.4333684e-06
1521	1.401595e-06
1522	1.379226e-06
1523	1.5717994e-06
1524	1.6042837e-06
1525	1.6136368e-06
1526	1.9638265e-06
1527	2.0202197e-06
1528	2.0494406e-06
1529	1.7911686e-06
1530	1.7029439e-06
1531	1.6755948e-06
1532	1.7010227e-06
1533	1.7517521e-06
1534	1.7124706e-06
1535	1.6592794e-06
1536	1.602796e-06
1537	1.8283536e-06
1538	1.816834e-06
1539	1.8239074e-06
1540	1.9110624e-06
1541	1.9874452e-06
1542	2.0373111e-06
1543	2.0860533e-06
1544	2.1102942e-06
1545	1.8118368e-06
1546	1.8223373e-06
1547	1.8351198e-06
1548	1.5752329e-06
1549	1.7586101e-06
1550	1.7423516e-06
1551	1.9994072e-06
1552	2.0745977e-06
1553	1.7979782e-06
1554	2.0420218e-06
1555	1.7801754e-06
1556	1.7382404e-06
1557	1.704144e-06
1558	1.7706521e-06
1559	1.5132662e-06
1560	1.4695119e-06
1561	1.4275098e-06
1562	1.4078645e-06
1563	1.3629644e-06
1564	1.552528e-06
1565	1.579841e-06
1566	1.91556e-06
1567	2.032477e-06
1568	2.0234955e-06
1569	2.0545999e-06
1570	1.7701762e-06
1571	1.6850129e-06
1572	1.6791511e-06
1573	1.6987151e-06
1574	1.7253898e-06
1575	1.6719471e-06
1576	1.6217753e-06
1577	1.5695125e-06
1578	1.7830605e-06
1579	1.8147327e-06
1580	1.8416395e-06
1581	1.944889e-06
1582	2.0151363e-06
1583	1.7631837e-06
1584	2.0514156e-06
1585	1.8388556e-06
1586	1.8587615e-06
1587	1.8833583e-06
1588	1.6706886e-06
1589	1.6104086e-06
1590	1.8662978e-06
1591	1.8997084e-06
1592	1.8648028e-06
1593	1.8565952e-06
1594	1.8324666e-06
1595	1.8717996e-06
1596	1.8843496e-06
1597	1.9213456e-06
1598	1.6838977e-06
1599	1.6512727e-06
1600	1.6016551e-06
1601	1.362849e-06
1602	1.5357915e-06
1603	1.350503e-06
1604	1.489416e-06
1605	1.4749229e-06
1606	1.7008313e-06
1607	1.7683035e-06
1608	1.7658949e-06
1609	2.0830674e-06
1610	1.895739e-06
1611	1.870975e-06
1612	1.6039991e-06
1613	1.5488816e-06
1614	1.5290706e-06
1615	1.4875499e-06
1616	1.7265743e-06
1617	1.7403887e-06
1618	1.7016868e-06
1619	1.654117e-06
1620	1.9272256e-06
1621	1.9999045e-06
1622	1.7410934e-06
1623	1.9963233e-06
1624	1.7517676e-06
1625	1.7781511e-06
1626	1.80912e-06
1627	1.8755092e-06
1628	1.6211354e-06
1629	1.5334385e-06
1630	1.8232606e-06
1631	1.8794842e-06
1632	1.8417872e-06
1633	1.7770506e-06
1634	1.7377793e-06
1635	1.7432883e-06
1636	1.7636673e-06
1637	1.8486664e-06
1638	1.5884053e-06
1639	1.6154857e-06
1640	1.404648e-06
1641	1.3559766e-06
1642	1.331191e-06
1643	1.3261126e-06
1644	1.3169717e-06
1645	1.5532633e-06
1646	1.5886844e-06
1647	1.6070291e-06
1648	1.87374e-06
1649	1.919666e-06
1650	1.9354518e-06
1651	1.687731e-06
1652	1.6224305e-06
1653	1.6917852e-06
1654	1.7474153e-06
1655	1.5486896e-06
1656	1.6542072e-06
1657	1.5856711e-06
1658	1.5359746e-06
1659	1.7481781e-06
1660	1.8060394e-06
1661	1.8617098e-06
1662	1.8817177e-06
1663	1.8851818e-06
1664	1.8578852e-06
1665	1.8808378e-06
1666	1.9198337e-06
1667	1.7410748e-06
1668	1.7147862e-06
1669	1.7551418e-06
1670	1.5131884e-06
1671	1.6836847e-06
1672	1.6842735e-06
1673	1.8773096e-06
1674	1.9563652e-06
1675	1.9477726e-06
1676	1.906267e-06
1677	1.9391548e-06
1678	1.6714503e-06
1679	1.6120186e-06
1680	1.4307313e-06
1681	1.3727833e-06
1682	1.3343328e-06
1683	1.3065733e-06
1684	1.2841882e-06
1685	1.2772791e-06
1686	1.4536341e-06
1687	1.729176e-06
1688	1.7937447e-06
1689	1.7636849e-06
1690	2.0057934e-06
1691	1.7631813e-06
1692	1.7401094e-06
1693	1.5408664e-06
1694	1.5628814e-06
1695	1.6138292e-06
1696	1.6019653e-06
1697	1.5038458e-06
1698	1.6668839e-06
1699	1.6505311e-06
1700	1.6523787e-06
1701	1.6788154e-06
1702	1.6514317e-06
1703	1.6947077e-06
1704	1.7239339e-06
1705	1.7665719e-06
1706	1.8290222e-06
1707	1.916219e-06
1708	1.7645242e-06
1709	1.7799434e-06
1710	1.5347095e-06
1711	1.6937179e-06
1712	1.7559532e-06
1713	1.8277894e-06
1714	1.7226128e-06
1715	1.6950253e-06
1716	2.0021454e-06
1717	1.8391685e-06
1718	1.7874883e-06
1719	1.7826973e-06
1720	1.5946232e-06
1721	1.5686042e-06
1722	1.4832873e-06
1723	1.289559e-06
1724	1.3676052e-06
1725	1.407717e-06
1726	1.4717842e-06
1727	1.4242879e-06
1728	1.6034174e-06
1729	1.6523213e-06
1730	1.9694906e-06
1731	2.0228804e-06
1732	1.7767334e-06
1733	1.7305307e-06
1734	1.5406609e-06
1735	1.5528225e-06
1736	1.5780418e-06
1737	1.5513276e-06
1738	1.4352477e-06
1739	1.5695486e-06
1740	1.5738865e-06
1741	1.5671848e-06
1742	1.8185063e-06
1743	1.9128905e-06
1744	1.6906466e-06
1745	1.7201942e-06
1746	1.7123495e-06
1747	1.8104743e-06
1748	1.7194261e-06
1749	1.7179812e-06
1750	1.7144342e-06
1751	1.6590157e-06
1752	1.7626158e-06
1753	1.7260951e-06
1754	1.8683814e-06
1755	1.8429489e-06
1756	1.8072095e-06
1757	1.7666964e-06
1758	1.7526164e-06
1759	1.788452e-06
1760	1.570938e-06
1761	1.6243312e-06
1762	1.4910247e-06
1763	1.3949039e-06
1764	1.3839544e-06
1765	1.2260432e-06
1766	1.3447686e-06
1767	1.323579e-06
1768	1.5317087e-06
1769	1.5559613e-06
1770	1.827386e-06
1771	1.8084969e-06
1772	1.804878e-06
1773	1.7950257e-06
1774	1.5470147e-06
1775	1.5128564e-06
1776	1.5159415e-06
1777	1.5097179e-06
1778	1.4795292e-06
1779	1.6656944e-06
1780	1.689046e-06
1781	1.7107947e-06
1782	1.6909518e-06
1783	1.9195877e-06
1784	1.9479857e-06
1785	1.6837228e-06
1786	1.9454439e-06
1787	1.7554429e-06
1788	1.8602116e-06
1789	1.7302627e-06
1790	1.7273014e-06
1791	1.6681849e-06
1792	1.5147662e-06
1793	1.6890967e-06
1794	1.708926e-06
1795	1.9311329e-06
1796	1.8186864e-06
1797	1.6967201e-06
1798	1.9232978e-06
1799	1.7205203e-06
1800	1.7364597e-06
1801	1.5285928e-06
1802	1.5382362e-06
1803	1.3424931e-06
1804	1.3057484e-06
1805	1.3014193e-06
1806	1.3336331e-06
1807	1.3558594e-06
1808	1.5476674e-06
1809	1.6234384e-06
1810	1.6298771e-06
1811	1.8268304e-06
1812	1.8617968e-06
1813	1.8959934e-06
1814	1.6676817e-06
1815	1.6464688e-06
1816	1.6716821e-06
1817	1.7099565e-06
1818	1.6917064e-06
1819	1.5682263e-06
1820	1.4652836e-06
1821	1.674622e-06
1822	1.729142e-06
1823	1.7398541e-06
1824	1.6615819e-06
1825	1.7109999e-06
1826	1.7356445e-06
1827	1.780013e-06
1828	1.89945e-06
1829	1.7525208e-06
1830	1.7533394e-06
1831	1.6460632e-06
1832	1.6094801e-06
1833	1.6030582e-06
1834	1.5981622e-06
1835	1.7818561e-06
1836	1.7725602e-06
1837	1.8088603e-06
1838	1.8175077e-06
1839	1.7734295e-06
1840	1.7386381e-06
1841	1.5547305e-06
1842	1.4512008e-06
1843	1.4390349e-06
1844	1.3850517e-06
1845	1.3470585e-06
1846	1.3121665e-06
1847	1.2457585e-06
1848	1.4537277e-06
1849	1.4584424e-06
1850	1.6036851e-06
1851	1.7878476e-06
1852	1.9669864e-06
1853	1.943658e-06
1854	1.7498496e-06
1855	1.7695012e-06
1856	1.5769476e-06
1857	1.622281e-06
1858	1.7101715e-06
1859	1.5269659e-06
1860	1.653757e-06
1861	1.5622645e-06
1862	1.5738425e-06
1863	1.5734621e-06
1864	1.8153261e-06
1865	1.8281854e-06
1866	1.8450348e-06
1867	1.8480226e-06
1868	1.8331932e-06
1869	1.9243648e-06
1870	1.7429853e-06
1871	1.6560151e-06
1872	1.6250264e-06
1873	1.5896399e-06
1874	1.6728942e-06
1875	1.7312154e-06
1876	1.6973751e-06
1877	1.8325916e-06
1878	1.7966904e-06
1879	1.7533807e-06
1880	1.7224957e-06
1881	1.7134802e-06
1882	1.715486e-06
1883	1.4804617e-06
1884	1.3941007e-06
1885	1.3397296e-06
1886	1.2885751e-06
1887	1.2593267e-06
1888	1.2486728e-06
1889	1.3634543e-06
1890	1.5999492e-06
1891	1.6758296e-06
1892	1.8715844e-06
1893	1.8184065e-06
1894	1.7877534e-06
1895	1.8127884e-06
1896	1.6313803e-06
1897	1.6292565e-06
1898	1.6497146e-06
1899	1.6697357e-06
1900	1.639735e-06
1901	1.480798e-06
1902	1.6716949e-06
1903	1.569399e-06
1904	1.7334594e-06
1905	1.9493135e-06
1906	1.7122764e-06
1907	1.7480754e-06
1908	1.9444455e-06
1909	1.8710876e-06
1910	1.8857277e-06
1911	1.7772021e-06
1912	1.7481197e-06
1913	1.6085046e-06
1914	1.5960271e-06
1915	1.6890114e-06
1916	1.822201e-06
1917	1.8112568e-06
1918	1.9146763e-06
1919	1.7645611e-06
1920	1.7490829e-06
1921	1.8271027e-06
1922	1.8301622e-06
1923	1.5815743e-06
1924	1.5467138e-06
1925	1.4325386e-06
1926	1.2727645e-06
1927	1.3092916e-06
1928	1.2595353e-06
1929	1.408135e-06
1930	1.490637e-06
1931	1.6262907e-06
1932	1.8011698e-06
1933	1.9410301e-06
1934	2.0328064e-06
1935	1.7979527e-06
1936	1.6295751e-06
1937	1.6185659e-06
1938	1.694258e-06
1939	1.7230872e-06
1940	1.6882857e-06
1941	1.5207492e-06
1942	1.5447351e-06
1943	1.5844703e-06
1944	1.5888198e-06
1945	1.7943187e-06
1946	1.8071642e-06
1947	1.8000667e-06
1948	1.8044176e-06
1949	1.8148451e-06
1950	1.8265983e-06
1951	1.74499e-06
1952	1.7054975e-06
1953	1.6606305e-06
1954	1.6225618e-06
1955	1.5945044e-06
1956	1.7356603e-06
1957	1.6985171e-06
1958	1.7772806e-06
1959	1.920832e-06
1960	1.896552e-06
1961	1.8521876e-06
1962	1.8951595e-06
1963	1.7135575e-06
1964	1.5433336e-06
1965	1.4407887e-06
1966	1.3548744e-06
1967	1.3230193e-06
1968	1.2256661e-06
1969	1.3085745e-06
1970	1.3713214e-06
1971	1.5276077e-06
1972	1.6724514e-06
1973	1.6737311e-06
1974	1.8188489e-06
1975	1.790268e-06
1976	1.8514201e-06
1977	1.6351896e-06
1978	1.6744507e-06
1979	1.7010001e-06
1980	1.6636336e-06
1981	1.6267307e-06
1982	1.5118986e-06
1983	1.6034278e-06
1984	1.5986932e-06
1985	1.805064e-06
1986	1.7162506e-06
1987	1.7174135e-06
1988	1.8927073e-06
1989	1.7887234e-06
1990	1.9170056e-06
1991	1.7115499e-06
1992	1.7140684e-06
1993	1.6588015e-06
1994	1.645664e-06
1995	1.6190281e-06
1996	1.585969e-06
1997	1.6964213e-06
1998	1.8774578e-06
1999	1.9070092e-06
2000	1.8046655e-06
2001	1.7747223e-06
2002	1.6928219e-06
2003	1.6858655e-06
2004	1.7121461e-06
2005	1.562686e-06
2006	1.4371e-06
2007	1.3300579e-06
2008	1.2670016e-06
2009	1.1875852e-06
2010	1.2755347e-06
2011	1.4478817e-06
2012	1.528321e-06
2013	1.688069e-06
2014	1.8694503e-06
2015	2.0103324e-06
2016	1.9590826e-06
2017	1.8390315e-06
2018	1.7719644e-06
2019	1.7226459e-06
2020	1.728768e-06
2021	1.6990261e-06
2022	1.6495533e-06
2023	1.4982975e-06
2024	1.5727851e-06
2025	1.7244645e-06
2026	1.6482824e-06
2027	1.8607558e-06
2028	1.835253e-06
2029	1.8308274e-06
2030	1.7979512e-06
2031	1.8001535e-06
2032	1.7865614e-06
2033	1.6428448e-06
2034	1.6189531e-06
2035	1.6459624e-06
2036	1.6108068e-06
2037	1.7149803e-06
2038	1.7851498e-06
2039	1.8841524e-06
2040	1.7197534e-06
2041	1.827063e-06
2042	1.921421e-06
2043	1.8535503e-06
2044	1.638801e-06
2045	1.6828864e-06
2046	1.4847545e-06
2047	1.3801561e-06
2048	1.2880187e-06
2049	1.2638727e-06
2050	1.2527436e-06
2051	1.3662939e-06
2052	1.4442172e-06
2053	1.6086805e-06
2054	1.6754509e-06
2055	1.7079782e-06
2056	2.0349696e-06
2057	1.9041702e-06
2058	1.68305e-06
2059	1.7608613e-06
2060	1.7501057e-06
2061	1.6690666e-06
2062	1.6612172e-06
2063	1.5479323e-06
2064	1.5935159e-06
2065	1.5470962e-06
2066	1.7097726e-06
2067	1.8832355e-06
2068	1.8704699e-06
2069	1.8317344e-06
2070	1.8707212e-06
2071	1.8662282e-06
2072	1.8180081e-06
2073	1.7659798e-06
2074	1.6253371e-06
2075	1.6250314e-06
2076	1.5984225e-06
2077	1.6447923e-06
2078	1.6400632e-06
2079	1.782033e-06
2080	1.7180711e-06
2081	1.9052952e-06
2082	1.8839557e-06
2083	1.8848437e-06
2084	1.8468182e-06
2085	1.576815e-06
2086	1.5867234e-06
2087	1.4618327e-06
2088	1.3191792e-06
2089	1.3019965e-06
2090	1.2411112e-06
2091	1.2921543e-06
2092	1.3624726e-06
2093	1.4698848e-06
2094	1.5949086e-06
2095	1.7746728e-06
2096	1.8437161e-06
2097	1.9730784e-06
2098	1.7653541e-06
2099	1.7667277e-06
2100	1.6197098e-06
2101	1.6235518e-06
2102	1.7098778e-06
2103	1.5815048e-06
2104	1.5405111e-06
2105	1.5661742e-06
2106	1.6920693e-06
2107	1.7757083e-06
2108	1.9136427e-06
2109	1.9477065e-06
2110	1.810662e-06
2111	1.8405226e-06
2112	1.8085802e-06
2113	1.8042624e-06
2114	1.5937758e-06
2115	1.6628723e-06
2116	1.6320635e-06
2117	1.5357014e-06
2118	1.6405477e-06
2119	1.7827701e-06
2120	1.7791542e-06
2121	1.7868371e-06
2122	1.7838909e-06
2123	1.7216153e-06
2124	1.8533609e-06
2125	1.7162218e-06
2126	1.706214e-06
2127	1.5797897e-06
2128	1.3839723e-06
2129	1.2871859e-06
2130	1.2556619e-06
2131	1.1939216e-06
2132	1.2674253e-06
2133	1.3830223e-06
2134	1.5604817e-06
2135	1.6763442e-06
2136	1.6792065e-06
2137	1.8537915e-06
2138	1.85464e-06
2139	1.7267368e-06
2140	1.7612425e-06
2141	1.726494e-06
2142	1.7093656e-06
2143	1.7019791e-06
2144	1.5830781e-06
2145	1.5623583e-06
2146	1.4783004e-06
2147	1.6607171e-06
2148	1.8278752e-06
2149	1.9192692e-06
2150	1.7814939e-06
2151	1.8846189e-06
2152	1.911675e-06
2153	1.912687e-06
2154	1.6353878e-06
2155	1.6500926e-06
2156	1.622454e-06
2157	1.6061478e-06
2158	1.6178293e-06
2159	1.638248e-06
2160	1.7048762e-06
2161	1.721902e-06
2162	1.8039506e-06
2163	1.8385503e-06
2164	1.8577299e-06
2165	1.8705682e-06
2166	1.6919486e-06
2167	1.5755216e-06
2168	1.5146793e-06
2169	1.4152609e-06
2170	1.2801813e-06
2171	1.2152341e-06
2172	1.2206628e-06
2173	1.3306888e-06
2174	1.2605041e-06
2175	1.4556336e-06
2176	1.5811274e-06
2177	1.8967477e-06
2178	1.7980511e-06
2179	1.8315262e-06
2180	1.754541e-06
2181	1.8206045e-06
2182	1.7530473e-06
2183	1.7206535e-06
2184	1.66346e-06
2185	1.521484e-06
2186	1.5794e-06
2187	1.6210382e-06
2188	1.6773089e-06
2189	1.8025851e-06
2190	1.9447479e-06
2191	1.9340928e-06
2192	1.8461558e-06
2193	1.9091568e-06
2194	1.7789145e-06
2195	1.7134598e-06
2196	1.6745385e-06
2197	1.6635499e-06
2198	1.5977938e-06
2199	1.5643303e-06
2200	1.6716066e-06
2201	1.7681425e-06
2202	1.7667322e-06
2203	1.9139381e-06
2204	1.8595611e-06
2205	1.9010279e-06
2206	1.7448029e-06
2207	1.7557547e-06
2208	1.5808309e-06
2209	1.4202396e-06
2210	1.379428e-06
2211	1.2548782e-06
2212	1.2281575e-06
2213	1.2344916e-06
2214	1.3067538e-06
2215	1.4566918e-06
2216	1.5041875e-06
2217	1.6935541e-06
2218	1.9110354e-06
2219	1.9336849e-06
2220	1.9232874e-06
2221	1.6373435e-06
2222	1.5366877e-06
2223	1.704767e-06
2224	1.7306278e-06
2225	1.6965434e-06
2226	1.5499623e-06
2227	1.4389445e-06
2228	1.6203991e-06
2229	1.7704415e-06
2230	1.810185e-06
2231	1.9386477e-06
2232	1.7255428e-06
2233	1.8701083e-06
2234	1.9144019e-06
2235	1.6879027e-06
2236	1.640059e-06
2237	1.646824e-06
2238	1.5670889e-06
2239	1.5204792e-06
2240	1.5903593e-06
2241	1.731012e-06
2242	1.7424585e-06
2243	1.7229519e-06
2244	1.9302425e-06
2245	1.8125005e-06
2246	1.770888e-06
2247	1.6960385e-06
2248	1.6004155e-06
2249	1.5253471e-06
2250	1.3331557e-06
2251	1.2166621e-06
2252	1.1850373e-06
2253	1.2568976e-06
2254	1.2961771e-06
2255	1.4157245e-06
2256	1.4043781e-06
2257	1.6214801e-06
2258	1.8036639e-06
2259	1.8486431e-06
2260	1.8541502e-06
2261	1.8739476e-06
2262	1.8462233e-06
2263	1.645292e-06
2264	1.7653535e-06
2265	1.7507264e-06
2266	1.6183721e-06
2267	1.5869486e-06
2268	1.5306561e-06
2269	1.6213328e-06
2270	1.6945074e-06
2271	1.7029762e-06
2272	1.6775383e-06
2273	1.8780636e-06
2274	1.8034067e-06
2275	1.7160708e-06
2276	1.8094138e-06
2277	1.6437095e-06
2278	1.6280312e-06
2279	1.5818765e-06
2280	1.4130401e-06
2281	1.4990582e-06
2282	1.6806011e-06
2283	1.6675534e-06
2284	1.9129623e-06
2285	1.7825647e-06
2286	1.830559e-06
2287	1.8286998e-06
2288	1.8000218e-06
2289	1.6903135e-06
2290	1.541993e-06
2291	1.4432987e-06
2292	1.2769562e-06
2293	1.307119e-06
2294	1.2254192e-06
2295	1.3728255e-06
2296	1.4272571e-06
2297	1.4950508e-06
2298	1.6525702e-06
2299	1.738902e-06
2300	1.7516609e-06
2301	1.9739677e-06
2302	1.9494441e-06
2303	1.6924736e-06
2304	1.7961369e-06
2305	1.6761436e-06
2306	1.7364757e-06
2307	1.6277552e-06
2308	1.6849818e-06
2309	1.6189972e-06
2310	1.6998303e-06
2311	1.7506728e-06
2312	1.9993938e-06
2313	1.9841803e-06
2314	1.7238523e-06
2315	1.8816964e-06
2316	1.8335219e-06
2317	1.7273872e-06
2318	1.6843309e-06
2319	1.5975521e-06
2320	1.4791206e-06
2321	1.5289848e-06
2322	1.6250277e-06
2323	1.7314019e-06
2324	1.8887077e-06
2325	1.7796318e-06
2326	1.7961756e-06
2327	1.7909807e-06
2328	1.7719008e-06
2329	1.741325e-06
2330	1.6247763e-06
2331	1.4697607e-06
2332	1.4457248e-06
2333	1.3952284e-06
2334	1.2055174e-06
2335	1.2788806e-06
2336	1.4476141e-06
2337	1.4641357e-06
2338	1.5951715e-06
2339	1.6942469e-06
2340	1.9782301e-06
2341	2.0286884e-06
2342	1.9871729e-06
2343	1.9837514e-06
2344	1.9020553e-06
2345	1.9096242e-06
2346	1.7594778e-06
2347	1.7622095e-06
2348	1.716206e-06
2349	1.6666503e-06
2350	1.6646436e-06
2351	1.6659376e-06
2352	1.8982467e-06
2353	1.9502129e-06
2354	2.0202173e-06
2355	1.9415976e-06
2356	1.8989072e-06
2357	1.8568674e-06
2358	1.7741913e-06
2359	1.5904887e-06
2360	1.7449067e-06
2361	1.608203e-06
2362	1.6611578e-06
2363	1.7723421e-06
2364	1.7298293e-06
2365	1.7742184e-06
2366	1.9059279e-06
2367	1.9720499e-06
2368	1.9854115e-06
2369	1.9592484e-06
2370	1.6585236e-06
2371	1.6401007e-06
2372	1.4684475e-06
2373	1.450398e-06
2374	1.3237317e-06
2375	1.2167853e-06
2376	1.257292e-06
2377	1.3467548e-06
2378	1.5160786e-06
2379	1.7354053e-06
2380	1.8375723e-06
2381	1.835909e-06
2382	1.9889956e-06
2383	1.9989674e-06
2384	1.8529909e-06
2385	1.6833847e-06
2386	1.8224135e-06
2387	1.8384174e-06
2388	1.8171594e-06
2389	1.7379384e-06
2390	1.7282004e-06
2391	1.7971573e-06
2392	1.8412916e-06
2393	1.960846e-06
2394	2.0146627e-06
2395	2.0032045e-06
2396	2.0467038e-06
2397	1.9028539e-06
2398	1.8447886e-06
2399	1.7301724e-06
2400	1.5922334e-06
2401	1.6981619e-06
2402	1.5926379e-06
2403	1.619234e-06
2404	1.8129448e-06
2405	1.7555696e-06
2406	1.9869471e-06
2407	1.7807568e-06
2408	1.7518695e-06
2409	2.0106692e-06
2410	1.9243513e-06
2411	1.7925815e-06
2412	1.5395697e-06
2413	1.5600151e-06
2414	1.4011749e-06
2415	1.3902729e-06
2416	1.3564378e-06
2417	1.3337487e-06
2418	1.4151113e-06
2419	1.5851836e-06
2420	1.7011404e-06
2421	1.7314143e-06
2422	1.9638713e-06
2423	1.9638359e-06
2424	1.9711178e-06
2425	1.8163435e-06
2426	1.8228267e-06
2427	1.7335041e-06
2428	1.6908625e-06
2429	1.7022815e-06
2430	1.6914408e-06
2431	1.7086698e-06
2432	1.7715098e-06
2433	1.843782e-06
2434	1.9577991e-06
2435	2.0461963e-06
2436	1.941989e-06
2437	1.8767881e-06
2438	1.9478917e-06
2439	1.7575525e-06
2440	1.8082569e-06
2441	1.7443396e-06
2442	1.667204e-06
2443	1.600969e-06
2444	1.5355958e-06
2445	1.7479335e-06
2446	1.9107475e-06
2447	1.983993e-06
2448	1.9022071e-06
2449	1.8716101e-06
2450	1.8825051e-06
2451	1.8745183e-06
2452	1.7111856e-06
2453	1.6769999e-06
2454	1.4904157e-06
2455	1.3786157e-06
2456	1.3429181e-06
2457	1.2695628e-06
2458	1.3803729e-06
2459	1.4365961e-06
2460	1.5571969e-06
2461	1.6379746e-06
2462	1.9537113e-06
2463	2.0152685e-06
2464	2.0822769e-06
2465	1.9703699e-06
2466	1.9066499e-06
2467	1.8776947e-06
2468	1.7162719e-06
2469	1.6202264e-06
2470	1.6283382e-06
2471	1.6791348e-06
2472	1.7485085e-06
2473	1.8319549e-06
2474	1.869301e-06
2475	1.9460014e-06
2476	1.9627564e-06
2477	1.9368424e-06
2478	1.9033257e-06
2479	1.8877713e-06
2480	1.8918465e-06
2481	1.7655507e-06
2482	1.7840136e-06
2483	1.7485162e-06
2484	1.7206768e-06
2485	1.5422435e-06
2486	1.8559222e-06
2487	1.8354796e-06
2488	1.9558568e-06
2489	2.0492631e-06
2490	2.0537449e-06
2491	1.9327391e-06
2492	1.8535083e-06
2493	1.6419289e-06
2494	1.5847497e-06
2495	1.4880754e-06
2496	1.3861309e-06
2497	1.2509927e-06
2498	1.3931281e-06
2499	1.3269335e-06
2500	1.520913e-06
2501	1.6047695e-06
2502	1.6189909e-06
2503	2.0253245e-06
2504	2.0661298e-06
2505	2.0152708e-06
2506	1.838674e-06
2507	1.7661735e-06
2508	1.8781774e-06
2509	1.7996014e-06
2510	1.8157667e-06
2511	1.5671835e-06
2512	1.7208043e-06
2513	1.6617906e-06
2514	1.8414675e-06
2515	1.9590071e-06
2516	1.9258783e-06
2517	1.8330555e-06
2518	1.7791674e-06
2519	2.066955e-06
2520	1.7610564e-06
2521	1.7767363e-06
2522	1.6827706e-06
2523	1.6166189e-06
2524	1.7477599e-06
2525	1.7383172e-06
2526	1.2777621e-06
2527	1.7790756e-06
2528	1.8112393e-06
2529	1.8947588e-06
2530	1.9528389e-06
2531	1.9426429e-06
2532	1.9660455e-06
2533	1.6344025e-06
2534	1.6794757e-06
2535	1.5916606e-06
2536	1.4067867e-06
2537	1.2827972e-06
2538	1.3085402e-06
2539	1.276577e-06
2540	1.3793673e-06
2541	1.3626467e-06
2542	1.7133776e-06
2543	1.8950985e-06
2544	1.9876861e-06
2545	1.9353228e-06
2546	1.785231e-06
2547	1.9182409e-06
2548	1.4582156e-06
2549	1.7802741e-06
2550	1.8224396e-06
2551	1.8049522e-06
2552	1.7073832e-06
2553	1.5400134e-06
2554	1.716262e-06
2555	1.8420662e-06
2556	1.8557341e-06
2557	1.7441771e-06
2558	2.0274139e-06
2559	1.8687035e-06
2560	1.9352754e-06
2561	1.8332237e-06
2562	1.6838291e-06
2563	1.2520311e-06
2564	1.6279135e-06
2565	1.5528111e-06
2566	1.4641123e-06
2567	1.3920584e-06
2568	1.6422479e-06
2569	1.9791056e-06
2570	1.8797916e-06
2571	2.0051379e-06
2572	1.8834256e-06
2573	1.8696737e-06
2574	1.7405127e-06
2575	1.6298006e-06
2576	1.4416472e-06
2577	1.4052483e-06
2578	1.2166294e-06
2579	1.2238091e-06
2580	1.4559409e-06
2581	1.4724274e-06
2582	1.5533877e-06
2583	1.5797888e-06
2584	1.7671106e-06
2585	1.8621047e-06
2586	2.1671595e-06
2587	1.9171913e-06
2588	1.681192e-06
2589	1.4829076e-06
2590	1.5785689e-06
2591	1.8143406e-06
2592	1.7621261e-06
2593	1.624312e-06
2594	1.730341e-06
2595	1.6283277e-06
2596	1.7261528e-06
2597	1.7497322e-06
2598	2.0540938e-06
2599	1.9546943e-06
2600	1.8713633e-06
2601	2.0468223e-06
2602	1.8889551e-06
2603	1.592136e-06
2604	1.7351851e-06
2605	1.7475849e-06
2606	1.3370591e-06
2607	1.7614219e-06
2608	1.6282317e-06
2609	1.7673893e-06
2610	1.790643e-06
2611	1.9468623e-06
2612	1.9813254e-06
2613	2.0020119e-06
2614	1.818477e-06
2615	1.6535957e-06
2616	1.5041687e-06
2617	1.395821e-06
2618	1.3543992e-06
2619	1.1996317e-06
2620	1.1761928e-06
2621	1.4424882e-06
2622	1.4509782e-06
2623	1.5322026e-06
2624	1.7919712e-06
2625	1.9140521e-06
2626	1.8926274e-06
2627	2.1052195e-06
2628	1.7964499e-06
2629	1.8967999e-06
2630	1.7515588e-06
2631	1.6462142e-06
2632	1.7713725e-06
2633	1.6057427e-06
2634	1.5064517e-06
2635	1.6449467e-06
2636	1.8177341e-06
2637	1.8323143e-06
2638	1.7640693e-06
2639	2.0106602e-06
2640	1.8581563e-06
2641	1.959324e-06
2642	1.918353e-06
2643	1.7829524e-06
2644	1.3825901e-06
2645	1.7546321e-06
2646	1.53863e-06
2647	1.6709414e-06
2648	1.5837418e-06
2649	1.6508003e-06
2650	1.6667221e-06
2651	1.9296857e-06
2652	1.7700115e-06
2653	1.8410042e-06
2654	1.8552584e-06
2655	1.8348035e-06
2656	1.6905441e-06
2657	1.4526411e-06
2658	1.4839956e-06
2659	1.2487202e-06
2660	1.2353809e-06
2661	1.2006271e-06
2662	1.4760848e-06
2663	1.4494499e-06
2664	1.4718971e-06
2665	1.7177211e-06
2666	1.8385639e-06
2667	2.1355554e-06
2668	1.9428066e-06
2669	1.713016e-06
2670	1.5323561e-06
2671	1.7535051e-06
2672	1.6712382e-06
2673	1.7712906e-06
2674	1.7318213e-06
2675	1.5748879e-06
2676	1.6924945e-06
2677	1.7531756e-06
2678	1.7654131e-06
2679	2.0599737e-06
2680	1.9724612e-06
2681	1.8864932e-06
2682	1.8371914e-06
2683	1.7803258e-06
2684	1.6763875e-06
2685	1.3795351e-06
2686	1.636831e-06
2687	1.5485884e-06
2688	1.2041815e-06
2689	1.6853977e-06
2690	1.5554409e-06
2691	1.7327792e-06
2692	1.9570063e-06
2693	1.7813393e-06
2694	1.8443709e-06
2695	1.8438455e-06
2696	1.7956366e-06
2697	1.6336945e-06
2698	1.5353491e-06
2699	1.460856e-06
2700	1.1893455e-06
2701	1.2778593e-06
2702	1.3644512e-06
2703	1.2647544e-06
2704	1.5255079e-06
2705	1.5062723e-06
2706	1.6929169e-06
2707	1.9934735e-06
2708	1.9007134e-06
2709	2.0946463e-06
2710	1.8073191e-06
2711	1.5056034e-06
2712	1.7283997e-06
2713	1.655569e-06
2714	1.6704375e-06
2715	1.6075524e-06
2716	1.6469777e-06
2717	1.7634824e-06
2718	1.8699668e-06
2719	1.9106625e-06
2720	1.8844171e-06
2721	1.8768771e-06
2722	1.8327547e-06
2723	1.8375468e-06
2724	1.7855496e-06
2725	1.5124823e-06
2726	1.4268183e-06
2727	1.2238472e-06
2728	1.4733701e-06
2729	1.5458919e-06
2730	1.8501856e-06
2731	1.8434934e-06
2732	1.7833294e-06
2733	1.9178308e-06
2734	1.9739864e-06
2735	1.9846651e-06
2736	1.9544208e-06
2737	1.7947108e-06
2738	1.5374066e-06
2739	1.2942624e-06
2740	1.2009631e-06
2741	1.2530136e-06
2742	1.0774115e-06
2743	1.4216858e-06
2744	1.5357472e-06
2745	1.4339528e-06
2746	1.6920983e-06
2747	1.8873809e-06
2748	1.8969947e-06
2749	2.0223284e-06
2750	1.7667512e-06
2751	1.5695832e-06
2752	1.4989313e-06
2753	1.5128767e-06
2754	1.606023e-06
2755	1.6498458e-06
2756	1.6133039e-06
2757	1.6715247e-06
2758	1.7905802e-06
2759	1.8869312e-06
2760	1.9172249e-06
2761	1.8717002e-06
2762	1.81086e-06
2763	1.7656567e-06
2764	1.7398353e-06
2765	1.6643149e-06
2766	1.3845516e-06
2767	1.7132963e-06
2768	1.5350831e-06
2769	1.603256e-06
2770	1.5275362e-06
2771	1.7848977e-06
2772	1.5570753e-06
2773	1.7601474e-06
2774	1.8831985e-06
2775	1.935788e-06
2776	1.921932e-06
2777	1.8400639e-06
2778	1.5911226e-06
2779	1.4009065e-06
2780	1.2146471e-06
2781	1.1926009e-06
2782	1.1914436e-06
2783	1.0712337e-06
2784	1.4257854e-06
2785	1.2423682e-06
2786	1.6030023e-06
2787	1.7171546e-06
2788	1.793124e-06
2789	1.7828192e-06
2790	1.7282542e-06
2791	1.6425896e-06
2792	1.5399234e-06
2793	1.3831571e-06
2794	1.3893544e-06
2795	1.4828068e-06
2796	1.5115449e-06
2797	1.5176416e-06
2798	1.6103437e-06
2799	1.7321111e-06
2800	1.8138424e-06
2801	1.8263874e-06
2802	1.7653864e-06
2803	1.7200906e-06
2804	1.6900531e-06
2805	2.0118668e-06
2806	1.7346964e-06
2807	1.7170687e-06
2808	1.514328e-06
2809	1.5481578e-06
2810	1.5571324e-06
2811	1.4693373e-06
2812	1.6733869e-06
2813	1.6884541e-06
2814	1.6453219e-06
2815	1.8091948e-06
2816	1.8821476e-06
2817	1.8803937e-06
2818	1.7345384e-06
2819	1.7441867e-06
2820	1.2761895e-06
2821	1.3487034e-06
2822	1.4146319e-06
2823	1.3713221e-06
2824	1.0806065e-06
2825	1.3216899e-06
2826	1.4052486e-06
2827	1.5277196e-06
2828	1.6107405e-06
2829	1.6721152e-06
2830	1.6890205e-06
2831	1.6088792e-06
2832	1.9592972e-06
2833	1.6632515e-06
2834	1.8106098e-06
2835	1.5212532e-06
2836	1.773681e-06
2837	1.4686867e-06
2838	1.3585126e-06
2839	1.5023968e-06
2840	1.7066167e-06
2841	1.8340812e-06
2842	1.8224425e-06
2843	1.7142298e-06
2844	1.6522022e-06
2845	1.9419954e-06
2846	1.6983503e-06
2847	1.6634122e-06
2848	1.4803091e-06
2849	1.5373365e-06
2850	1.5986727e-06
2851	1.6213047e-06
2852	1.5416915e-06
2853	1.8519207e-06
2854	1.465697e-06
2855	1.5538152e-06
2856	1.6865434e-06
2857	1.732513e-06
2858	1.7066194e-06
2859	1.4407417e-06
2860	1.6888086e-06
2861	1.508676e-06
2862	1.5068123e-06
2863	1.1747501e-06
2864	1.1130864e-06
2865	1.3341256e-06
2866	1.2057045e-06
2867	1.2653783e-06
2868	1.4644872e-06
2869	1.5206391e-06
2870	1.5572096e-06
2871	2.0700608e-06
2872	1.6772837e-06
2873	1.6205537e-06
2874	1.811268e-06
2875	1.8626294e-06
2876	1.7997564e-06
2877	1.4523562e-06
2878	1.2918897e-06
2879	1.6099864e-06
2880	1.7836089e-06
2881	1.6180355e-06
2882	1.6737463e-06
2883	2.0158991e-06
2884	1.7274674e-06
2885	1.9838515e-06
2886	1.6462248e-06
2887	1.6867294e-06
2888	1.5196645e-06
2889	1.5768837e-06
2890	1.6646304e-06
2891	1.2682719e-06
2892	1.5877535e-06
2893	1.5571133e-06
2894	1.8447789e-06
2895	1.5606961e-06
2896	1.5295972e-06
2897	1.9775303e-06
2898	1.8243349e-06
2899	1.5845283e-06
2900	1.6951546e-06
2901	1.5380422e-06
2902	1.507237e-06
2903	1.334521e-06
2904	1.1034142e-06
2905	1.0667665e-06
2906	1.3213508e-06
2907	1.2463473e-06
2908	1.4241414e-06
2909	1.6440967e-06
2910	1.8852972e-06
2911	2.0139161e-06
2912	1.7099751e-06
2913	1.9595884e-06
2914	1.8064858e-06
2915	1.6222352e-06
2916	1.5626622e-06
2917	1.557761e-06
2918	1.4595297e-06
2919	1.3277505e-06
2920	1.4830216e-06
2921	1.3310156e-06
2922	1.5787062e-06
2923	1.6785565e-06
2924	1.6294779e-06
2925	1.9792894e-06
2926	1.6999999e-06
2927	1.8918846e-06
2928	1.5047215e-06
2929	1.5307983e-06
2930	1.5884158e-06
2931	1.6577033e-06
2932	1.2410968e-06
2933	1.5635014e-06
2934	1.5583059e-06
2935	1.9073446e-06
2936	1.6467142e-06
2937	1.522865e-06
2938	1.9752769e-06
2939	1.5265391e-06
2940	1.7758511e-06
2941	1.6467419e-06
2942	1.4711144e-06
2943	1.239588e-06
2944	1.2002175e-06
2945	1.1526746e-06
2946	1.0980951e-06
2947	1.3794259e-06
2948	1.3596873e-06
2949	1.5476408e-06
2950	1.6039371e-06
2951	1.7814738e-06
2952	1.860546e-06
2953	1.8691722e-06
2954	1.6635666e-06
2955	1.7963072e-06
2956	1.8341484e-06
2957	1.6745606e-06
2958	1.6393712e-06
2959	1.5500443e-06
2960	1.4121095e-06
2961	1.6867332e-06
2962	1.738091e-06
2963	1.7296579e-06
2964	1.7134339e-06
2965	1.9829831e-06
2966	1.8043115e-06
2967	1.6123001e-06
2968	1.8786282e-06
2969	1.6715585e-06
2970	1.4992326e-06
2971	1.643638e-06
2972	1.291983e-06
2973	1.2340656e-06
2974	1.6007764e-06
2975	1.6382433e-06
2976	1.5033874e-06
2977	1.9056302e-06
2978	1.9413873e-06
2979	1.9169611e-06
2980	1.870702e-06
2981	1.8312049e-06
2982	1.4323715e-06
2983	1.2373977e-06
2984	1.2311839e-06
2985	1.2251094e-06
2986	1.2076117e-06
2987	1.1682405e-06
2988	1.1125672e-06
2989	1.4049039e-06
2990	1.6926133e-06
2991	1.6673332e-06
2992	1.8385914e-06
2993	1.9730708e-06
2994	2.009928e-06
2995	1.9013083e-06
2996	1.7236491e-06
2997	1.8906897e-06
2998	1.5858487e-06
2999	1.7214106e-06
3000	1.2699152e-06
3001	1.4760988e-06
3002	1.409636e-06
3003	1.5723223e-06
3004	1.7561721e-06
3005	2.0191033e-06
3006	1.8787088e-06
3007	1.8294168e-06
3008	1.9077277e-06
3009	1.4800094e-06
3010	1.6771734e-06
3011	1.3580007e-06
3012	1.7313086e-06
3013	1.2635312e-06
3014	1.3085361e-06
3015	1.7598201e-06
3016	1.8089318e-06
3017	1.6178227e-06
3018	1.6278211e-06
3019	1.9302861e-06
3020	1.8405686e-06
3021	1.9266866e-06
3022	1.7666858e-06
3023	1.6193572e-06
3024	1.3063377e-06
3025	1.3613079e-06
3026	1.3750219e-06
3027	1.3309022e-06
3028	1.182788e-06
3029	1.2260147e-06
3030	1.2108178e-06
3031	1.5908182e-06
3032	1.654993e-06
3033	1.9280566e-06
3034	2.061704e-06
3035	1.8607226e-06
3036	1.8071466e-06
3037	1.6562503e-06
3038	1.8646148e-06
3039	1.4578494e-06
3040	1.7414556e-06
3041	1.5883026e-06
3042	1.659295e-06
3043	1.6781361e-06
3044	1.6419651e-06
3045	1.7653534e-06
3046	1.7962341e-06
3047	1.6723625e-06
3048	1.6787438e-06
3049	1.7134759e-06
3050	1.8805169e-06
3051	1.7408961e-06
3052	1.7486319e-06
3053	1.3589617e-06
3054	1.3873491e-06
3055	1.4161038e-06
3056	1.7704203e-06
3057	1.6702028e-06
3058	1.7096444e-06
3059	1.7635092e-06
3060	1.738363e-06
3061	1.9708834e-06
3062	1.8200028e-06
3063	1.713708e-06
3064	1.4230965e-06
3065	1.3860547e-06
3066	1.3796138e-06
3067	1.3733816e-06
3068	1.3151061e-06
3069	1.1806396e-06
3070	1.2545298e-06
3071	1.5892263e-06
3072	1.7153589e-06
3073	1.5216897e-06
3074	2.0653483e-06
3075	1.5729765e-06
3076	1.627131e-06
3077	1.9054782e-06
3078	1.8170842e-06
3079	1.5163865e-06
3080	1.8232548e-06
3081	1.6484586e-06
3082	1.6371249e-06
3083	1.6852511e-06
3084	1.5545302e-06
3085	1.6932925e-06
3086	1.6600566e-06
3087	1.7682764e-06
3088	1.5963751e-06
3089	1.7031157e-06
3090	1.5983295e-06
3091	1.71267e-06
3092	1.4826849e-06
3093	1.4612141e-06
3094	1.4472997e-06
3095	1.4517862e-06
3096	1.4657601e-06
3097	1.7770366e-06
3098	1.7017889e-06
3099	1.820186e-06
3100	1.8653117e-06
3101	1.8378833e-06
3102	1.9953976e-06
3103	1.4850485e-06
3104	1.6918525e-06
3105	1.5609456e-06
3106	1.4713263e-06
3107	1.3401835e-06
3108	1.3546802e-06
3109	1.3410718e-06
3110	1.243371e-06
3111	1.2813812e-06
3112	1.5596804e-06
3113	1.4630107e-06
3114	1.3582774e-06
3115	1.8992835e-06
3116	1.5976018e-06
3117	1.67013e-06
3118	1.7045406e-06
3119	1.7904783e-06
3120	1.7095395e-06
3121	1.6635476e-06
3122	1.6696451e-06
3123	1.5891875e-06
3124	1.7429169e-06
3125	1.5678132e-06
3126	1.7080425e-06
3127	1.9621333e-06
3128	1.6644296e-06
3129	1.7951138e-06
3130	1.4993451e-06
3131	1.6978431e-06
3132	1.6985647e-06
3133	1.7897719e-06
3134	1.4859727e-06
3135	1.52192e-06
3136	1.5250332e-06
3137	1.521159e-06
3138	1.7785372e-06
3139	1.9132779e-06
3140	1.5272972e-06
3141	1.6611068e-06
3142	1.6792818e-06
3143	1.7369928e-06
3144	1.806769e-06
3145	1.5100776e-06
3146	1.5603173e-06
3147	1.419775e-06
3148	1.3232687e-06
3149	1.2844116e-06
3150	1.2704976e-06
3151	1.3357097e-06
3152	1.3972507e-06
3153	1.6787723e-06
3154	1.7399715e-06
3155	1.894805e-06
3156	2.047448e-06
3157	1.766305e-06
3158	1.7808851e-06
3159	1.8487904e-06
3160	1.8404288e-06
3161	1.784887e-06
3162	1.7362217e-06
3163	1.4386583e-06
3164	1.4482331e-06
3165	1.708112e-06
3166	1.7816557e-06
3167	1.7477092e-06
3168	1.8660118e-06
3169	1.4232901e-06
3170	1.3205853e-06
3171	1.9174851e-06
3172	1.8156467e-06
3173	1.7656402e-06
3174	1.5060521e-06
3175	1.5396446e-06
3176	1.53287e-06
3177	1.5324849e-06
3178	1.5219338e-06
3179	1.7346799e-06
3180	1.918404e-06
3181	1.8529784e-06
3182	1.799633e-06
3183	1.8075684e-06
3184	1.8187758e-06
3185	1.8164549e-06
3186	1.537398e-06
3187	1.5478598e-06
3188	1.3709481e-06
3189	1.2703859e-06
3190	1.2285163e-06
3191	1.3541748e-06
3192	1.3978446e-06
3193	1.3985554e-06
3194	1.5927712e-06
3195	1.7987e-06
3196	1.6833634e-06
3197	1.6053599e-06
3198	1.718734e-06
3199	1.9089792e-06
3200	1.6544688e-06
3201	1.6789571e-06
3202	1.6840065e-06
3203	1.6679294e-06
3204	1.6620976e-06
3205	1.5482607e-06
3206	1.6771074e-06
3207	1.8642541e-06
3208	2.0186333e-06
3209	1.7109075e-06
3210	1.6958908e-06
3211	2.0076561e-06
3212	1.9944535e-06
3213	1.963717e-06
3214	1.7156367e-06
3215	1.7215664e-06
3216	1.7314974e-06
3217	1.4760911e-06
3218	1.742707e-06
3219	1.6710928e-06
3220	1.8036087e-06
3221	1.8719462e-06
3222	1.9496285e-06
3223	2.0749076e-06
3224	1.6903713e-06
3225	1.9337055e-06
3226	1.7965734e-06
3227	1.5519179e-06
3228	1.5496983e-06
3229	1.3255318e-06
3230	1.2146075e-06
3231	1.3733539e-06
3232	1.404824e-06
3233	1.3677992e-06
3234	1.4878247e-06
3235	1.6569361e-06
3236	1.5546326e-06
3237	1.5427572e-06
3238	2.1000377e-06
3239	1.7015592e-06
3240	1.8733288e-06
3241	1.8972054e-06
3242	1.7141212e-06
3243	1.6058213e-06
3244	1.5421603e-06
3245	1.5164361e-06
3246	1.6944371e-06
3247	1.5188136e-06
3248	1.5702194e-06
3249	1.7217744e-06
3250	1.709215e-06
3251	1.3055819e-06
3252	1.8211299e-06
3253	1.9603206e-06
3254	1.7646192e-06
3255	1.6170855e-06
3256	1.6620836e-06
3257	1.6881062e-06
3258	1.6884786e-06
3259	1.6627393e-06
3260	1.5630931e-06
3261	1.8756767e-06
3262	1.6971011e-06
3263	1.4733287e-06
3264	1.3483625e-06
3265	1.3416594e-06
3266	1.5846177e-06
3267	1.7413645e-06
3268	1.5686308e-06
3269	1.4206791e-06
3270	1.2007071e-06
3271	1.384743e-06
3272	1.1453211e-06
3273	1.3825603e-06
3274	1.2679056e-06
3275	1.5512969e-06
3276	1.5031843e-06
3277	1.4219893e-06
3278	1.9108036e-06
3279	1.9477283e-06
3280	1.5643787e-06
3281	1.8145351e-06
3282	1.8866053e-06
3283	1.639579e-06
3284	1.5117718e-06
3285	1.4600392e-06
3286	1.4026034e-06
3287	1.7585175e-06
3288	1.5569078e-06
3289	1.5068624e-06
3290	1.6246805e-06
3291	2.0219956e-06
3292	1.9649431e-06
3293	1.697801e-06
3294	1.4242853e-06
3295	1.8942731e-06
3296	1.5780538e-06
3297	1.5841244e-06
3298	1.6111208e-06
3299	1.6188939e-06
3300	1.5939975e-06
3301	1.4856763e-06
3302	1.7801511e-06
3303	1.7588309e-06
3304	1.5912241e-06
3305	1.494285e-06
3306	1.4721316e-06
3307	1.7003039e-06
3308	1.3799371e-06
3309	1.5149336e-06
3310	1.4406762e-06
3311	1.1731085e-06
3312	1.0932148e-06
3313	1.332191e-06
3314	1.4730519e-06
3315	1.3067649e-06
3316	1.5822078e-06
3317	1.55008e-06
3318	1.5282008e-06
3319	2.0322782e-06
3320	1.5741731e-06
3321	1.6362937e-06
3322	1.9161431e-06
3323	1.5840117e-06
3324	1.5729072e-06
3325	1.5266381e-06
3326	1.5316157e-06
3327	1.4673268e-06
3328	1.7015858e-06
3329	1.8754779e-06
3330	1.9728156e-06
3331	1.9178255e-06
3332	1.7118815e-06
3333	1.9397274e-06
3334	1.7978292e-06
3335	1.894514e-06
3336	1.5082197e-06
3337	1.5618249e-06
3338	1.605605e-06
3339	1.6420841e-06
3340	1.6608297e-06
3341	1.5772123e-06
3342	1.8557029e-06
3343	1.9191064e-06
3344	1.5868384e-06
3345	1.8292414e-06
3346	1.8875102e-06
3347	1.799696e-06
3348	1.8401065e-06
3349	1.5275536e-06
3350	1.5213357e-06
3351	1.4144908e-06
3352	1.1613328e-06
3353	1.3930678e-06
3354	1.3976677e-06
3355	1.4556399e-06
3356	1.5647447e-06
3357	1.7146432e-06
3358	1.8712964e-06
3359	2.0366408e-06
3360	2.0019957e-06
3361	1.8767966e-06
3362	1.7274777e-06
3363	1.8263705e-06
3364	1.6149403e-06
3365	1.9148498e-06
3366	1.5785409e-06
3367	1.4367142e-06
3368	1.631935e-06
3369	1.8016157e-06
3370	1.8457485e-06
3371	1.8602673e-06
3372	1.6905686e-06
3373	1.6427196e-06
3374	1.97522e-06
3375	1.6928388e-06
3376	1.6648382e-06
3377	1.8127945e-06
3378	1.6534577e-06
3379	1.6362807e-06
3380	1.6417017e-06
3381	1.6396209e-06
3382	1.5325559e-06
3383	1.9034306e-06
3384	1.851474e-06
3385	1.9948831e-06
3386	1.8889035e-06
3387	1.6725797e-06
3388	1.6826456e-06
3389	1.7511626e-06
3390	1.5712196e-06
3391	1.5648968e-06
3392	1.4121264e-06
3393	1.4763821e-06
3394	1.1945713e-06
3395	1.3922203e-06
3396	1.5149386e-06
3397	1.5091065e-06
3398	1.6277148e-06
3399	1.6649686e-06
3400	2.0491039e-06
3401	1.84317e-06
3402	1.9876458e-06
3403	1.9560242e-06
3404	1.5735198e-06
3405	1.9059267e-06
3406	1.6331163e-06
3407	1.7566671e-06
3408	1.5599782e-06
3409	1.6572957e-06
3410	1.6358179e-06
3411	1.7589386e-06
3412	1.8240517e-06
3413	1.7923809e-06
3414	1.7289573e-06
3415	1.7051235e-06
3416	1.6733213e-06
3417	1.835278e-06
3418	1.6377793e-06
3419	1.6145604e-06
3420	1.648606e-06
3421	1.6981011e-06
3422	1.6672663e-06
3423	1.8670764e-06
3424	1.8678203e-06
3425	1.9116081e-06
3426	1.8304428e-06
3427	1.9087275e-06
3428	1.8959977e-06
3429	1.8005865e-06
3430	1.8389912e-06
3431	1.6534276e-06
3432	1.4396218e-06
3433	1.2560201e-06
3434	1.4107425e-06
3435	1.2121985e-06
3436	1.322349e-06
3437	1.5701557e-06
3438	1.5460002e-06
3439	1.6194624e-06
3440	1.7717581e-06
3441	1.7805347e-06
3442	1.8549942e-06
3443	2.081412e-06
3444	1.9201647e-06
3445	1.701382e-06
3446	1.7818008e-06
3447	1.6043687e-06
3448	1.6584306e-06
3449	1.5637331e-06
3450	1.5852395e-06
3451	1.8467002e-06
3452	1.9670454e-06
3453	2.0164853e-06
3454	1.9617991e-06
3455	1.899541e-06
3456	1.8797438e-06
3457	1.8480439e-06
3458	1.6546034e-06
3459	1.7936494e-06
3460	1.7812803e-06
3461	1.7416913e-06
3462	1.723272e-06
3463	1.6371818e-06
3464	1.7351811e-06
3465	1.9753184e-06
3466	1.9166003e-06
3467	2.0414795e-06
3468	2.090104e-06
3469	2.0881965e-06
3470	1.8285605e-06
3471	1.7908333e-06
3472	1.5497702e-06
3473	1.523906e-06
3474	1.2843109e-06
3475	1.3268946e-06
3476	1.3894434e-06
3477	1.4772736e-06
3478	1.5675652e-06
3479	1.5075701e-06
3480	1.7042602e-06
3481	1.9767288e-06
3482	2.084672e-06
3483	2.0023838e-06
3484	1.80346e-06
3485	1.7885018e-06
3486	1.9969217e-06
3487	1.7629092e-06
3488	1.6934341e-06
3489	1.7160111e-06
3490	1.7444887e-06
3491	1.8678185e-06
3492	1.7480709e-06
3493	1.8459757e-06
3494	2.0729545e-06
3495	2.1212451e-06
3496	2.0948283e-06
3497	2.0461761e-06
3498	2.032471e-06
3499	1.8150049e-06
3500	1.6465086e-06
3501	1.7874563e-06
3502	1.7648437e-06
3503	1.7267831e-06
3504	1.8378906e-06
3505	1.9621239e-06
3506	1.7748116e-06
3507	2.0636024e-06
3508	1.9588378e-06
3509	2.0292473e-06
3510	1.9595362e-06
3511	1.8947619e-06
3512	1.7981203e-06
3513	1.5112785e-06
3514	1.4702782e-06
3515	1.4945407e-06
3516	1.2711822e-06
3517	1.4595459e-06
3518	1.3540368e-06
3519	1.5039253e-06
3520	1.6277454e-06
3521	1.6927165e-06
3522	1.9608561e-06
3523	2.1756841e-06
3524	2.1224251e-06
3525	1.9517706e-06
3526	1.8219027e-06
3527	1.8166014e-06
3528	1.8937451e-06
3529	1.884568e-06
3530	1.6008876e-06
3531	1.6005746e-06
3532	1.8726844e-06
3533	1.8128431e-06
3534	2.04813e-06
3535	1.9272086e-06
3536	1.981242e-06
3537	2.1028127e-06
3538	1.8900548e-06
3539	1.9195553e-06
3540	1.9077986e-06
3541	1.8273598e-06
3542	1.6780188e-06
3543	1.5673287e-06
3544	1.5573126e-06
3545	1.6828601e-06
3546	1.9226671e-06
3547	2.0456116e-06
3548	1.9202522e-06
3549	1.8019382e-06
3550	1.7982463e-06
3551	1.821341e-06
3552	1.7285286e-06
3553	1.7946489e-06
3554	1.5764193e-06
3555	1.3628436e-06
3556	1.3832932e-06
3557	1.3326329e-06
3558	1.2531513e-06
3559	1.5245003e-06
3560	1.6447967e-06
3561	1.7193633e-06
3562	1.7455682e-06
3563	2.0755531e-06
3564	2.2354629e-06
3565	2.1560768e-06
3566	2.0309481e-06
3567	1.9538313e-06
3568	1.9097958e-06
3569	1.6344339e-06
3570	1.7697673e-06
3571	1.5634183e-06
3572	1.4897461e-06
3573	1.5990222e-06
3574	1.7234949e-06
3575	2.13546e-06
3576	1.9690407e-06
3577	2.0944628e-06
3578	1.8761487e-06
3579	2.012441e-06
3580	1.8489899e-06
3581	1.7638823e-06
3582	1.7758305e-06
3583	1.6066412e-06
3584	1.5152089e-06
3585	1.7854969e-06
3586	1.9309059e-06
3587	1.673185e-06
3588	2.0192656e-06
3589	1.9287715e-06
3590	1.8914022e-06
3591	1.891599e-06
3592	1.8706232e-06
3593	1.7245234e-06
3594	1.7120732e-06
3595	1.6588927e-06
3596	1.5469514e-06
3597	1.3937413e-06
3598	1.4465193e-06
3599	1.5044198e-06
3600	1.5570459e-06
3601	1.5970308e-06
3602	1.8189075e-06
3603	1.7848633e-06
3604	2.1658455e-06
3605	1.9280369e-06
3606	2.0336248e-06
3607	1.7081014e-06
3608	1.7581798e-06
3609	1.9821022e-06
3610	1.7219008e-06
3611	1.8423596e-06
3612	1.6692369e-06
3613	1.5580375e-06
3614	1.6638235e-06
3615	1.7802568e-06
3616	1.852894e-06
3617	1.840808e-06
3618	1.8057965e-06
3619	2.1191338e-06
3620	1.9429987e-06
3621	1.7072893e-06
3622	1.6459959e-06
3623	1.8590967e-06
3624	1.4971955e-06
3625	1.4856802e-06
3626	1.6908766e-06
3627	1.6444482e-06
3628	1.9785217e-06
3629	1.7353132e-06
3630	1.8197927e-06
3631	1.8842182e-06
3632	1.9124163e-06
3633	1.866297e-06
3634	1.6191189e-06
3635	1.4064701e-06
3636	1.6339687e-06
3637	1.5406855e-06
3638	1.4833624e-06
3639	1.258998e-06
3640	1.5405058e-06
3641	1.5990795e-06
3642	1.7011232e-06
3643	1.7737678e-06
3644	1.8211144e-06
3645	1.8305553e-06
3646	2.1347823e-06
3647	1.8088522e-06
3648	1.9121612e-06
3649	1.6257368e-06
3650	1.8702073e-06
3651	1.634524e-06
3652	1.7817787e-06
3653	1.7725431e-06
3654	1.703966e-06
3655	1.7185507e-06
3656	1.7685536e-06
3657	1.8295132e-06
3658	1.8124663e-06
3659	2.1298602e-06
3660	1.9546861e-06
3661	2.1019602e-06
3662	1.7402757e-06
3663	1.7964043e-06
3664	1.8280579e-06
3665	1.6187053e-06
3666	1.596467e-06
3667	1.8209182e-06
3668	1.9229453e-06
3669	1.6601827e-06
3670	2.081648e-06
3671	1.9394818e-06
3672	1.8544336e-06
3673	1.7975077e-06
3674	1.7181809e-06
3675	1.8542954e-06
3676	1.7509064e-06
3677	1.3973215e-06
3678	1.3614444e-06
3679	1.3429466e-06
3680	1.1549003e-06
3681	1.4885213e-06
3682	1.5905344e-06
3683	1.6701331e-06
3684	1.7218908e-06
3685	1.7637066e-06
3686	2.1632217e-06
3687	1.869717e-06
3688	1.9786603e-06
3689	1.662597e-06
3690	1.9992988e-06
3691	1.6357211e-06
3692	1.9386708e-06
3693	1.8232537e-06
3694	1.584565e-06
3695	1.5922127e-06
3696	1.7062202e-06
3697	1.8118723e-06
3698	1.8640866e-06
3699	1.8403525e-06
3700	1.8149815e-06
3701	1.8018672e-06
3702	1.7658864e-06
3703	1.9699331e-06
3704	1.7931009e-06
3705	1.7591731e-06
3706	1.7190971e-06
3707	1.8274125e-06
3708	1.8642864e-06
3709	1.6438263e-06
3710	1.9979366e-06
3711	1.7225768e-06
3712	1.8100075e-06
3713	1.8406049e-06
3714	1.8286584e-06
3715	1.7020526e-06
3716	1.616541e-06
3717	1.6710862e-06
3718	1.3623116e-06
3719	1.3487293e-06
3720	1.3674479e-06
3721	1.5612343e-06
3722	1.4779187e-06
3723	1.6381919e-06
3724	1.7195894e-06
3725	1.7805278e-06
3726	1.8068313e-06
3727	2.1671296e-06
3728	1.8595511e-06
3729	1.9317206e-06
3730	2.006931e-06
3731	2.0206833e-06
3732	1.6578767e-06
3733	1.7263557e-06
3734	1.474004e-06
3735	1.4318815e-06
3736	1.5999669e-06
3737	1.7507235e-06
3738	1.8394538e-06
3739	1.8503888e-06
3740	2.1713682e-06
3741	1.958511e-06
3742	2.1240238e-06
3743	1.8824188e-06
3744	1.7019537e-06
3745	1.6565541e-06
3746	1.7144438e-06
3747	1.6070564e-06
3748	1.7315508e-06
3749	1.6965213e-06
3750	1.9031817e-06
3751	1.69705e-06
3752	1.7495524e-06
3753	1.7829664e-06
3754	1.820444e-06
3755	1.803883e-06
3756	1.6693353e-06
3757	1.7893186e-06
3758	1.5053611e-06
3759	1.5518421e-06
3760	1.291729e-06
3761	1.4183724e-06
3762	1.5409118e-06
3763	1.4860891e-06
3764	1.5673257e-06
3765	1.6631082e-06
3766	1.7492645e-06
3767	2.1352094e-06
3768	2.2863377e-06
3769	2.2437788e-06
3770	2.1154943e-06
3771	2.0284057e-06
3772	1.9875536e-06
3773	1.6513653e-06
3774	1.6593029e-06
3775	1.7833944e-06
3776	1.4843156e-06
3777	1.6429195e-06
3778	1.7485033e-06
3779	1.8106381e-06
3780	2.1842873e-06
3781	1.9479165e-06
3782	2.141973e-06
3783	1.8883295e-06
3784	2.0305622e-06
3785	1.5866989e-06
3786	1.8192698e-06
3787	1.7950313e-06
3788	1.8013751e-06
3789	1.7253944e-06
3790	1.8396939e-06
3791	1.9604557e-06
3792	1.7510322e-06
3793	2.1363518e-06
3794	1.9426104e-06
3795	1.8221111e-06
3796	1.7270598e-06
3797	1.8640501e-06
3798	1.6534367e-06
3799	1.4345811e-06
3800	1.3326248e-06
3801	1.4797447e-06
3802	1.488288e-06
3803	1.3652752e-06
3804	1.4613551e-06
3805	1.5658049e-06
3806	1.660999e-06
3807	1.7188086e-06
3808	2.084851e-06
3809	2.240041e-06
3810	2.1704428e-06
3811	2.0375479e-06
3812	1.922654e-06
3813	1.888815e-06
3814	1.9515151e-06
3815	1.5741718e-06
3816	1.5909843e-06
3817	1.90114e-06
3818	1.6100235e-06
3819	1.7186513e-06
3820	2.1749481e-06
3821	1.9593943e-06
3822	2.1277127e-06
3823	1.8846276e-06
3824	1.9909656e-06
3825	1.9877701e-06
3826	1.8283002e-06
3827	1.7504158e-06
3828	1.7228308e-06
3829	1.6636747e-06
3830	1.6950443e-06
3831	1.8633021e-06
3832	2.0009024e-06
3833	1.7537607e-06
3834	2.0923637e-06
3835	1.889268e-06
3836	2.0898088e-06
3837	1.841872e-06
3838	1.7453384e-06
3839	1.5873823e-06
3840	1.5473021e-06
3841	1.3492951e-06
3842	1.3246166e-06
3843	1.2679066e-06
3844	1.5840844e-06
3845	1.4817731e-06
3846	1.5332049e-06
3847	1.596075e-06
3848	1.9809185e-06
3849	2.2294812e-06
3850	2.2069089e-06
3851	2.0564698e-06
3852	1.8837132e-06
3853	1.9201408e-06
3854	1.8943467e-06
3855	1.8360433e-06
3856	1.7316648e-06
3857	1.7603164e-06
3858	1.6355191e-06
3859	1.6132745e-06
3860	2.0536756e-06
3861	1.9116418e-06
3862	2.1231051e-06
3863	1.8805682e-06
3864	2.0162506e-06
3865	2.1389203e-06
3866	1.9226737e-06
3867	1.7525886e-06
3868	1.7831963e-06
3869	1.7125172e-06
3870	1.6739534e-06
3871	1.7458466e-06
3872	1.9111843e-06
3873	1.8935353e-06
3874	1.7739019e-06
3875	2.0994428e-06
3876	1.8792175e-06
3877	2.0740509e-06
3878	1.7828438e-06
3879	1.6578445e-06
3880	1.6608404e-06
3881	1.4998138e-06
3882	1.4001601e-06
3883	1.4001455e-06
3884	1.5399637e-06
3885	1.5304495e-06
3886	1.4135429e-06
3887	1.8354261e-06
3888	1.7333797e-06
3889	1.9930199e-06
3890	2.2079846e-06
3891	2.1718036e-06
3892	2.0163883e-06
3893	2.0292412e-06
3894	2.0149054e-06
3895	1.7681504e-06
3896	1.7799734e-06
3897	1.8649969e-06
3898	1.547751e-06
3899	1.8895228e-06
3900	1.9314708e-06
3901	1.862813e-06
3902	2.167827e-06
3903	1.9050241e-06
3904	2.049917e-06
3905	1.8511978e-06
3906	1.8887386e-06
3907	1.8579064e-06
3908	1.7809928e-06
3909	1.6704611e-06
3910	1.7322695e-06
3911	1.7431452e-06
3912	1.8477279e-06
3913	1.975577e-06
3914	1.812221e-06
3915	2.1550422e-06
3916	1.8749551e-06
3917	2.0197121e-06
3918	1.8411639e-06
3919	1.7959064e-06
3920	1.6963176e-06
3921	1.7403677e-06
3922	1.5471443e-06
3923	1.5436644e-06
3924	1.503293e-06
3925	1.3972679e-06
3926	1.4783342e-06
3927	1.5905499e-06
3928	1.5549446e-06
3929	1.895254e-06
3930	2.2003839e-06
3931	2.2849823e-06
3932	2.1833365e-06
3933	1.9804971e-06
3934	1.5273545e-06
3935	1.8392968e-06
3936	1.8674048e-06
3937	1.6429927e-06
3938	1.8571611e-06
3939	1.846725e-06
3940	1.7237048e-06
3941	2.0242603e-06
3942	1.914489e-06
3943	2.141142e-06
3944	1.8944181e-06
3945	2.0087732e-06
3946	1.8210915e-06
3947	1.8338768e-06
3948	1.8503154e-06
3949	1.7309239e-06
3950	1.7946713e-06
3951	1.5608638e-06
3952	1.644403e-06
3953	1.9870521e-06
3954	1.7700061e-06
3955	1.8100319e-06
3956	2.0833798e-06
3957	1.9975521e-06
3958	1.9111237e-06
3959	2.0093638e-06
3960	1.6810566e-06
3961	1.8506159e-06
3962	1.4696128e-06
3963	1.582487e-06
3964	1.4593229e-06
3965	1.3909054e-06
3966	1.4380008e-06
3967	1.382909e-06
3968	1.6449341e-06
3969	1.6869909e-06
3970	1.896371e-06
3971	2.204599e-06
3972	2.277534e-06
3973	2.1682396e-06
3974	2.0263406e-06
3975	1.9372634e-06
3976	1.9926586e-06
3977	1.9458521e-06
3978	1.7424156e-06
3979	1.8730171e-06
3980	1.9045102e-06
3981	1.7701328e-06
3982	2.059022e-06
3983	2.1889015e-06
3984	1.9934814e-06
3985	1.8859238e-06
3986	1.9357325e-06
3987	2.1280162e-06
3988	1.9804511e-06
3989	1.9478762e-06
3990	1.7053824e-06
3991	1.7274038e-06
3992	1.7353291e-06
3993	1.7046036e-06
3994	2.0069652e-06
3995	1.8037025e-06
3996	2.1300432e-06
3997	2.1691824e-06
3998	1.8873534e-06
3999	1.8701528e-06
4000	1.7830068e-06
4001	1.8181023e-06
4002	1.6409208e-06
4003	1.6660065e-06
4004	1.5372586e-06
4005	1.5090176e-06
4006	1.4372197e-06
4007	1.3850634e-06
4008	1.4185004e-06
4009	1.6673768e-06
4010	1.627688e-06
4011	2.0804299e-06
4012	2.1183266e-06
4013	2.1483549e-06
4014	2.1827503e-06
4015	1.9377003e-06
4016	1.8472687e-06
4017	2.0027429e-06
4018	1.6575887e-06
4019	1.6104458e-06
4020	1.5458995e-06
4021	1.821598e-06
4022	1.698034e-06
4023	1.88209e-06
4024	2.0741006e-06
4025	1.9328172e-06
4026	2.0541945e-06
4027	2.1850279e-06
4028	2.1357038e-06
4029	1.8848857e-06
4030	1.694452e-06
4031	1.7086529e-06
4032	1.7558126e-06
4033	1.7848092e-06
4034	1.75152e-06
4035	1.6798298e-06
4036	1.9978027e-06
4037	2.0186891e-06
4038	1.9983234e-06
4039	1.9507041e-06
4040	1.9265194e-06
4041	2.0113246e-06
4042	1.875955e-06
4043	1.5802279e-06
4044	1.6824031e-06
4045	1.5659987e-06
4046	1.4116256e-06
4047	1.4757983e-06
4048	1.5630652e-06
4049	1.4972818e-06
4050	1.669128e-06
4051	1.66862e-06
4052	2.0453826e-06
4053	2.09958e-06
4054	2.092927e-06
4055	2.071137e-06
4056	1.9561086e-06
4057	1.865705e-06
4058	1.8065615e-06
4059	1.9713978e-06
4060	1.6385449e-06
4061	1.5564947e-06
4062	1.9270939e-06
4063	1.8664382e-06
4064	1.8452229e-06
4065	1.9958615e-06
4066	1.888699e-06
4067	1.931836e-06
4068	1.8874322e-06
4069	1.8853149e-06
4070	1.9362501e-06
4071	1.7036776e-06
4072	1.7117704e-06
4073	1.7213134e-06
4074	1.7228774e-06
4075	1.6897926e-06
4076	1.9668007e-06
4077	1.7682321e-06
4078	1.9886695e-06
4079	2.1134695e-06
4080	2.1586064e-06
4081	2.1390112e-06
4082	1.8959461e-06
4083	1.7242515e-06
4084	1.5371213e-06
4085	1.6393079e-06
4086	1.4799621e-06
4087	1.505377e-06
4088	1.5372883e-06
4089	1.4902169e-06
4090	1.6269968e-06
4091	1.6004609e-06
4092	1.7706861e-06
4093	2.0583154e-06
4094	1.8543242e-06
4095	2.2269637e-06
4096	1.9082497e-06
4097	1.8903365e-06
4098	2.0422862e-06
4099	1.9548641e-06
4100	1.9875712e-06
4101	1.5717194e-06
4102	1.8248393e-06
4103	1.8199703e-06
4104	2.0384785e-06
4105	2.1308679e-06
4106	2.1034176e-06
4107	2.0296298e-06
4108	1.9734934e-06
4109	1.921544e-06
4110	1.8676109e-06
4111	1.8278105e-06
4112	1.9086091e-06
4113	1.6303287e-06
4114	1.7029008e-06
4115	1.7059991e-06
4116	1.6573967e-06
4117	1.8778352e-06
4118	1.8664192e-06
4119	2.064806e-06
4120	2.0055615e-06
4121	2.0489137e-06
4122	2.0454772e-06
4123	1.6511413e-06
4124	1.723998e-06
4125	1.5298193e-06
4126	1.4108815e-06
4127	1.5247743e-06
4128	1.3581498e-06
4129	1.4232152e-06
4130	1.4292371e-06
4131	1.6422553e-06
4132	1.7644532e-06
4133	1.8414312e-06
4134	1.945574e-06
4135	2.2134636e-06
4136	2.0074779e-06
4137	1.9835253e-06
4138	1.8710093e-06
4139	1.76584e-06
4140	1.7136887e-06
4141	1.7167804e-06
4142	1.7405546e-06
4143	1.8543483e-06
4144	1.7825252e-06
4145	2.0040135e-06
4146	1.9795272e-06
4147	1.9243988e-06
4148	1.9491568e-06
4149	1.9062321e-06
4150	2.1613889e-06
4151	1.7559207e-06
4152	1.8068741e-06
4153	1.8315353e-06
4154	1.8883447e-06
4155	1.6014787e-06
4156	1.6263475e-06
4157	1.9188796e-06
4158	1.9466269e-06
4159	1.9098223e-06
4160	1.9694499e-06
4161	1.9365619e-06
4162	1.9077608e-06
4163	1.9505217e-06
4164	1.8507445e-06
4165	1.562205e-06
4166	1.5547899e-06
4167	1.5432852e-06
4168	1.5370624e-06
4169	1.510018e-06
4170	1.4532474e-06
4171	1.6638192e-06
4172	1.6907656e-06
4173	1.8133053e-06
4174	1.8757782e-06
4175	2.2294727e-06
4176	2.0795728e-06
4177	2.1267097e-06
4178	1.8622037e-06
4179	1.8164641e-06
4180	1.7469535e-06
4181	1.9661484e-06
4182	1.8621219e-06
4183	1.7070917e-06
4184	1.6816699e-06
4185	1.8895845e-06
4186	1.9233269e-06
4187	2.0563848e-06
4188	1.9044786e-06
4189	1.8813719e-06
4190	1.8047593e-06
4191	1.9646457e-06
4192	2.0203383e-06
4193	1.9051364e-06
4194	1.823405e-06
4195	1.8428675e-06
4196	1.8738853e-06
4197	1.8494165e-06
4198	1.7678492e-06
4199	1.7582964e-06
4200	1.8686377e-06
4201	1.8882741e-06
4202	2.1488404e-06
4203	1.8875157e-06
4204	2.0318855e-06
4205	1.6280864e-06
4206	1.7354581e-06
4207	1.4690736e-06
4208	1.5344552e-06
4209	1.321101e-06
4210	1.3849147e-06
4211	1.380497e-06
4212	1.5803692e-06
4213	1.6092873e-06
4214	1.7037506e-06
4215	2.0720629e-06
4216	2.081563e-06
4217	2.0301683e-06
4218	2.1027953e-06
4219	1.9934447e-06
4220	1.8258761e-06
4221	1.9766669e-06
4222	1.7893094e-06
4223	1.6706078e-06
4224	1.7821923e-06
4225	1.8893477e-06
4226	1.9393228e-06
4227	2.1373974e-06
4228	1.9971138e-06
4229	1.9732109e-06
4230	1.8930233e-06
4231	1.8245257e-06
4232	1.8802879e-06
4233	1.7408693e-06
4234	1.8046837e-06
4235	1.8468785e-06
4236	1.6218077e-06
4237	1.6766229e-06
4238	1.656327e-06
4239	1.8604529e-06
4240	1.9807997e-06
4241	2.0184721e-06
4242	1.960011e-06
4243	2.014967e-06
4244	1.9835034e-06
4245	1.99485e-06
4246	1.7667871e-06
4247	1.5307113e-06
4248	1.5786527e-06
4249	1.3520043e-06
4250	1.4971624e-06
4251	1.5230508e-06
4252	1.473206e-06
4253	1.5877942e-06
4254	1.5615813e-06
4255	1.7260445e-06
4256	2.0959031e-06
4257	2.1868332e-06
4258	2.0079421e-06
4259	1.9420974e-06
4260	1.7934499e-06
4261	1.7473479e-06
4262	1.7177926e-06
4263	1.6893555e-06
4264	1.7046281e-06
4265	1.6240618e-06
4266	1.8901079e-06
4267	1.7795904e-06
4268	1.9282699e-06
4269	1.9590016e-06
4270	1.9045774e-06
4271	1.8567291e-06
4272	1.8158311e-06
4273	1.7893238e-06
4274	1.7925714e-06
4275	1.8128347e-06
4276	1.8423392e-06
4277	1.6647214e-06
4278	1.700706e-06
4279	1.8971305e-06
4280	1.6768476e-06
4281	1.8074135e-06
4282	2.0631183e-06
4283	1.8730849e-06
4284	1.9687042e-06
4285	1.9193067e-06
4286	1.6127357e-06
4287	1.6553641e-06
4288	1.5804189e-06
4289	1.3674212e-06
4290	1.2734619e-06
4291	1.5029738e-06
4292	1.5440401e-06
4293	1.6578362e-06
4294	1.5795222e-06
4295	1.8258568e-06
4296	1.8746654e-06
4297	1.8908053e-06
4298	1.8960198e-06
4299	2.175487e-06
4300	2.0441841e-06
4301	1.8097606e-06
4302	1.6663302e-06
4303	1.920947e-06
4304	1.7516549e-06
4305	1.5874839e-06
4306	1.7745454e-06
4307	1.7416152e-06
4308	1.9488913e-06
4309	2.0403906e-06
4310	2.0335643e-06
4311	1.9923044e-06
4312	1.9496954e-06
4313	1.8952784e-06
4314	1.6492923e-06
4315	1.5919363e-06
4316	1.704471e-06
4317	1.788571e-06
4318	1.8328261e-06
4319	1.8085471e-06
4320	1.7101145e-06
4321	1.8814183e-06
4322	1.9965582e-06
4323	1.9206746e-06
4324	2.0401545e-06
4325	2.0445566e-06
4326	1.9477493e-06
4327	1.6067249e-06
4328	1.5855959e-06
4329	1.6677042e-06
4330	1.5020184e-06
4331	1.2663841e-06
4332	1.4246122e-06
4333	1.564773e-06
4334	1.4372607e-06
4335	1.7413802e-06
4336	1.852531e-06
4337	1.8974737e-06
4338	1.9118986e-06
4339	1.8648413e-06
4340	1.7507732e-06
4341	1.4329549e-06
4342	1.9595136e-06
4343	1.7141485e-06
4344	1.7718772e-06
4345	1.5942939e-06
4346	1.5827578e-06
4347	1.7105289e-06
4348	1.8227489e-06
4349	1.9608961e-06
4350	2.0598071e-06
4351	2.0008551e-06
4352	1.9386584e-06
4353	1.8933771e-06
4354	1.8513536e-06
4355	1.9537912e-06
4356	1.6607912e-06
4357	1.5866301e-06
4358	1.6318981e-06
4359	1.6734344e-06
4360	1.6325579e-06
4361	1.846262e-06
4362	2.0247162e-06
4363	1.7986925e-06
4364	1.9160439e-06
4365	1.96523e-06
4366	1.9437285e-06
4367	1.8345754e-06
4368	1.9086183e-06
4369	1.7697141e-06
4370	1.6532901e-06
4371	1.5032657e-06
4372	1.4448208e-06
4373	1.3313226e-06
4374	1.2878481e-06
4375	1.533362e-06
4376	1.6892296e-06
4377	1.7944365e-06
4378	1.8409071e-06
4379	1.8741878e-06
4380	1.8266158e-06
4381	1.7145998e-06
4382	1.7869954e-06
4383	1.8984164e-06
4384	1.9286057e-06
4385	1.83012e-06
4386	1.7566066e-06
4387	1.611549e-06
4388	1.6431288e-06
4389	1.6866988e-06
4390	1.9342354e-06
4391	1.9991582e-06
4392	1.9554101e-06
4393	1.9005371e-06
4394	1.8546511e-06
4395	1.8049183e-06
4396	1.904569e-06
4397	1.8635182e-06
4398	1.6113057e-06
4399	1.8456149e-06
4400	1.6346208e-06
4401	1.7531979e-06
4402	1.7674581e-06
4403	1.8007421e-06
4404	2.0464325e-06
4405	1.7620914e-06
4406	1.9466945e-06
4407	1.9635826e-06
4408	1.8458929e-06
4409	1.8319461e-06
4410	1.5013899e-06
4411	1.5753307e-06
4412	1.4821083e-06
4413	1.5061034e-06
4414	1.3321263e-06
4415	1.5970442e-06
4416	1.5089925e-06
4417	1.6621035e-06
4418	1.8506852e-06
4419	1.9271754e-06
4420	1.9473741e-06
4421	1.8593295e-06
4422	2.1151594e-06
4423	1.9070939e-06
4424	1.603944e-06
4425	1.8199685e-06
4426	1.7266299e-06
4427	1.7232688e-06
4428	1.7707272e-06
4429	1.8805801e-06
4430	1.9867434e-06
4431	2.0289705e-06
4432	2.0236112e-06
4433	1.9863667e-06
4434	1.9498717e-06
4435	1.9308927e-06
4436	1.9142465e-06
4437	1.6931378e-06
4438	1.658904e-06
4439	1.8518487e-06
4440	1.7029861e-06
4441	1.7661519e-06
4442	1.8249863e-06
4443	1.9726066e-06
4444	1.8148353e-06
4445	1.9977496e-06
4446	2.0614119e-06
4447	2.05397e-06
4448	2.0646354e-06
4449	1.9642794e-06
4450	1.7300085e-06
4451	1.6126714e-06
4452	1.5069166e-06
4453	1.4903455e-06
4454	1.1327276e-06
4455	1.520142e-06
4456	1.3495656e-06
4457	1.4629844e-06
4458	1.8207974e-06
4459	2.0296492e-06
4460	2.0989704e-06
4461	2.0835029e-06
4462	1.9716069e-06
4463	1.8531628e-06
4464	1.7816835e-06
4465	2.0300305e-06
4466	1.8017151e-06
4467	1.8535862e-06
4468	1.5497305e-06
4469	1.7490349e-06
4470	1.6670366e-06
4471	1.9994662e-06
4472	1.8473297e-06
4473	2.0009371e-06
4474	2.0905298e-06
4475	2.1040815e-06
4476	2.0932368e-06
4477	2.0675515e-06
4478	1.893181e-06
4479	1.7788272e-06
4480	1.7440033e-06
4481	1.6442423e-06
4482	1.6240126e-06
4483	1.7168623e-06
4484	1.6121066e-06
4485	1.9629011e-06
4486	1.8543849e-06
4487	2.1127722e-06
4488	1.9146138e-06
4489	2.0620274e-06
4490	1.708845e-06
4491	1.8117467e-06
4492	1.636071e-06
4493	1.4423899e-06
4494	1.4669931e-06
4495	1.2708079e-06
4496	1.3747744e-06
4497	1.4992776e-06
4498	1.5758237e-06
4499	1.6449401e-06
4500	2.0102241e-06
4501	2.1936984e-06
4502	2.2036133e-06
4503	2.0855114e-06
4504	1.970579e-06
4505	1.9210103e-06
4506	1.9402064e-06
4507	1.6222406e-06
4508	1.8964662e-06
4509	1.8479118e-06
4510	1.8835021e-06
4511	1.7481397e-06
4512	1.716541e-06
4513	2.082312e-06
4514	1.8873124e-06
4515	2.0731262e-06
4516	2.1732846e-06
4517	1.870732e-06
4518	1.8486179e-06
4519	1.8786941e-06
4520	1.8803614e-06
4521	1.8260167e-06
4522	1.7460949e-06
4523	1.8518876e-06
4524	1.8936701e-06
4525	1.8909277e-06
4526	2.1180979e-06
4527	1.8302147e-06
4528	2.0830475e-06
4529	1.8557467e-06
4530	2.0658051e-06
4531	1.591595e-06
4532	1.7011651e-06
4533	1.6243326e-06
4534	1.545813e-06
4535	1.4121706e-06
4536	1.1933562e-06
4537	1.3193804e-06
4538	1.4233193e-06
4539	1.513892e-06
4540	1.5911557e-06
4541	2.0066784e-06
4542	2.2076942e-06
4543	2.1892214e-06
4544	2.060264e-06
4545	1.9490732e-06
4546	1.8802779e-06
4547	1.9270318e-06
4548	1.5694713e-06
4549	1.7549338e-06
4550	1.8091783e-06
4551	1.4773645e-06
4552	1.5818639e-06
4553	2.0582918e-06
4554	1.8253634e-06
4555	2.023274e-06
4556	2.0744772e-06
4557	2.100582e-06
4558	2.1113495e-06
4559	1.9849509e-06
4560	1.8383418e-06
4561	1.7084508e-06
4562	1.7222795e-06
4563	1.7690418e-06
4564	1.8551667e-06
4565	1.6821508e-06
4566	1.7117133e-06
4567	2.1491113e-06
4568	2.0872185e-06
4569	1.7835082e-06
4570	2.0394857e-06
4571	1.6865087e-06
4572	1.6351707e-06
4573	1.6115255e-06
4574	1.5171412e-06
4575	1.2677863e-06
4576	1.3388631e-06
4577	1.3182607e-06
4578	1.2991813e-06
4579	1.3649805e-06
4580	1.4525568e-06
4581	1.9214943e-06
4582	2.1009346e-06
4583	2.1569031e-06
4584	2.0484995e-06
4585	2.0875982e-06
4586	1.4728557e-06
4587	1.7948577e-06
4588	1.986332e-06
4589	1.8234417e-06
4590	1.6150486e-06
4591	1.8270563e-06
4592	1.9442725e-06
4593	1.6417023e-06
4594	2.0360243e-06
4595	2.1411388e-06
4596	2.1319683e-06
4597	2.0832947e-06
4598	2.0636716e-06
4599	2.0517458e-06
4600	1.8948513e-06
4601	1.8680254e-06
4602	1.7687466e-06
4603	1.7513962e-06
4604	1.5982548e-06
4605	1.6813748e-06
4606	1.811556e-06
4607	2.0161971e-06
4608	2.0427894e-06
4609	2.1657859e-06
4610	1.72859e-06
4611	2.0234706e-06
4612	2.0208522e-06
4613	1.4571071e-06
4614	1.5771893e-06
4615	1.2583676e-06
4616	1.5416498e-06
4617	1.2693801e-06
4618	1.1299398e-06
4619	1.2335275e-06
4620	1.3485062e-06
4621	1.4405629e-06
4622	1.9271793e-06
4623	2.1173356e-06
4624	2.166396e-06
4625	2.1952124e-06
4626	1.8166544e-06
4627	1.8954864e-06
4628	1.8803472e-06
4629	1.8084743e-06
4630	1.8910828e-06
4631	1.4526993e-06
4632	1.7764879e-06
4633	1.940734e-06
4634	1.9863243e-06
4635	1.6757261e-06
4636	2.0172842e-06
4637	2.1003228e-06
4638	2.1195606e-06
4639	2.1055153e-06
4640	1.9962206e-06
4641	1.8875918e-06
4642	1.7759926e-06
4643	1.7841084e-06
4644	1.7538141e-06
4645	1.7665352e-06
4646	1.7920561e-06
4647	1.81508e-06
4648	1.8124417e-06
4649	2.0061416e-06
4650	1.9780777e-06
4651	1.6730848e-06
4652	1.9591602e-06
4653	1.9296552e-06
4654	1.7225821e-06
4655	1.604179e-06
4656	1.2548522e-06
4657	1.2561343e-06
4658	1.187768e-06
4659	1.392889e-06
4660	1.5581074e-06
4661	1.6817267e-06
4662	1.4915211e-06
4663	2.0058812e-06
4664	2.0197691e-06
4665	2.0349262e-06
4666	1.8931632e-06
4667	2.0472475e-06
4668	1.8223747e-06
4669	1.7407592e-06
4670	1.7714665e-06
4671	1.6647238e-06
4672	1.578942e-06
4673	1.5373084e-06
4674	1.9086911e-06
4675	1.9227749e-06
4676	2.1175523e-06
4677	2.1191065e-06
4678	2.0482099e-06
4679	2.0081951e-06
4680	1.9656069e-06
4681	1.9755007e-06
4682	1.7828524e-06
4683	1.8719908e-06
4684	1.8053006e-06
4685	1.7932916e-06
4686	1.7544073e-06
4687	1.9638872e-06
4688	1.5816814e-06
4689	1.6757354e-06
4690	1.8483449e-06
4691	1.9590302e-06
4692	1.9919818e-06
4693	1.8973346e-06
4694	1.8317445e-06
4695	1.615729e-06
4696	1.6052303e-06
4697	1.5442802e-06
4698	1.2412027e-06
4699	1.178575e-06
4700	1.5157259e-06
4701	1.5808967e-06
4702	1.7803844e-06
4703	1.8760031e-06
4704	2.0439586e-06
4705	1.8443947e-06
4706	1.7391514e-06
4707	2.132093e-06
4708	1.7094964e-06
4709	2.0010066e-06
4710	1.8123859e-06
4711	1.8333685e-06
4712	1.620121e-06
4713	1.5986861e-06
4714	1.6964535e-06
4715	1.9211254e-06
4716	1.8825921e-06
4717	1.921781e-06
4718	1.8881172e-06
4719	1.8516001e-06
4720	1.8185757e-06
4721	2.0592982e-06
4722	1.6523984e-06
4723	1.6259563e-06
4724	1.7355652e-06
4725	1.7175342e-06
4726	1.7402946e-06
4727	1.799708e-06
4728	1.7036844e-06
4729	2.0519445e-06
4730	1.9469508e-06
4731	1.6729366e-06
4732	1.7625407e-06
4733	1.7581359e-06
4734	1.4079303e-06
4735	1.8787489e-06
4736	1.7458624e-06
4737	1.3005524e-06
4738	1.2286361e-06
4739	1.1827955e-06
4740	1.4469402e-06
4741	1.2423425e-06
4742	1.2944135e-06
4743	1.7618786e-06
4744	1.7876094e-06
4745	1.8994343e-06
4746	2.1420881e-06
4747	1.9116493e-06
4748	1.8733391e-06
4749	1.631365e-06
4750	1.7386114e-06
4751	1.779106e-06
4752	1.7355815e-06
4753	1.717147e-06
4754	1.6792557e-06
4755	1.9098392e-06
4756	1.8543748e-06
4757	2.0178279e-06
4758	2.0369379e-06
4759	1.941902e-06
4760	1.976275e-06
4761	1.843321e-06
4762	1.7934588e-06
4763	1.6646715e-06
4764	1.8239947e-06
4765	1.7132599e-06
4766	1.6466798e-06
4767	1.6244992e-06
4768	1.7794903e-06
4769	1.7987922e-06
4770	1.9997601e-06
4771	1.8447352e-06
4772	2.0652823e-06
4773	1.8651019e-06
4774	2.0249374e-06
4775	1.9133493e-06
4776	1.707288e-06
4777	1.639177e-06
4778	1.5872332e-06
4779	1.5461512e-06
4780	1.2646973e-06
4781	1.2731529e-06
4782	1.443453e-06
4783	1.4878191e-06
4784	1.6871336e-06
4785	1.7806254e-06
4786	1.8299961e-06
4787	2.185074e-06
4788	1.7998161e-06
4789	1.8624415e-06
4790	1.7577622e-06
4791	1.9282721e-06
4792	1.9296196e-06
4793	1.8842713e-06
4794	1.8565863e-06
4795	1.7963406e-06
4796	1.6649928e-06
4797	1.724852e-06
4798	2.0843888e-06
4799	1.82048e-06
4800	1.6270094e-06
4801	2.0843845e-06
4802	1.7475441e-06
4803	1.9071118e-06
4804	1.8410914e-06
4805	1.668713e-06
4806	1.62131e-06
4807	1.6371808e-06
4808	1.6442125e-06
4809	1.8607742e-06
4810	1.8819405e-06
4811	1.9346407e-06
4812	1.974043e-06
4813	1.6134624e-06
4814	1.9792826e-06
4815	1.6228967e-06
4816	1.6980341e-06
4817	1.5106277e-06
4818	1.5160052e-06
4819	1.5219765e-06
4820	1.5169556e-06
4821	1.2921666e-06
4822	1.4613065e-06
4823	1.4983192e-06
4824	1.5954796e-06
4825	1.7543509e-06
4826	1.7287549e-06
4827	2.1312285e-06
4828	1.6750046e-06
4829	2.0390851e-06
4830	2.0808154e-06
4831	1.9731813e-06
4832	1.6780614e-06
4833	1.9000469e-06
4834	1.5829725e-06
4835	1.828835e-06
4836	1.5076621e-06
4837	1.6129127e-06
4838	1.9285544e-06
4839	1.7176093e-06
4840	2.0504126e-06
4841	1.722859e-06
4842	1.9945619e-06
4843	1.7582796e-06
4844	1.7027811e-06
4845	1.833677e-06
4846	1.6623257e-06
4847	1.692446e-06
4848	1.6990309e-06
4849	1.6777625e-06
4850	1.5841353e-06
4851	1.9568966e-06
4852	1.4963714e-06
4853	1.5407107e-06
4854	1.7736092e-06
4855	1.9649524e-06
4856	1.9007604e-06
4857	1.7061148e-06
4858	1.4883056e-06
4859	1.5658743e-06
4860	1.4363345e-06
4861	1.4751069e-06
4862	1.1646834e-06
4863	1.3942572e-06
4864	1.2824027e-06
4865	1.6238332e-06
4866	1.4719377e-06
4867	1.444147e-06
4868	2.0861796e-06
4869	1.9056573e-06
4870	1.8485375e-06
4871	1.8604948e-06
4872	1.9766753e-06
4873	1.9308228e-06
4874	1.5920599e-06
4875	1.839835e-06
4876	1.5143364e-06
4877	1.792544e-06
4878	1.6541679e-06
4879	1.7245267e-06
4880	2.0156522e-06
4881	1.626874e-06
4882	1.9193044e-06
4883	1.6581603e-06
4884	2.0023493e-06
4885	1.6772164e-06
4886	1.8212458e-06
4887	1.6273144e-06
4888	1.619261e-06
4889	1.602962e-06
4890	1.5698544e-06
4891	1.8244025e-06
4892	1.9437036e-06
4893	1.5477706e-06
4894	2.0641186e-06
4895	2.0002387e-06
4896	1.7472308e-06
4897	1.4460159e-06
4898	1.5882146e-06
4899	1.3569811e-06
4900	1.4228604e-06
4901	1.4403427e-06
4902	1.4248128e-06
4903	1.3502735e-06
4904	1.2484429e-06
4905	1.5982476e-06
4906	1.3704172e-06
4907	1.8195844e-06
4908	1.9634666e-06
4909	2.1828652e-06
4910	2.0865245e-06
4911	2.0489404e-06
4912	1.7878007e-06
4913	1.8638917e-06
4914	1.8691226e-06
4915	1.8025231e-06
4916	1.801902e-06
4917	1.7402137e-06
4918	1.5377446e-06
4919	1.815068e-06
4920	1.8063745e-06
4921	1.9765199e-06
4922	2.0142268e-06
4923	2.0552069e-06
4924	1.9482258e-06
4925	2.0134857e-06
4926	1.7155109e-06
4927	1.8450251e-06
4928	1.7592184e-06
4929	1.5165308e-06
4930	1.4473822e-06
4931	1.7254889e-06
4932	1.8994117e-06
4933	1.6389505e-06
4934	1.9764225e-06
4935	2.1052696e-06
4936	1.6593488e-06
4937	2.0342443e-06
4938	1.9216259e-06
4939	1.6651125e-06
4940	1.325946e-06
4941	1.3483758e-06
4942	1.3510861e-06
4943	1.325e-06
4944	1.2406584e-06
4945	1.4323051e-06
4946	1.4655307e-06
4947	1.5786094e-06
4948	1.8888679e-06
4949	1.7743277e-06
4950	2.1235207e-06
4951	2.1538037e-06
4952	1.695409e-06
4953	1.6851614e-06
4954	1.8192577e-06
4955	1.8696922e-06
4956	1.8029361e-06
4957	1.7923217e-06
4958	1.7270102e-06
4959	1.7546578e-06
4960	1.6351047e-06
4961	2.0600845e-06
4962	2.0182239e-06
4963	1.9189843e-06
4964	1.8915786e-06
4965	1.6514596e-06
4966	2.0374288e-06
4967	1.6738662e-06
4968	1.7177392e-06
4969	1.4774759e-06
4970	1.4626583e-06
4971	1.4377938e-06
4972	1.6973208e-06
4973	1.8872535e-06
4974	1.9576615e-06
4975	1.7044369e-06
4976	2.0813792e-06
4977	1.8518948e-06
4978	2.0591707e-06
4979	1.8242151e-06
4980	1.7148884e-06
4981	1.3443937e-06
4982	1.3560204e-06
4983	1.3521825e-06
4984	1.3072149e-06
4985	1.4720432e-06
4986	1.5128935e-06
4987	1.5937563e-06
4988	1.6571313e-06
4989	1.8929109e-06
4990	1.7769359e-06
4991	2.0279631e-06
4992	1.8835641e-06
4993	1.8863306e-06
4994	1.6686298e-06
4995	1.8636948e-06
4996	1.6778191e-06
4997	1.5322835e-06
4998	1.6703743e-06
4999	1.439695e-06
5000	1.8772763e-06
