1	86
2	41
3	53
4	30
5	46
6	54
7	27
8	35
9	41
10	36
11	44
12	46
13	35
14	33
15	37
16	29
17	23
18	23
19	23
20	28
21	26
22	28
23	25
24	25
25	24
26	28
27	26
28	18
29	20
30	21
31	22
32	26
33	23
34	21
35	23
36	27
37	28
38	24
39	26
40	32
41	34
42	32
43	30
44	26
45	24
46	24
47	24
48	24
49	24
50	22
51	22
52	22
53	24
54	24
55	24
56	24
57	24
58	24
59	24
60	24
61	26
62	28
63	30
64	28
65	26
66	24
67	26
68	26
69	26
70	28
71	26
72	24
73	24
74	26
75	24
76	24
77	24
78	24
79	24
80	26
81	26
82	28
83	30
84	30
85	31
86	30
87	28
88	28
89	28
90	30
91	30
92	31
93	31
94	30
95	29
96	30
97	27
98	26
99	30
100	30
101	28
102	28
103	28
104	24
105	24
106	24
107	26
108	26
109	26
110	26
111	26
112	26
113	26
114	26
115	26
116	26
117	28
118	26
119	26
120	26
121	26
122	28
123	28
124	28
125	27
126	27
127	26
128	27
129	29
130	29
131	29
132	30
133	28
134	30
135	30
136	29
137	29
138	28
139	30
140	30
141	30
142	30
143	28
144	28
145	26
146	27
147	29
148	26
149	28
150	26
151	26
152	26
153	26
154	25
155	25
156	25
157	26
158	25
159	24
160	24
161	24
162	24
163	24
164	23
165	23
166	22
167	22
168	22
169	22
170	21
171	22
172	22
173	20
174	21
175	20
176	20
177	20
178	20
179	20
180	18
181	18
182	19
183	18
184	18
185	18
186	18
187	18
188	18
189	18
190	18
191	18
192	18
193	17
194	16
195	16
196	16
197	16
198	16
199	16
200	16
201	16
202	16
203	16
204	16
205	16
206	16
207	16
208	16
209	16
210	16
211	15
212	14
213	14
214	15
215	14
216	14
217	14
218	14
219	14
220	14
221	14
222	14
223	14
224	14
225	14
226	14
227	14
228	14
229	14
230	14
231	14
232	14
233	14
234	14
235	14
236	14
237	14
238	14
239	14
240	14
241	14
242	14
243	14
244	14
245	14
246	14
247	14
248	14
249	14
250	14
251	14
252	14
253	14
254	14
255	14
256	14
257	14
258	14
259	14
260	14
261	14
262	14
263	14
264	14
265	14
266	14
267	14
268	14
269	14
270	14
271	14
272	14
273	14
274	14
275	14
276	14
277	14
278	14
279	14
280	14
281	14
282	14
283	14
284	14
285	14
286	14
287	14
288	14
289	14
290	14
291	14
292	14
293	14
294	14
295	14
296	13
297	14
298	14
299	14
300	14
301	14
302	14
303	14
304	14
305	14
306	14
307	14
308	14
309	14
310	13
311	14
312	14
313	13
314	13
315	13
316	14
317	13
318	13
319	14
320	14
321	13
322	14
323	14
324	14
325	14
326	14
327	13
328	14
329	14
330	14
331	14
332	13
333	14
334	14
335	14
336	14
337	13
338	14
339	14
340	14
341	14
342	14
343	14
344	14
345	14
346	14
347	14
348	13
349	14
350	14
351	14
352	12
353	14
354	14
355	14
356	14
357	12
358	14
359	14
360	14
361	12
362	12
363	14
364	13
365	12
366	12
367	12
368	12
369	12
370	14
371	12
372	12
373	14
374	13
375	14
376	14
377	12
378	12
379	14
380	13
381	13
382	12
383	12
384	12
385	14
386	13
387	14
388	12
389	12
390	12
391	14
392	14
393	14
394	14
395	12
396	12
397	12
398	12
399	14
400	14
401	14
402	14
403	14
404	14
405	14
406	14
407	14
408	14
409	14
410	14
411	14
412	14
413	14
414	14
415	14
416	13
417	14
418	13
419	14
420	14
421	13
422	14
423	13
424	14
425	13
426	14
427	14
428	14
429	14
430	14
431	14
432	14
433	14
434	14
435	14
436	14
437	14
438	14
439	14
440	14
441	12
442	14
443	14
444	13
445	14
446	13
447	14
448	13
449	14
450	14
451	13
452	14
453	13
454	14
455	13
456	14
457	12
458	12
459	14
460	13
461	14
462	13
463	14
464	12
465	12
466	12
467	14
468	13
469	14
470	12
471	12
472	12
473	14
474	13
475	14
476	14
477	12
478	12
479	14
480	13
481	14
482	12
483	12
484	14
485	13
486	12
487	12
488	12
489	14
490	13
491	14
492	12
493	12
494	12
495	13
496	14
497	12
498	12
499	14
500	13
501	14
502	14
503	14
504	13
505	14
506	12
507	14
508	13
509	14
510	14
511	12
512	14
513	13
514	14
515	14
516	14
517	13
518	14
519	14
520	12
521	12
522	14
523	14
524	12
525	14
526	13
527	14
528	14
529	12
530	12
531	14
532	12
533	12
534	14
535	13
536	14
537	12
538	12
539	14
540	13
541	14
542	12
543	12
544	12
545	12
546	12
547	12
548	14
549	12
550	12
551	12
552	14
553	13
554	14
555	12
556	12
557	12
558	12
559	12
560	12
561	14
562	12
563	12
564	12
565	14
566	12
567	12
568	12
569	14
570	14
571	14
572	12
573	12
574	14
575	12
576	12
577	14
578	14
579	14
580	12
581	14
582	14
583	14
584	14
585	14
586	12
587	14
588	14
589	14
590	14
591	14
592	12
593	12
594	12
595	14
596	14
597	14
598	12
599	12
600	14
601	12
602	12
603	12
604	14
605	14
606	12
607	12
608	12
609	12
610	12
611	12
612	12
613	12
614	14
615	12
616	12
617	12
618	12
619	12
620	12
621	12
622	12
623	13
624	12
625	12
626	12
627	13
628	12
629	12
630	12
631	12
632	14
633	11
634	12
635	12
636	12
637	10
638	12
639	12
640	12
641	13
642	12
643	12
644	10
645	12
646	11
647	12
648	12
649	12
650	13
651	12
652	12
653	12
654	12
655	10
656	12
657	12
658	12
659	13
660	12
661	12
662	10
663	12
664	10
665	12
666	10
667	12
668	13
669	10
670	12
671	10
672	12
673	10
674	12
675	12
676	12
677	13
678	12
679	12
680	10
681	12
682	10
683	10
684	12
685	12
686	13
687	12
688	12
689	10
690	12
691	12
692	12
693	10
694	12
695	13
696	12
697	12
698	10
699	12
700	13
701	12
702	10
703	10
704	12
705	10
706	12
707	10
708	12
709	13
710	12
711	10
712	10
713	12
714	12
715	12
716	10
717	12
718	13
719	12
720	10
721	10
722	12
723	10
724	12
725	10
726	12
727	13
728	12
729	10
730	10
731	12
732	12
733	12
734	10
735	12
736	13
737	12
738	10
739	10
740	12
741	12
742	12
743	10
744	12
745	13
746	12
747	10
748	10
749	12
750	12
751	12
752	10
753	12
754	13
755	12
756	10
757	10
758	12
759	12
760	10
761	10
762	12
763	11
764	12
765	10
766	10
767	12
768	10
769	12
770	10
771	13
772	12
773	10
774	10
775	13
776	10
777	10
778	10
779	13
780	12
781	10
782	10
783	13
784	10
785	10
786	10
787	13
788	12
789	10
790	10
791	13
792	10
793	10
794	10
795	13
796	12
797	10
798	10
799	13
800	10
801	10
802	10
803	13
804	12
805	10
806	10
807	13
808	10
809	10
810	10
811	10
812	10
813	12
814	13
815	10
816	10
817	12
818	11
819	12
820	12
821	11
822	12
823	12
824	11
825	13
826	13
827	13
828	13
829	13
830	13
831	13
832	13
833	13
834	13
835	13
836	15
837	13
838	13
839	13
840	15
841	13
842	15
843	13
844	15
845	13
846	13
847	13
848	15
849	13
850	13
851	15
852	13
853	15
854	15
855	13
856	15
857	15
858	15
859	13
860	15
861	15
862	15
863	15
864	13
865	15
866	13
867	15
868	15
869	13
870	15
871	13
872	15
873	13
874	15
875	15
876	13
877	13
878	13
879	11
880	11
881	11
882	13
883	15
884	15
885	15
886	15
887	15
888	15
889	15
890	15
891	15
892	15
893	15
894	15
895	13
896	15
897	15
898	13
899	15
900	15
901	15
902	15
903	15
904	15
905	15
906	15
907	15
908	15
909	15
910	15
911	15
912	15
913	15
914	15
915	15
916	15
917	15
918	15
919	15
920	15
921	15
922	15
923	15
924	15
925	15
926	15
927	15
928	15
929	15
930	15
931	15
932	15
933	15
934	15
935	15
936	15
937	15
938	15
939	15
940	16
941	15
942	15
943	15
944	15
945	16
946	15
947	15
948	17
949	15
950	15
951	15
952	15
953	15
954	15
955	15
956	15
957	15
958	15
959	15
960	15
961	15
962	17
963	15
964	15
965	17
966	15
967	15
968	15
969	15
970	15
971	15
972	15
973	15
974	15
975	15
976	15
977	15
978	15
979	15
980	15
981	15
982	16
983	15
984	15
985	17
986	15
987	16
988	15
989	15
990	16
991	15
992	15
993	17
994	15
995	16
996	15
997	15
998	15
999	15
1000	15
1001	15
1002	15
1003	15
1004	15
1005	15
1006	15
1007	15
1008	15
1009	15
1010	15
1011	15
1012	15
1013	15
1014	15
1015	15
1016	15
1017	15
1018	17
1019	15
1020	15
1021	15
1022	15
1023	15
1024	15
1025	15
1026	15
1027	15
1028	15
1029	15
1030	15
1031	15
1032	16
1033	15
1034	15
1035	17
1036	17
1037	15
1038	15
1039	15
1040	15
1041	15
1042	15
1043	15
1044	15
1045	15
1046	15
1047	15
1048	15
1049	15
1050	15
1051	15
1052	15
1053	15
1054	15
1055	15
1056	15
1057	15
1058	15
1059	15
1060	15
1061	15
1062	15
1063	15
1064	15
1065	15
1066	15
1067	15
1068	15
1069	15
1070	15
1071	15
1072	15
1073	15
1074	15
1075	17
1076	15
1077	16
1078	15
1079	15
1080	15
1081	15
1082	15
1083	14
1084	14
1085	13
1086	15
1087	15
1088	15
1089	15
1090	15
1091	15
1092	15
1093	15
1094	13
1095	15
1096	15
1097	15
1098	15
1099	15
1100	15
1101	14
1102	15
1103	15
1104	15
1105	15
1106	13
1107	15
1108	15
1109	13
1110	15
1111	13
1112	13
1113	15
1114	14
1115	13
1116	15
1117	15
1118	15
1119	15
1120	15
1121	13
1122	13
1123	14
1124	13
1125	13
1126	15
1127	13
1128	13
1129	15
1130	13
1131	13
1132	13
1133	15
1134	13
1135	13
1136	13
1137	13
1138	13
1139	13
1140	13
1141	13
1142	13
1143	15
1144	13
1145	13
1146	13
1147	15
1148	13
1149	13
1150	13
1151	13
1152	13
1153	13
1154	13
1155	13
1156	13
1157	13
1158	13
1159	13
1160	13
1161	13
1162	13
1163	13
1164	13
1165	13
1166	13
1167	13
1168	13
1169	13
1170	13
1171	13
1172	13
1173	13
1174	13
1175	13
1176	13
1177	13
1178	13
1179	13
1180	13
1181	13
1182	13
1183	13
1184	13
1185	13
1186	13
1187	13
1188	13
1189	13
1190	13
1191	13
1192	13
1193	13
1194	13
1195	12
1196	12
1197	12
1198	12
1199	13
1200	13
1201	13
1202	13
1203	13
1204	13
1205	13
1206	13
1207	13
1208	13
1209	13
1210	13
1211	13
1212	13
1213	13
1214	13
1215	13
1216	13
1217	13
1218	13
1219	13
1220	13
1221	13
1222	13
1223	13
1224	13
1225	13
1226	13
1227	13
1228	13
1229	13
1230	11
1231	13
1232	11
1233	13
1234	11
1235	10
1236	14
1237	12
1238	10
1239	13
1240	13
1241	13
1242	13
1243	13
1244	11
1245	13
1246	11
1247	13
1248	13
1249	11
1250	13
1251	13
1252	13
1253	11
1254	13
1255	13
1256	11
1257	13
1258	11
1259	13
1260	13
1261	13
1262	13
1263	13
1264	13
1265	13
1266	13
1267	13
1268	11
1269	13
1270	10
1271	12
1272	10
1273	10
1274	10
1275	12
1276	14
1277	14
1278	12
1279	12
1280	12
1281	11
1282	11
1283	11
1284	11
1285	11
1286	11
1287	13
1288	11
1289	10
1290	12
1291	12
1292	13
1293	13
1294	13
1295	11
1296	13
1297	11
1298	11
1299	11
1300	13
1301	11
1302	11
1303	11
1304	12
1305	12
1306	12
1307	12
1308	12
1309	12
1310	10
1311	12
1312	12
1313	12
1314	10
1315	12
1316	14
1317	14
1318	14
1319	12
1320	12
1321	11
1322	12
1323	12
1324	10
1325	12
1326	12
1327	12
1328	12
1329	12
1330	14
1331	12
1332	12
1333	12
1334	11
1335	12
1336	10
1337	10
1338	12
1339	11
1340	11
1341	11
1342	12
1343	10
1344	11
1345	14
1346	14
1347	12
1348	12
1349	12
1350	12
1351	12
1352	12
1353	12
1354	12
1355	14
1356	14
1357	14
1358	14
1359	14
1360	14
1361	12
1362	12
1363	12
1364	10
1365	12
1366	10
1367	12
1368	12
1369	12
1370	14
1371	14
1372	12
1373	12
1374	12
1375	12
1376	12
1377	12
1378	12
1379	12
1380	12
1381	12
1382	12
1383	12
1384	12
1385	14
1386	14
1387	14
1388	12
1389	12
1390	12
1391	12
1392	12
1393	12
1394	12
1395	14
1396	14
1397	14
1398	14
1399	14
1400	14
1401	14
1402	12
1403	12
1404	12
1405	12
1406	12
1407	12
1408	12
1409	14
1410	14
1411	14
1412	14
1413	12
1414	12
1415	12
1416	12
1417	12
1418	12
1419	12
1420	12
1421	12
1422	12
1423	12
1424	12
1425	14
1426	14
1427	14
1428	14
1429	12
1430	12
1431	12
1432	12
1433	12
1434	12
1435	14
1436	14
1437	14
1438	16
1439	14
1440	14
1441	14
1442	14
1443	12
1444	12
1445	12
1446	12
1447	12
1448	12
1449	14
1450	14
1451	14
1452	14
1453	14
1454	12
1455	14
1456	12
1457	12
1458	12
1459	12
1460	12
1461	12
1462	12
1463	12
1464	12
1465	14
1466	14
1467	14
1468	14
1469	14
1470	12
1471	12
1472	12
1473	12
1474	12
1475	14
1476	14
1477	14
1478	16
1479	16
1480	14
1481	16
1482	14
1483	14
1484	12
1485	14
1486	12
1487	12
1488	12
1489	14
1490	14
1491	14
1492	14
1493	14
1494	14
1495	14
1496	12
1497	12
1498	12
1499	12
1500	12
1501	12
1502	12
1503	12
1504	14
1505	14
1506	14
1507	14
1508	14
1509	14
1510	14
1511	12
1512	12
1513	12
1514	12
1515	14
1516	14
1517	14
1518	16
1519	16
1520	16
1521	16
1522	16
1523	14
1524	14
1525	14
1526	12
1527	12
1528	12
1529	14
1530	14
1531	14
1532	14
1533	14
1534	14
1535	14
1536	14
1537	12
1538	12
1539	12
1540	12
1541	12
1542	12
1543	12
1544	12
1545	14
1546	14
1547	14
1548	16
1549	14
1550	14
1551	12
1552	12
1553	14
1554	12
1555	14
1556	14
1557	14
1558	14
1559	16
1560	16
1561	16
1562	16
1563	16
1564	14
1565	14
1566	12
1567	12
1568	12
1569	12
1570	14
1571	14
1572	14
1573	14
1574	14
1575	14
1576	14
1577	14
1578	12
1579	12
1580	12
1581	12
1582	12
1583	14
1584	12
1585	14
1586	14
1587	15
1588	16
1589	16
1590	14
1591	14
1592	14
1593	14
1594	14
1595	14
1596	14
1597	14
1598	16
1599	16
1600	17
1601	18
1602	17
1603	18
1604	16
1605	16
1606	14
1607	14
1608	14
1609	12
1610	14
1611	14
1612	16
1613	16
1614	16
1615	16
1616	14
1617	14
1618	14
1619	14
1620	12
1621	12
1622	14
1623	12
1624	14
1625	14
1626	14
1627	15
1628	16
1629	16
1630	15
1631	15
1632	14
1633	14
1634	14
1635	14
1636	14
1637	14
1638	16
1639	16
1640	18
1641	18
1642	18
1643	18
1644	18
1645	16
1646	16
1647	16
1648	14
1649	14
1650	14
1651	16
1652	16
1653	16
1654	17
1655	18
1656	16
1657	16
1658	16
1659	14
1660	14
1661	14
1662	14
1663	14
1664	14
1665	14
1666	14
1667	16
1668	16
1669	16
1670	18
1671	16
1672	16
1673	14
1674	14
1675	14
1676	14
1677	14
1678	16
1679	16
1680	18
1681	18
1682	18
1683	18
1684	18
1685	18
1686	16
1687	14
1688	14
1689	14
1690	12
1691	14
1692	14
1693	16
1694	16
1695	16
1696	16
1697	16
1698	14
1699	14
1700	14
1701	14
1702	14
1703	14
1704	14
1705	14
1706	14
1707	15
1708	16
1709	16
1710	18
1711	17
1712	17
1713	16
1714	16
1715	16
1716	14
1717	16
1718	16
1719	16
1720	18
1721	18
1722	19
1723	20
1724	19
1725	19
1726	18
1727	18
1728	16
1729	16
1730	14
1731	14
1732	16
1733	16
1734	18
1735	18
1736	18
1737	18
1738	18
1739	16
1740	16
1741	16
1742	14
1743	14
1744	16
1745	16
1746	16
1747	16
1748	18
1749	18
1750	18
1751	19
1752	18
1753	18
1754	16
1755	16
1756	16
1757	16
1758	16
1759	16
1760	18
1761	19
1762	20
1763	21
1764	21
1765	22
1766	20
1767	20
1768	18
1769	18
1770	16
1771	16
1772	16
1773	16
1774	18
1775	18
1776	18
1777	18
1778	18
1779	16
1780	16
1781	16
1782	16
1783	14
1784	14
1785	16
1786	14
1787	16
1788	16
1789	18
1790	18
1791	19
1792	20
1793	18
1794	18
1795	17
1796	18
1797	18
1798	16
1799	18
1800	18
1801	20
1802	20
1803	22
1804	22
1805	22
1806	22
1807	22
1808	20
1809	20
1810	20
1811	18
1812	18
1813	18
1814	20
1815	20
1816	20
1817	20
1818	20
1819	20
1820	20
1821	18
1822	18
1823	18
1824	18
1825	18
1826	18
1827	18
1828	18
1829	20
1830	21
1831	22
1832	22
1833	22
1834	22
1835	20
1836	20
1837	20
1838	20
1839	20
1840	20
1841	22
1842	24
1843	24
1844	25
1845	26
1846	26
1847	26
1848	24
1849	24
1850	22
1851	20
1852	18
1853	18
1854	20
1855	20
1856	22
1857	22
1858	22
1859	24
1860	22
1861	22
1862	22
1863	22
1864	20
1865	20
1866	20
1867	20
1868	20
1869	21
1870	24
1871	24
1872	24
1873	25
1874	25
1875	24
1876	24
1877	22
1878	22
1879	22
1880	22
1881	22
1882	23
1883	26
1884	26
1885	26
1886	27
1887	28
1888	28
1889	26
1890	24
1891	24
1892	22
1893	22
1894	22
1895	22
1896	24
1897	24
1898	24
1899	24
1900	24
1901	24
1902	23
1903	24
1904	22
1905	20
1906	22
1907	22
1908	21
1909	22
1910	23
1911	25
1912	25
1913	26
1914	26
1915	25
1916	25
1917	24
1918	22
1919	22
1920	22
1921	22
1922	23
1923	26
1924	26
1925	27
1926	30
1927	29
1928	30
1929	28
1930	27
1931	26
1932	24
1933	23
1934	23
1935	24
1936	24
1937	24
1938	24
1939	25
1940	26
1941	26
1942	24
1943	24
1944	24
1945	22
1946	22
1947	22
1948	22
1949	22
1950	22
1951	24
1952	25
1953	26
1954	26
1955	26
1956	25
1957	26
1958	24
1959	22
1960	22
1961	22
1962	22
1963	24
1964	26
1965	27
1966	29
1967	29
1968	30
1969	29
1970	28
1971	26
1972	24
1973	24
1974	22
1975	22
1976	22
1977	24
1978	24
1979	24
1980	25
1981	26
1982	26
1983	24
1984	24
1985	22
1986	22
1987	22
1988	21
1989	22
1990	21
1991	24
1992	24
1993	24
1994	25
1995	26
1996	26
1997	24
1998	22
1999	22
2000	22
2001	22
2002	22
2003	22
2004	23
2005	26
2006	27
2007	28
2008	29
2009	30
2010	28
2011	26
2012	26
2013	24
2014	22
2015	21
2016	22
2017	22
2018	23
2019	25
2020	24
2021	24
2022	25
2023	26
2024	24
2025	22
2026	22
2027	20
2028	20
2029	20
2030	20
2031	20
2032	22
2033	24
2034	24
2035	24
2036	25
2037	25
2038	24
2039	22
2040	22
2041	20
2042	20
2043	20
2044	22
2045	23
2046	26
2047	26
2048	27
2049	28
2050	28
2051	26
2052	25
2053	24
2054	22
2055	20
2056	18
2057	20
2058	22
2059	22
2060	22
2061	23
2062	24
2063	24
2064	22
2065	22
2066	21
2067	21
2068	20
2069	18
2070	18
2071	19
2072	20
2073	22
2074	23
2075	24
2076	24
2077	24
2078	24
2079	22
2080	20
2081	19
2082	20
2083	18
2084	19
2085	22
2086	23
2087	25
2088	26
2089	26
2090	27
2091	27
2092	26
2093	23
2094	22
2095	18
2096	18
2097	18
2098	20
2099	20
2100	22
2101	22
2102	21
2103	24
2104	22
2105	19
2106	21
2107	20
2108	16
2109	17
2110	19
2111	18
2112	17
2113	18
2114	22
2115	21
2116	23
2117	24
2118	22
2119	21
2120	22
2121	16
2122	18
2123	18
2124	17
2125	18
2126	19
2127	22
2128	23
2129	25
2130	25
2131	26
2132	24
2133	17
2134	17
2135	19
2136	18
2137	16
2138	16
2139	18
2140	19
2141	21
2142	21
2143	21
2144	22
2145	15
2146	19
2147	18
2148	16
2149	15
2150	17
2151	15
2152	16
2153	15
2154	18
2155	20
2156	19
2157	21
2158	21
2159	21
2160	20
2161	18
2162	16
2163	19
2164	19
2165	19
2166	20
2167	20
2168	20
2169	20
2170	22
2171	22
2172	21
2173	21
2174	20
2175	20
2176	16
2177	14
2178	16
2179	16
2180	14
2181	17
2182	19
2183	19
2184	19
2185	20
2186	19
2187	19
2188	19
2189	18
2190	15
2191	15
2192	13
2193	15
2194	17
2195	17
2196	16
2197	18
2198	19
2199	20
2200	17
2201	17
2202	16
2203	17
2204	18
2205	16
2206	16
2207	14
2208	17
2209	20
2210	18
2211	20
2212	20
2213	17
2214	18
2215	18
2216	18
2217	16
2218	15
2219	16
2220	14
2221	16
2222	16
2223	16
2224	16
2225	16
2226	18
2227	16
2228	17
2229	17
2230	17
2231	16
2232	15
2233	15
2234	16
2235	16
2236	17
2237	17
2238	18
2239	17
2240	17
2241	16
2242	16
2243	16
2244	15
2245	17
2246	17
2247	17
2248	17
2249	17
2250	18
2251	19
2252	19
2253	18
2254	18
2255	17
2256	18
2257	16
2258	15
2259	16
2260	15
2261	15
2262	15
2263	16
2264	14
2265	15
2266	16
2267	15
2268	16
2269	15
2270	15
2271	15
2272	15
2273	14
2274	13
2275	15
2276	15
2277	16
2278	15
2279	16
2280	15
2281	15
2282	13
2283	14
2284	14
2285	15
2286	15
2287	15
2288	15
2289	15
2290	16
2291	15
2292	17
2293	16
2294	18
2295	16
2296	16
2297	16
2298	15
2299	15
2300	15
2301	14
2302	13
2303	15
2304	14
2305	14
2306	14
2307	15
2308	15
2309	16
2310	15
2311	15
2312	14
2313	13
2314	15
2315	14
2316	13
2317	15
2318	15
2319	15
2320	14
2321	15
2322	14
2323	14
2324	13
2325	15
2326	15
2327	15
2328	15
2329	15
2330	15
2331	16
2332	14
2333	14
2334	16
2335	16
2336	15
2337	16
2338	15
2339	15
2340	14
2341	13
2342	14
2343	13
2344	14
2345	13
2346	15
2347	15
2348	15
2349	15
2350	15
2351	15
2352	14
2353	13
2354	13
2355	14
2356	13
2357	14
2358	14
2359	14
2360	13
2361	14
2362	14
2363	14
2364	14
2365	14
2366	14
2367	14
2368	14
2369	14
2370	15
2371	15
2372	16
2373	15
2374	16
2375	16
2376	16
2377	16
2378	15
2379	15
2380	15
2381	15
2382	14
2383	13
2384	14
2385	14
2386	13
2387	14
2388	14
2389	14
2390	14
2391	14
2392	14
2393	13
2394	13
2395	13
2396	13
2397	14
2398	14
2399	14
2400	14
2401	12
2402	14
2403	14
2404	13
2405	14
2406	13
2407	15
2408	15
2409	14
2410	14
2411	14
2412	15
2413	15
2414	16
2415	15
2416	16
2417	16
2418	16
2419	15
2420	15
2421	15
2422	14
2423	13
2424	13
2425	14
2426	13
2427	14
2428	14
2429	14
2430	14
2431	14
2432	14
2433	14
2434	13
2435	13
2436	14
2437	13
2438	13
2439	15
2440	14
2441	12
2442	13
2443	14
2444	14
2445	13
2446	13
2447	14
2448	14
2449	14
2450	14
2451	14
2452	14
2453	14
2454	15
2455	16
2456	15
2457	16
2458	15
2459	16
2460	15
2461	15
2462	14
2463	13
2464	13
2465	13
2466	13
2467	13
2468	14
2469	14
2470	14
2471	14
2472	14
2473	14
2474	14
2475	13
2476	13
2477	13
2478	13
2479	13
2480	14
2481	13
2482	13
2483	13
2484	13
2485	14
2486	12
2487	13
2488	14
2489	13
2490	14
2491	14
2492	14
2493	14
2494	14
2495	14
2496	14
2497	14
2498	14
2499	15
2500	15
2501	15
2502	15
2503	13
2504	13
2505	13
2506	13
2507	13
2508	12
2509	12
2510	13
2511	15
2512	14
2513	14
2514	13
2515	13
2516	13
2517	13
2518	13
2519	12
2520	13
2521	14
2522	12
2523	13
2524	13
2525	13
2526	12
2527	12
2528	13
2529	14
2530	13
2531	14
2532	13
2533	15
2534	14
2535	12
2536	12
2537	14
2538	12
2539	14
2540	14
2541	15
2542	14
2543	13
2544	13
2545	13
2546	13
2547	12
2548	12
2549	10
2550	12
2551	13
2552	14
2553	14
2554	13
2555	13
2556	13
2557	13
2558	12
2559	12
2560	11
2561	13
2562	14
2563	12
2564	12
2565	12
2566	12
2567	12
2568	12
2569	12
2570	13
2571	13
2572	14
2573	13
2574	14
2575	13
2576	14
2577	12
2578	12
2579	14
2580	13
2581	14
2582	14
2583	14
2584	13
2585	13
2586	12
2587	12
2588	12
2589	12
2590	12
2591	12
2592	13
2593	14
2594	13
2595	14
2596	13
2597	13
2598	12
2599	12
2600	12
2601	11
2602	13
2603	14
2604	10
2605	12
2606	12
2607	10
2608	12
2609	12
2610	13
2611	13
2612	13
2613	13
2614	14
2615	13
2616	14
2617	12
2618	12
2619	14
2620	14
2621	13
2622	14
2623	14
2624	13
2625	13
2626	13
2627	12
2628	12
2629	10
2630	10
2631	12
2632	12
2633	13
2634	14
2635	13
2636	13
2637	13
2638	13
2639	12
2640	12
2641	11
2642	12
2643	12
2644	12
2645	10
2646	13
2647	13
2648	13
2649	10
2650	12
2651	12
2652	13
2653	13
2654	13
2655	13
2656	13
2657	14
2658	12
2659	14
2660	12
2661	14
2662	13
2663	14
2664	14
2665	13
2666	13
2667	12
2668	12
2669	12
2670	12
2671	10
2672	12
2673	12
2674	12
2675	13
2676	13
2677	13
2678	13
2679	12
2680	12
2681	12
2682	12
2683	12
2684	12
2685	12
2686	12
2687	12
2688	12
2689	10
2690	12
2691	12
2692	12
2693	13
2694	13
2695	13
2696	13
2697	13
2698	13
2699	13
2700	14
2701	13
2702	12
2703	14
2704	13
2705	14
2706	13
2707	12
2708	12
2709	11
2710	12
2711	12
2712	10
2713	12
2714	12
2715	12
2716	12
2717	12
2718	12
2719	12
2720	12
2721	12
2722	12
2723	12
2724	12
2725	12
2726	12
2727	12
2728	13
2729	13
2730	11
2731	10
2732	12
2733	12
2734	12
2735	12
2736	12
2737	12
2738	12
2739	12
2740	12
2741	12
2742	14
2743	13
2744	13
2745	14
2746	13
2747	13
2748	13
2749	12
2750	12
2751	12
2752	12
2753	12
2754	12
2755	12
2756	12
2757	12
2758	12
2759	12
2760	12
2761	12
2762	12
2763	12
2764	12
2765	12
2766	12
2767	11
2768	13
2769	13
2770	13
2771	10
2772	12
2773	12
2774	12
2775	12
2776	12
2777	12
2778	12
2779	12
2780	12
2781	12
2782	12
2783	14
2784	13
2785	14
2786	12
2787	12
2788	12
2789	12
2790	12
2791	12
2792	12
2793	12
2794	12
2795	12
2796	12
2797	12
2798	12
2799	12
2800	12
2801	12
2802	12
2803	12
2804	12
2805	11
2806	12
2807	11
2808	13
2809	13
2810	13
2811	13
2812	11
2813	10
2814	12
2815	12
2816	12
2817	12
2818	12
2819	10
2820	12
2821	12
2822	13
2823	14
2824	14
2825	12
2826	12
2827	12
2828	12
2829	12
2830	12
2831	12
2832	10
2833	11
2834	12
2835	12
2836	10
2837	12
2838	12
2839	12
2840	12
2841	12
2842	12
2843	12
2844	12
2845	11
2846	12
2847	11
2848	13
2849	13
2850	13
2851	13
2852	13
2853	11
2854	10
2855	12
2856	12
2857	12
2858	12
2859	12
2860	12
2861	11
2862	13
2863	15
2864	15
2865	13
2866	13
2867	12
2868	12
2869	12
2870	12
2871	11
2872	12
2873	10
2874	12
2875	10
2876	11
2877	12
2878	13
2879	11
2880	10
2881	12
2882	12
2883	11
2884	12
2885	11
2886	12
2887	10
2888	13
2889	13
2890	13
2891	15
2892	13
2893	13
2894	12
2895	12
2896	12
2897	11
2898	12
2899	12
2900	11
2901	13
2902	14
2903	13
2904	15
2905	15
2906	13
2907	13
2908	11
2909	10
2910	10
2911	11
2912	12
2913	10
2914	12
2915	11
2916	13
2917	13
2918	13
2919	13
2920	11
2921	12
2922	12
2923	12
2924	12
2925	11
2926	12
2927	11
2928	12
2929	13
2930	13
2931	13
2932	15
2933	13
2934	13
2935	12
2936	12
2937	12
2938	10
2939	12
2940	10
2941	12
2942	13
2943	15
2944	15
2945	15
2946	15
2947	13
2948	13
2949	12
2950	12
2951	10
2952	10
2953	10
2954	10
2955	10
2956	11
2957	13
2958	13
2959	13
2960	13
2961	11
2962	10
2963	12
2964	12
2965	11
2966	12
2967	12
2968	10
2969	12
2970	13
2971	13
2972	15
2973	15
2974	13
2975	13
2976	13
2977	11
2978	11
2979	11
2980	11
2981	12
2982	13
2983	15
2984	15
2985	15
2986	15
2987	15
2988	15
2989	13
2990	12
2991	12
2992	11
2993	11
2994	11
2995	12
2996	12
2997	12
2998	13
2999	13
3000	15
3001	13
3002	13
3003	12
3004	12
3005	10
3006	11
3007	11
3008	10
3009	12
3010	13
3011	15
3012	14
3013	15
3014	15
3015	13
3016	13
3017	13
3018	13
3019	12
3020	12
3021	12
3022	12
3023	14
3024	15
3025	15
3026	15
3027	16
3028	15
3029	15
3030	15
3031	13
3032	13
3033	12
3034	10
3035	12
3036	12
3037	13
3038	13
3039	15
3040	14
3041	13
3042	13
3043	13
3044	13
3045	12
3046	12
3047	12
3048	12
3049	12
3050	12
3051	14
3052	14
3053	15
3054	15
3055	15
3056	14
3057	13
3058	13
3059	13
3060	13
3061	12
3062	12
3063	13
3064	15
3065	15
3066	15
3067	15
3068	16
3069	15
3070	15
3071	14
3072	12
3073	12
3074	10
3075	12
3076	12
3077	12
3078	13
3079	15
3080	14
3081	14
3082	13
3083	14
3084	12
3085	12
3086	12
3087	12
3088	12
3089	12
3090	12
3091	13
3092	15
3093	15
3094	15
3095	15
3096	15
3097	14
3098	13
3099	13
3100	13
3101	13
3102	12
3103	12
3104	13
3105	15
3106	16
3107	16
3108	15
3109	16
3110	15
3111	15
3112	14
3113	12
3114	12
3115	10
3116	12
3117	12
3118	13
3119	14
3120	14
3121	14
3122	14
3123	14
3124	12
3125	12
3126	12
3127	12
3128	12
3129	12
3130	12
3131	12
3132	14
3133	14
3134	15
3135	15
3136	15
3137	15
3138	14
3139	12
3140	12
3141	12
3142	12
3143	12
3144	13
3145	15
3146	15
3147	16
3148	16
3149	16
3150	16
3151	15
3152	15
3153	14
3154	13
3155	13
3156	12
3157	12
3158	12
3159	13
3160	14
3161	14
3162	14
3163	15
3164	15
3165	14
3166	12
3167	12
3168	12
3169	12
3170	12
3171	10
3172	12
3173	14
3174	15
3175	15
3176	15
3177	15
3178	15
3179	14
3180	12
3181	12
3182	12
3183	12
3184	12
3185	13
3186	15
3187	15
3188	16
3189	16
3190	16
3191	15
3192	15
3193	15
3194	14
3195	12
3196	12
3197	12
3198	12
3199	12
3200	14
3201	14
3202	14
3203	14
3204	14
3205	14
3206	13
3207	13
3208	12
3209	12
3210	12
3211	10
3212	10
3213	12
3214	14
3215	14
3216	14
3217	15
3218	14
3219	14
3220	13
3221	13
3222	13
3223	12
3224	12
3225	12
3226	13
3227	15
3228	15
3229	16
3230	16
3231	15
3232	15
3233	15
3234	14
3235	12
3236	12
3237	12
3238	10
3239	12
3240	12
3241	13
3242	14
3243	14
3244	14
3245	14
3246	13
3247	14
3248	12
3249	12
3250	12
3251	12
3252	11
3253	11
3254	12
3255	14
3256	14
3257	14
3258	14
3259	14
3260	14
3261	12
3262	12
3263	12
3264	12
3265	12
3266	12
3267	12
3268	14
3269	15
3270	16
3271	15
3272	16
3273	14
3274	14
3275	12
3276	12
3277	12
3278	10
3279	10
3280	12
3281	12
3282	13
3283	14
3284	14
3285	14
3286	14
3287	12
3288	12
3289	12
3290	12
3291	11
3292	12
3293	12
3294	12
3295	12
3296	14
3297	14
3298	14
3299	14
3300	14
3301	14
3302	12
3303	12
3304	12
3305	12
3306	12
3307	12
3308	14
3309	14
3310	15
3311	16
3312	16
3313	15
3314	14
3315	14
3316	12
3317	12
3318	12
3319	10
3320	12
3321	12
3322	12
3323	14
3324	14
3325	14
3326	14
3327	14
3328	13
3329	13
3330	12
3331	12
3332	12
3333	11
3334	12
3335	12
3336	14
3337	14
3338	14
3339	14
3340	14
3341	14
3342	13
3343	12
3344	12
3345	12
3346	12
3347	12
3348	13
3349	14
3350	14
3351	15
3352	16
3353	15
3354	15
3355	14
3356	12
3357	12
3358	12
3359	11
3360	12
3361	12
3362	12
3363	13
3364	14
3365	13
3366	14
3367	14
3368	13
3369	13
3370	13
3371	12
3372	13
3373	13
3374	12
3375	12
3376	12
3377	13
3378	14
3379	14
3380	14
3381	14
3382	14
3383	12
3384	11
3385	12
3386	12
3387	13
3388	13
3389	12
3390	14
3391	14
3392	15
3393	15
3394	16
3395	14
3396	12
3397	13
3398	13
3399	13
3400	12
3401	12
3402	11
3403	10
3404	14
3405	13
3406	14
3407	13
3408	14
3409	12
3410	13
3411	13
3412	13
3413	13
3414	13
3415	13
3416	13
3417	12
3418	14
3419	14
3420	14
3421	14
3422	14
3423	13
3424	13
3425	12
3426	13
3427	13
3428	13
3429	13
3430	12
3431	14
3432	15
3433	16
3434	15
3435	16
3436	14
3437	13
3438	14
3439	12
3440	11
3441	13
3442	13
3443	12
3444	13
3445	14
3446	13
3447	14
3448	13
3449	14
3450	13
3451	13
3452	13
3453	13
3454	13
3455	13
3456	13
3457	13
3458	13
3459	13
3460	14
3461	14
3462	14
3463	14
3464	13
3465	12
3466	13
3467	13
3468	13
3469	13
3470	14
3471	13
3472	15
3473	15
3474	16
3475	15
3476	15
3477	14
3478	14
3479	14
3480	13
3481	13
3482	13
3483	13
3484	13
3485	12
3486	13
3487	14
3488	13
3489	13
3490	13
3491	13
3492	14
3493	13
3494	13
3495	13
3496	13
3497	13
3498	13
3499	13
3500	13
3501	14
3502	14
3503	14
3504	13
3505	13
3506	12
3507	13
3508	14
3509	13
3510	14
3511	13
3512	13
3513	14
3514	15
3515	15
3516	16
3517	14
3518	14
3519	14
3520	14
3521	14
3522	13
3523	13
3524	13
3525	13
3526	13
3527	12
3528	13
3529	13
3530	14
3531	14
3532	13
3533	14
3534	13
3535	14
3536	13
3537	13
3538	14
3539	13
3540	13
3541	13
3542	13
3543	15
3544	15
3545	14
3546	13
3547	13
3548	14
3549	14
3550	14
3551	14
3552	14
3553	12
3554	14
3555	15
3556	15
3557	15
3558	14
3559	14
3560	14
3561	14
3562	14
3563	13
3564	13
3565	13
3566	13
3567	13
3568	13
3569	14
3570	12
3571	14
3572	14
3573	14
3574	14
3575	13
3576	14
3577	13
3578	14
3579	13
3580	14
3581	12
3582	12
3583	13
3584	15
3585	14
3586	13
3587	14
3588	13
3589	14
3590	14
3591	14
3592	14
3593	14
3594	13
3595	14
3596	14
3597	15
3598	15
3599	15
3600	15
3601	15
3602	14
3603	14
3604	13
3605	14
3606	13
3607	14
3608	12
3609	12
3610	14
3611	13
3612	14
3613	14
3614	14
3615	14
3616	14
3617	14
3618	14
3619	13
3620	14
3621	14
3622	13
3623	13
3624	15
3625	15
3626	14
3627	14
3628	12
3629	14
3630	14
3631	14
3632	14
3633	14
3634	14
3635	14
3636	13
3637	14
3638	15
3639	16
3640	14
3641	14
3642	14
3643	14
3644	14
3645	14
3646	13
3647	14
3648	13
3649	14
3650	12
3651	14
3652	12
3653	13
3654	14
3655	14
3656	14
3657	14
3658	14
3659	13
3660	14
3661	13
3662	14
3663	13
3664	14
3665	14
3666	14
3667	12
3668	12
3669	12
3670	13
3671	14
3672	14
3673	14
3674	14
3675	12
3676	13
3677	15
3678	15
3679	15
3680	14
3681	14
3682	14
3683	14
3684	14
3685	14
3686	13
3687	14
3688	13
3689	14
3690	12
3691	14
3692	12
3693	12
3694	14
3695	14
3696	14
3697	14
3698	14
3699	14
3700	14
3701	14
3702	14
3703	12
3704	13
3705	14
3706	13
3707	14
3708	13
3709	14
3710	12
3711	14
3712	14
3713	14
3714	14
3715	14
3716	13
3717	14
3718	14
3719	15
3720	15
3721	13
3722	14
3723	14
3724	14
3725	14
3726	14
3727	13
3728	14
3729	13
3730	13
3731	13
3732	14
3733	12
3734	14
3735	14
3736	14
3737	14
3738	14
3739	14
3740	13
3741	14
3742	13
3743	14
3744	12
3745	12
3746	14
3747	14
3748	13
3749	14
3750	13
3751	14
3752	14
3753	14
3754	14
3755	14
3756	14
3757	12
3758	14
3759	14
3760	14
3761	14
3762	14
3763	14
3764	14
3765	14
3766	14
3767	13
3768	13
3769	13
3770	13
3771	13
3772	13
3773	14
3774	12
3775	12
3776	14
3777	14
3778	14
3779	14
3780	13
3781	14
3782	13
3783	14
3784	13
3785	14
3786	13
3787	14
3788	13
3789	14
3790	13
3791	13
3792	14
3793	13
3794	14
3795	14
3796	14
3797	13
3798	14
3799	14
3800	14
3801	14
3802	14
3803	14
3804	14
3805	14
3806	14
3807	14
3808	13
3809	13
3810	13
3811	13
3812	13
3813	13
3814	13
3815	14
3816	12
3817	12
3818	14
3819	14
3820	13
3821	14
3822	13
3823	14
3824	13
3825	13
3826	13
3827	12
3828	14
3829	14
3830	13
3831	13
3832	12
3833	14
3834	13
3835	14
3836	13
3837	14
3838	12
3839	14
3840	13
3841	14
3842	15
3843	15
3844	12
3845	14
3846	14
3847	14
3848	13
3849	13
3850	13
3851	13
3852	13
3853	12
3854	13
3855	13
3856	13
3857	12
3858	14
3859	14
3860	13
3861	14
3862	13
3863	14
3864	13
3865	13
3866	13
3867	12
3868	14
3869	14
3870	14
3871	13
3872	13
3873	12
3874	14
3875	13
3876	14
3877	13
3878	14
3879	13
3880	14
3881	13
3882	15
3883	15
3884	14
3885	14
3886	14
3887	13
3888	14
3889	13
3890	13
3891	13
3892	13
3893	12
3894	13
3895	14
3896	13
3897	13
3898	14
3899	12
3900	13
3901	14
3902	13
3903	14
3904	13
3905	14
3906	13
3907	12
3908	14
3909	14
3910	14
3911	14
3912	13
3913	13
3914	12
3915	13
3916	14
3917	13
3918	14
3919	13
3920	12
3921	13
3922	15
3923	15
3924	15
3925	15
3926	14
3927	14
3928	14
3929	13
3930	13
3931	13
3932	13
3933	13
3934	12
3935	13
3936	14
3937	12
3938	13
3939	13
3940	12
3941	13
3942	14
3943	13
3944	14
3945	13
3946	14
3947	12
3948	14
3949	14
3950	14
3951	15
3952	15
3953	14
3954	13
3955	12
3956	12
3957	13
3958	14
3959	13
3960	14
3961	14
3962	15
3963	15
3964	16
3965	15
3966	15
3967	15
3968	12
3969	14
3970	13
3971	13
3972	13
3973	13
3974	12
3975	14
3976	13
3977	14
3978	13
3979	14
3980	13
3981	14
3982	12
3983	12
3984	13
3985	14
3986	13
3987	13
3988	13
3989	13
3990	15
3991	15
3992	15
3993	15
3994	14
3995	13
3996	12
3997	13
3998	14
3999	12
4000	13
4001	13
4002	15
4003	15
4004	16
4005	15
4006	16
4007	15
4008	15
4009	14
4010	14
4011	12
4012	13
4013	13
4014	12
4015	14
4016	14
4017	13
4018	15
4019	15
4020	15
4021	14
4022	14
4023	12
4024	12
4025	12
4026	13
4027	13
4028	13
4029	13
4030	15
4031	15
4032	15
4033	15
4034	15
4035	15
4036	13
4037	13
4038	13
4039	13
4040	13
4041	13
4042	14
4043	15
4044	15
4045	16
4046	16
4047	15
4048	15
4049	15
4050	14
4051	14
4052	12
4053	13
4054	13
4055	12
4056	14
4057	14
4058	14
4059	13
4060	15
4061	15
4062	13
4063	13
4064	12
4065	13
4066	14
4067	12
4068	12
4069	13
4070	13
4071	15
4072	15
4073	15
4074	15
4075	15
4076	14
4077	12
4078	13
4079	13
4080	13
4081	13
4082	13
4083	14
4084	15
4085	15
4086	16
4087	15
4088	15
4089	15
4090	14
4091	14
4092	12
4093	12
4094	12
4095	12
4096	13
4097	14
4098	13
4099	14
4100	13
4101	15
4102	14
4103	13
4104	13
4105	13
4106	13
4107	13
4108	13
4109	13
4110	12
4111	14
4112	14
4113	15
4114	15
4115	15
4116	15
4117	14
4118	12
4119	12
4120	13
4121	13
4122	13
4123	14
4124	14
4125	15
4126	16
4127	15
4128	16
4129	15
4130	15
4131	14
4132	12
4133	13
4134	13
4135	12
4136	12
4137	13
4138	14
4139	14
4140	14
4141	14
4142	14
4143	13
4144	14
4145	12
4146	12
4147	13
4148	13
4149	13
4150	12
4151	14
4152	14
4153	14
4154	14
4155	15
4156	15
4157	14
4158	13
4159	13
4160	13
4161	13
4162	13
4163	13
4164	13
4165	15
4166	15
4167	15
4168	15
4169	15
4170	15
4171	14
4172	12
4173	12
4174	13
4175	12
4176	12
4177	12
4178	13
4179	14
4180	14
4181	13
4182	14
4183	14
4184	13
4185	13
4186	13
4187	12
4188	13
4189	13
4190	13
4191	12
4192	13
4193	14
4194	14
4195	14
4196	14
4197	14
4198	14
4199	13
4200	13
4201	13
4202	12
4203	13
4204	12
4205	14
4206	14
4207	15
4208	15
4209	16
4210	15
4211	15
4212	14
4213	12
4214	12
4215	12
4216	12
4217	12
4218	11
4219	13
4220	14
4221	13
4222	14
4223	14
4224	13
4225	13
4226	13
4227	12
4228	13
4229	13
4230	13
4231	13
4232	12
4233	14
4234	14
4235	14
4236	15
4237	15
4238	15
4239	14
4240	12
4241	12
4242	13
4243	13
4244	13
4245	13
4246	14
4247	15
4248	15
4249	16
4250	15
4251	15
4252	15
4253	14
4254	13
4255	13
4256	12
4257	12
4258	12
4259	13
4260	14
4261	14
4262	14
4263	14
4264	14
4265	14
4266	12
4267	13
4268	13
4269	13
4270	13
4271	13
4272	13
4273	12
4274	14
4275	14
4276	14
4277	15
4278	15
4279	14
4280	14
4281	12
4282	12
4283	13
4284	13
4285	13
4286	13
4287	14
4288	15
4289	16
4290	16
4291	15
4292	15
4293	14
4294	13
4295	13
4296	13
4297	13
4298	13
4299	12
4300	13
4301	14
4302	14
4303	13
4304	14
4305	14
4306	12
4307	13
4308	13
4309	13
4310	13
4311	13
4312	13
4313	13
4314	13
4315	14
4316	14
4317	14
4318	14
4319	14
4320	14
4321	13
4322	12
4323	13
4324	13
4325	13
4326	13
4327	13
4328	14
4329	14
4330	15
4331	16
4332	15
4333	14
4334	13
4335	13
4336	13
4337	13
4338	13
4339	13
4340	13
4341	12
4342	13
4343	14
4344	13
4345	14
4346	13
4347	13
4348	12
4349	13
4350	13
4351	13
4352	13
4353	13
4354	13
4355	12
4356	14
4357	14
4358	14
4359	14
4360	14
4361	13
4362	12
4363	13
4364	13
4365	13
4366	13
4367	13
4368	11
4369	13
4370	14
4371	14
4372	14
4373	14
4374	13
4375	13
4376	13
4377	13
4378	13
4379	13
4380	13
4381	13
4382	12
4383	13
4384	13
4385	13
4386	13
4387	13
4388	12
4389	13
4390	13
4391	13
4392	13
4393	13
4394	13
4395	13
4396	12
4397	13
4398	14
4399	13
4400	14
4401	13
4402	13
4403	11
4404	12
4405	13
4406	13
4407	13
4408	13
4409	12
4410	14
4411	13
4412	14
4413	13
4414	14
4415	13
4416	14
4417	13
4418	13
4419	13
4420	13
4421	13
4422	12
4423	12
4424	12
4425	12
4426	13
4427	13
4428	13
4429	13
4430	13
4431	13
4432	13
4433	13
4434	13
4435	13
4436	13
4437	13
4438	12
4439	13
4440	14
4441	13
4442	13
4443	12
4444	13
4445	13
4446	13
4447	13
4448	13
4449	13
4450	13
4451	13
4452	13
4453	13
4454	14
4455	12
4456	14
4457	14
4458	13
4459	13
4460	13
4461	13
4462	13
4463	13
4464	13
4465	12
4466	12
4467	13
4468	14
4469	13
4470	14
4471	13
4472	14
4473	13
4474	13
4475	13
4476	13
4477	13
4478	13
4479	13
4480	12
4481	14
4482	13
4483	13
4484	12
4485	13
4486	14
4487	13
4488	14
4489	13
4490	14
4491	12
4492	13
4493	14
4494	14
4495	14
4496	14
4497	14
4498	14
4499	14
4500	13
4501	13
4502	13
4503	13
4504	13
4505	13
4506	13
4507	14
4508	12
4509	12
4510	13
4511	14
4512	14
4513	13
4514	14
4515	13
4516	13
4517	14
4518	13
4519	13
4520	13
4521	12
4522	14
4523	12
4524	13
4525	13
4526	13
4527	14
4528	13
4529	14
4530	13
4531	14
4532	12
4533	13
4534	14
4535	14
4536	14
4537	14
4538	14
4539	14
4540	14
4541	13
4542	13
4543	13
4544	13
4545	13
4546	13
4547	13
4548	14
4549	12
4550	12
4551	14
4552	14
4553	13
4554	14
4555	13
4556	13
4557	13
4558	13
4559	13
4560	13
4561	12
4562	14
4563	13
4564	13
4565	13
4566	12
4567	12
4568	13
4569	14
4570	13
4571	14
4572	12
4573	13
4574	14
4575	14
4576	14
4577	14
4578	14
4579	14
4580	14
4581	13
4582	13
4583	13
4584	13
4585	12
4586	12
4587	12
4588	12
4589	12
4590	12
4591	12
4592	13
4593	14
4594	13
4595	13
4596	13
4597	13
4598	13
4599	13
4600	13
4601	12
4602	13
4603	14
4604	13
4605	13
4606	12
4607	12
4608	13
4609	13
4610	14
4611	13
4612	13
4613	14
4614	13
4615	15
4616	14
4617	14
4618	14
4619	14
4620	14
4621	14
4622	13
4623	13
4624	13
4625	12
4626	12
4627	12
4628	12
4629	12
4630	13
4631	14
4632	12
4633	12
4634	13
4635	14
4636	13
4637	13
4638	13
4639	13
4640	13
4641	12
4642	13
4643	14
4644	13
4645	14
4646	12
4647	12
4648	12
4649	12
4650	13
4651	14
4652	13
4653	13
4654	13
4655	12
4656	15
4657	15
4658	15
4659	13
4660	12
4661	13
4662	14
4663	12
4664	12
4665	12
4666	12
4667	11
4668	12
4669	13
4670	13
4671	13
4672	13
4673	12
4674	12
4675	13
4676	13
4677	13
4678	13
4679	13
4680	13
4681	12
4682	13
4683	13
4684	14
4685	13
4686	14
4687	12
4688	12
4689	12
4690	12
4691	12
4692	12
4693	12
4694	10
4695	13
4696	14
4697	13
4698	15
4699	15
4700	13
4701	12
4702	13
4703	13
4704	12
4705	12
4706	12
4707	11
4708	12
4709	12
4710	12
4711	11
4712	13
4713	13
4714	12
4715	12
4716	12
4717	12
4718	12
4719	12
4720	12
4721	11
4722	12
4723	13
4724	13
4725	14
4726	13
4727	13
4728	13
4729	11
4730	11
4731	12
4732	12
4733	12
4734	12
4735	11
4736	13
4737	15
4738	15
4739	15
4740	14
4741	13
4742	13
4743	11
4744	11
4745	11
4746	11
4747	12
4748	11
4749	13
4750	13
4751	13
4752	13
4753	13
4754	13
4755	12
4756	12
4757	11
4758	12
4759	11
4760	12
4761	11
4762	12
4763	13
4764	13
4765	14
4766	14
4767	14
4768	13
4769	13
4770	12
4771	12
4772	11
4773	12
4774	12
4775	12
4776	13
4777	14
4778	14
4779	14
4780	15
4781	15
4782	14
4783	12
4784	12
4785	12
4786	12
4787	11
4788	12
4789	11
4790	13
4791	13
4792	13
4793	13
4794	13
4795	13
4796	13
4797	12
4798	12
4799	12
4800	12
4801	11
4802	13
4803	12
4804	13
4805	14
4806	14
4807	14
4808	14
4809	13
4810	13
4811	12
4812	12
4813	12
4814	12
4815	12
4816	12
4817	14
4818	14
4819	14
4820	14
4821	15
4822	14
4823	13
4824	13
4825	12
4826	13
4827	12
4828	12
4829	11
4830	11
4831	13
4832	14
4833	13
4834	14
4835	13
4836	14
4837	12
4838	12
4839	12
4840	12
4841	12
4842	12
4843	12
4844	12
4845	13
4846	14
4847	14
4848	14
4849	14
4850	14
4851	12
4852	12
4853	12
4854	12
4855	12
4856	12
4857	12
4858	14
4859	14
4860	15
4861	15
4862	16
4863	14
4864	14
4865	12
4866	12
4867	12
4868	11
4869	12
4870	12
4871	12
4872	12
4873	13
4874	14
4875	13
4876	14
4877	12
4878	12
4879	12
4880	12
4881	12
4882	12
4883	12
4884	11
4885	12
4886	13
4887	14
4888	14
4889	14
4890	14
4891	13
4892	12
4893	12
4894	11
4895	12
4896	12
4897	12
4898	12
4899	14
4900	14
4901	14
4902	14
4903	14
4904	14
4905	12
4906	12
4907	11
4908	11
4909	11
4910	11
4911	10
4912	12
4913	12
4914	12
4915	12
4916	12
4917	12
4918	12
4919	11
4920	12
4921	11
4922	11
4923	11
4924	11
4925	11
4926	12
4927	12
4928	13
4929	14
4930	14
4931	13
4932	12
4933	12
4934	10
4935	11
4936	12
4937	11
4938	11
4939	12
4940	14
4941	14
4942	14
4943	14
4944	14
4945	13
4946	13
4947	12
4948	11
4949	12
4950	10
4951	10
4952	12
4953	12
4954	12
4955	12
4956	12
4957	12
4958	12
4959	11
4960	12
4961	11
4962	12
4963	11
4964	11
4965	11
4966	10
4967	12
4968	13
4969	14
4970	14
4971	14
4972	13
4973	12
4974	10
4975	12
4976	10
4977	12
4978	10
4979	10
4980	12
4981	14
4982	14
4983	14
4984	14
4985	13
4986	13
4987	12
4988	12
4989	11
4990	12
4991	10
4992	10
4993	10
4994	12
4995	12
4996	12
4997	12
4998	12
4999	11
5000	11
