1	0.99999989
2	0.20061233
3	0.02792516
4	0.018272465
5	0.031899143
6	0.01205929
7	0.0089950706
8	0.0055690885
9	0.0022205796
10	0.0021977331
11	0.0017914492
12	0.0014347169
13	0.001285949
14	0.0010973595
15	0.00098244875
16	0.00098100639
17	0.00099359643
18	0.0010026159
19	0.0010145867
20	0.0010359769
21	0.0010600824
22	0.0010659627
23	0.0010334031
24	0.001006544
25	0.0010075488
26	0.0010231127
27	0.0010352416
28	0.0010393116
29	0.0010304206
30	0.0010155924
31	0.0010085278
32	0.0010103405
33	0.0010124858
34	0.0010104666
35	0.0010025391
36	0.00099443536
37	0.00099066058
38	0.00099012327
39	0.00098832415
40	0.00098280527
41	0.00097624744
42	0.00097119523
43	0.00096738402
44	0.00096361973
45	0.00095852031
46	0.00095303901
47	0.00094830115
48	0.00094422159
49	0.00094004511
50	0.00093505687
51	0.00093016324
52	0.00092583006
53	0.00092180371
54	0.00091743846
55	0.00091293155
56	0.00090885685
57	0.00090515702
58	0.00090122944
59	0.0008973405
60	0.00089386845
61	0.0008905353
62	0.0008872125
63	0.00088396425
64	0.00088098803
65	0.00087821864
66	0.00087545054
67	0.00087283277
68	0.00087050439
69	0.00086826999
70	0.00086603287
71	0.00086403493
72	0.00086209254
73	0.00086027398
74	0.00085855373
75	0.00085698422
76	0.00085545028
77	0.00085405926
78	0.00085271211
79	0.00085139026
80	0.00085027138
81	0.0008491774
82	0.00084811661
83	0.0008471492
84	0.00084627708
85	0.00084541704
86	0.00084462711
87	0.00084388453
88	0.00084315051
89	0.00084252564
90	0.00084200276
91	0.00084148228
92	0.00084090714
93	0.0008405684
94	0.00084031592
95	0.00084016219
96	0.00084058878
97	0.00084113841
98	0.00084112992
99	0.00084084316
100	0.0008405739
101	0.0008403733
102	0.00084019082
103	0.00084005409
104	0.00083999257
105	0.00083994431
106	0.00083990857
107	0.00083990971
108	0.0008399835
109	0.00084004273
110	0.00084011388
111	0.00084019985
112	0.0008403184
113	0.00084045711
114	0.0008406194
115	0.00084081459
116	0.00084101464
117	0.00084122923
118	0.00084145706
119	0.00084168447
120	0.00084189292
121	0.00084211979
122	0.00084233582
123	0.00084251981
124	0.00084269036
125	0.00084287624
126	0.00084305661
127	0.00084321877
128	0.00084336308
129	0.00084348925
130	0.00084362047
131	0.00084371964
132	0.00084379709
133	0.0008438832
134	0.00084396036
135	0.00084401681
136	0.00084406942
137	0.00084411152
138	0.00084411353
139	0.00084411702
140	0.00084410251
141	0.00084405896
142	0.00084399946
143	0.00084393241
144	0.00084385517
145	0.00084376418
146	0.00084364868
147	0.00084356164
148	0.00084358122
149	0.00084348917
150	0.00084333704
151	0.00084317438
152	0.00084301099
153	0.00084282781
154	0.0008426051
155	0.00084237923
156	0.00084215935
157	0.00084192506
158	0.00084167431
159	0.00084142097
160	0.00084116821
161	0.00084089162
162	0.00084063523
163	0.00084039937
164	0.00084013896
165	0.00083989161
166	0.00083962627
167	0.00083934262
168	0.00083905535
169	0.00083876446
170	0.00083847512
171	0.00083820945
172	0.00083792756
173	0.00083766329
174	0.00083740043
175	0.00083712298
176	0.00083683421
177	0.000836539
178	0.00083621834
179	0.00083590519
180	0.00083556658
181	0.00083522385
182	0.00083488987
183	0.00083455099
184	0.00083422137
185	0.00083386019
186	0.00083348245
187	0.00083310628
188	0.00083273099
189	0.00083234262
190	0.0008319399
191	0.00083151707
192	0.00083108351
193	0.00083065643
194	0.00083023938
195	0.00082983726
196	0.00082941887
197	0.00082899146
198	0.00082855097
199	0.00082808621
200	0.00082761882
201	0.00082712544
202	0.00082661966
203	0.00082610566
204	0.00082559831
205	0.00082508735
206	0.00082457186
207	0.00082404412
208	0.00082352301
209	0.00082303233
210	0.00082254212
211	0.0008220438
212	0.00082152366
213	0.00082098633
214	0.00082043754
215	0.00081989407
216	0.00081937609
217	0.00081886853
218	0.00081835722
219	0.00081783164
220	0.00081726
221	0.00081669552
222	0.00081617148
223	0.00081565898
224	0.00081512011
225	0.00081457429
226	0.00081402968
227	0.00081345862
228	0.00081291708
229	0.00081237055
230	0.00081179793
231	0.00081122503
232	0.00081066959
233	0.00081010089
234	0.00080952894
235	0.00080895859
236	0.00080839796
237	0.00080782395
238	0.00080723059
239	0.00080662847
240	0.00080602193
241	0.00080541766
242	0.00080481241
243	0.00080421375
244	0.00080359446
245	0.00080297974
246	0.00080237157
247	0.00080176147
248	0.00080115395
249	0.00080051314
250	0.00079981941
251	0.00079913649
252	0.00079845611
253	0.00079777377
254	0.00079706865
255	0.00079636578
256	0.00079565178
257	0.00079494524
258	0.00079422223
259	0.00079350288
260	0.00079278129
261	0.00079205652
262	0.00079133099
263	0.00079061178
264	0.00078987253
265	0.00078914737
266	0.00078841413
267	0.00078767046
268	0.00078691367
269	0.00078617137
270	0.00078542735
271	0.00078468436
272	0.00078393672
273	0.00078317732
274	0.00078241609
275	0.00078166763
276	0.00078090547
277	0.00078012373
278	0.00077927591
279	0.00077845607
280	0.00077766185
281	0.00077687729
282	0.00077608755
283	0.00077530995
284	0.00077453757
285	0.00077373049
286	0.00077288846
287	0.00077204874
288	0.00077123244
289	0.00077040871
290	0.00076959379
291	0.00076876048
292	0.00076791455
293	0.00076709281
294	0.00076623119
295	0.0007653432
296	0.00076445601
297	0.00076357766
298	0.00076272324
299	0.00076185711
300	0.00076099633
301	0.00076009321
302	0.00075918127
303	0.00075827411
304	0.00075738739
305	0.00075650103
306	0.00075560207
307	0.00075471458
308	0.00075379248
309	0.00075285908
310	0.00075194558
311	0.00075103307
312	0.00075012873
313	0.00074918467
314	0.0007482268
315	0.00074724074
316	0.00074625924
317	0.00074527553
318	0.00074429573
319	0.00074332788
320	0.00074235705
321	0.0007413619
322	0.00074035264
323	0.00073935108
324	0.00073837142
325	0.00073739264
326	0.00073640946
327	0.00073537556
328	0.00073430943
329	0.00073325109
330	0.0007322142
331	0.00073117789
332	0.00073010413
333	0.00072902296
334	0.00072796607
335	0.00072690464
336	0.00072585473
337	0.00072477682
338	0.00072368073
339	0.00072258584
340	0.00072149914
341	0.00072042729
342	0.0007193049
343	0.00071817017
344	0.0007170429
345	0.00071594164
346	0.00071483639
347	0.0007136803
348	0.00071253119
349	0.0007113695
350	0.00071022224
351	0.00070908465
352	0.00070790905
353	0.00070671935
354	0.00070555291
355	0.00070437644
356	0.00070321381
357	0.00070202168
358	0.00070080731
359	0.00069962451
360	0.00069844704
361	0.00069729272
362	0.00069608033
363	0.00069487197
364	0.00069367756
365	0.00069247732
366	0.00069128972
367	0.00069007813
368	0.00068885031
369	0.00068759687
370	0.00068636119
371	0.00068514925
372	0.00068388775
373	0.00068264492
374	0.00068141969
375	0.00068019116
376	0.0006789699
377	0.00067776769
378	0.00067650721
379	0.0006752442
380	0.00067401686
381	0.00067279815
382	0.00067159933
383	0.00067033583
384	0.0006690747
385	0.00066782144
386	0.00066658831
387	0.00066535893
388	0.00066415522
389	0.00066289409
390	0.00066163755
391	0.00066040559
392	0.00065920531
393	0.00065801801
394	0.00065681671
395	0.00065560893
396	0.00065439068
397	0.00065311117
398	0.00065184284
399	0.00065058725
400	0.00064937932
401	0.00064818128
402	0.00064698223
403	0.00064578583
404	0.00064459833
405	0.00064340763
406	0.00064222089
407	0.00064098179
408	0.00063974597
409	0.00063852322
410	0.00063733136
411	0.00063616513
412	0.00063499606
413	0.00063381915
414	0.00063264044
415	0.00063146628
416	0.0006302977
417	0.00062911879
418	0.00062795147
419	0.00062678514
420	0.00062562635
421	0.00062445806
422	0.00062329656
423	0.00062213399
424	0.00062096485
425	0.00061980587
426	0.00061864489
427	0.00061750025
428	0.00061625017
429	0.00061503454
430	0.00061385204
431	0.00061270046
432	0.00061155811
433	0.00061041169
434	0.00060926604
435	0.0006081148
436	0.00060696175
437	0.00060581823
438	0.0006046668
439	0.00060351852
440	0.00060238255
441	0.00060116457
442	0.00059997784
443	0.00059882775
444	0.00059769106
445	0.00059656542
446	0.00059544303
447	0.00059431799
448	0.00059318681
449	0.00059205711
450	0.00059088604
451	0.00058975821
452	0.00058864736
453	0.00058755542
454	0.00058647122
455	0.00058539399
456	0.0005843164
457	0.00058324548
458	0.00058212415
459	0.00058106393
460	0.00058002276
461	0.00057896643
462	0.00057792189
463	0.0005768727
464	0.00057583371
465	0.00057478223
466	0.00057377319
467	0.00057275803
468	0.00057175776
469	0.00057075877
470	0.0005697716
471	0.00056876456
472	0.00056780834
473	0.00056683854
474	0.00056588565
475	0.00056492073
476	0.00056396809
477	0.00056300432
478	0.00056208176
479	0.0005611466
480	0.00056020302
481	0.00055923975
482	0.0005582757
483	0.00055735289
484	0.00055642527
485	0.00055548942
486	0.00055454091
487	0.00055358068
488	0.00055267615
489	0.00055174523
490	0.00055080346
491	0.00054985469
492	0.00054890393
493	0.00054799092
494	0.00054706062
495	0.00054611284
496	0.00054515788
497	0.00054420677
498	0.00054328419
499	0.00054233833
500	0.00054138434
501	0.00054042078
502	0.0005394731
503	0.0005385784
504	0.00053764893
505	0.00053669724
506	0.00053576071
507	0.00053486306
508	0.00053394062
509	0.00053299675
510	0.0005320518
511	0.00053113438
512	0.00053024839
513	0.00052933789
514	0.00052839152
515	0.00052746987
516	0.00052658908
517	0.00052566706
518	0.00052472704
519	0.00052378289
520	0.00052287558
521	0.00052199774
522	0.00052108522
523	0.00052014593
524	0.00051924305
525	0.000518363
526	0.00051745824
527	0.00051652131
528	0.00051558396
529	0.00051470412
530	0.00051384355
531	0.00051294287
532	0.00051202761
533	0.00051115713
534	0.00051031699
535	0.00050941806
536	0.00050848496
537	0.00050762063
538	0.00050676205
539	0.00050586848
540	0.00050494997
541	0.00050401866
542	0.00050316667
543	0.00050234132
544	0.00050145495
545	0.00050054227
546	0.00049970494
547	0.00049887472
548	0.00049797628
549	0.000497064
550	0.00049622417
551	0.00049540078
552	0.00049451258
553	0.00049359774
554	0.00049266506
555	0.0004918341
556	0.00049101688
557	0.00049013091
558	0.00048921032
559	0.00048839153
560	0.00048757215
561	0.00048667559
562	0.00048575642
563	0.00048493801
564	0.00048411559
565	0.0004832201
566	0.00048230273
567	0.00048148899
568	0.00048066612
569	0.00047977714
570	0.00047885405
571	0.00047790192
572	0.00047708632
573	0.00047626769
574	0.00047537948
575	0.00047446352
576	0.00047366424
577	0.00047285278
578	0.00047196318
579	0.00047103522
580	0.00047025154
581	0.00046943592
582	0.00046855852
583	0.00046763355
584	0.00046667988
585	0.00046588261
586	0.00046507233
587	0.00046416956
588	0.00046324428
589	0.00046245286
590	0.00046162883
591	0.00046072846
592	0.00045978373
593	0.00045899768
594	0.00045819028
595	0.00045729592
596	0.00045635638
597	0.00045539047
598	0.00045460251
599	0.00045379919
600	0.00045291588
601	0.00045198526
602	0.00045122058
603	0.00045042772
604	0.00044954244
605	0.00044861919
606	0.00044766024
607	0.00044689734
608	0.00044613413
609	0.00044525907
610	0.00044433696
611	0.0004436008
612	0.00044283231
613	0.00044195362
614	0.00044103303
615	0.00044008479
616	0.00043934291
617	0.00043861106
618	0.00043775378
619	0.00043684441
620	0.00043614917
621	0.00043541144
622	0.00043455763
623	0.00043365278
624	0.0004327201
625	0.00043201438
626	0.00043130721
627	0.00043048046
628	0.00042959341
629	0.00042892734
630	0.00042822384
631	0.00042739411
632	0.00042650604
633	0.00042559113
634	0.00042493292
635	0.00042426259
636	0.00042346235
637	0.0004225921
638	0.00042197037
639	0.00042131866
640	0.00042049811
641	0.00041963034
642	0.000418737
643	0.00041811032
644	0.0004174722
645	0.00041668974
646	0.00041584741
647	0.00041524846
648	0.00041463299
649	0.00041383051
650	0.0004129698
651	0.00041208341
652	0.000411479
653	0.00041086801
654	0.00041008446
655	0.00040921961
656	0.00040864013
657	0.00040802983
658	0.00040721242
659	0.00040632969
660	0.00040541624
661	0.00040481083
662	0.00040419188
663	0.00040337236
664	0.00040249452
665	0.00040189872
666	0.00040128818
667	0.00040044354
668	0.00039954899
669	0.00039860181
670	0.00039799239
671	0.0003973923
672	0.00039656112
673	0.00039566236
674	0.0003950873
675	0.00039447622
676	0.00039363998
677	0.00039270259
678	0.00039173111
679	0.00039116739
680	0.00039056803
681	0.00038974252
682	0.00038882168
683	0.00038827524
684	0.00038765949
685	0.0003868295
686	0.0003858619
687	0.00038486824
688	0.00038432208
689	0.00038373107
690	0.00038290065
691	0.00038196006
692	0.00038145097
693	0.00038083619
694	0.00037998231
695	0.00037903618
696	0.00037803387
697	0.00037750936
698	0.00037693273
699	0.00037610288
700	0.00037514698
701	0.00037413656
702	0.00037362848
703	0.00037303597
704	0.00037222526
705	0.00037125457
706	0.00037078222
707	0.00037021146
708	0.00036935662
709	0.00036837638
710	0.00036735827
711	0.000366888
712	0.0003663233
713	0.00036552049
714	0.00036454147
715	0.00036410113
716	0.00036353845
717	0.00036269729
718	0.00036170408
719	0.0003606825
720	0.00036024425
721	0.00035970237
722	0.0003589121
723	0.00035792933
724	0.00035751217
725	0.00035699132
726	0.00035616428
727	0.00035518577
728	0.00035416296
729	0.00035376524
730	0.00035312503
731	0.00035233178
732	0.00035136342
733	0.00035097574
734	0.00035046666
735	0.00034964676
736	0.00034868137
737	0.00034752387
738	0.00034715259
739	0.00034666033
740	0.00034589494
741	0.00034493194
742	0.00034445192
743	0.00034395688
744	0.00034315169
745	0.00034219942
746	0.00034116771
747	0.00034072874
748	0.00034025226
749	0.0003395172
750	0.0003385524
751	0.00033811134
752	0.00033763153
753	0.00033686206
754	0.00033591297
755	0.00033476946
756	0.00033448735
757	0.0003340482
758	0.00033333468
759	0.00033226255
760	0.00033196872
761	0.00033148741
762	0.00033077917
763	0.00032973414
764	0.00032871788
765	0.00032846718
766	0.0003279433
767	0.00032722249
768	0.0003262565
769	0.00032598791
770	0.00032545089
771	0.00032472615
772	0.00032378555
773	0.00032343387
774	0.00032299653
775	0.00032231241
776	0.00032127254
777	0.0003210181
778	0.00032058882
779	0.00031981532
780	0.00031887713
781	0.0003186266
782	0.00031810369
783	0.0003174401
784	0.00031651317
785	0.00031616268
786	0.00031573609
787	0.0003150862
788	0.00031406246
789	0.00031380253
790	0.00031329383
791	0.00031262645
792	0.00031169315
793	0.00031134812
794	0.00031093523
795	0.00031026413
796	0.00030921313
797	0.00030894142
798	0.00030842154
799	0.00030774588
800	0.00030677939
801	0.00030643718
802	0.00030599496
803	0.00030521607
804	0.00030423153
805	0.00030396933
806	0.0003034221
807	0.0003027072
808	0.00030165164
809	0.00030136651
810	0.00030088179
811	0.00030006705
812	0.00029975772
813	0.00029912397
814	0.00029836503
815	0.00029729963
816	0.00029695715
817	0.00029641694
818	0.00029558426
819	0.00029518513
820	0.00029448987
821	0.00029370697
822	0.00029315944
823	0.00029250821
824	0.00029164239
825	0.00029107524
826	0.00029031135
827	0.00028950825
828	0.00028882259
829	0.00028805632
830	0.00028726117
831	0.00028640763
832	0.00028570517
833	0.00028494652
834	0.00028426106
835	0.00028351701
836	0.0002828462
837	0.00028210329
838	0.00028145918
839	0.00028074136
840	0.00028010472
841	0.00027937439
842	0.00027872433
843	0.00027800929
844	0.00027738026
845	0.00027668076
846	0.00027605697
847	0.00027536994
848	0.00027474959
849	0.0002740673
850	0.00027346628
851	0.00027279911
852	0.00027220132
853	0.00027156105
854	0.0002709749
855	0.00027033766
856	0.00026977395
857	0.00026914661
858	0.00026858439
859	0.00026795491
860	0.00026738753
861	0.00026676503
862	0.00026621152
863	0.00026560567
864	0.0002650641
865	0.00026447339
866	0.00026393402
867	0.00026335591
868	0.0002628279
869	0.00026226263
870	0.00026175582
871	0.00026119593
872	0.00026069402
873	0.0002601413
874	0.00025964196
875	0.00025909236
876	0.0002586052
877	0.00025807735
878	0.00025759433
879	0.00025706149
880	0.0002565825
881	0.00025606965
882	0.00025560237
883	0.00025509863
884	0.00025465624
885	0.00025417639
886	0.00025371705
887	0.00025322153
888	0.00025277849
889	0.00025229884
890	0.00025186139
891	0.00025137577
892	0.00025093154
893	0.00025045469
894	0.00025003609
895	0.00024958291
896	0.00024917688
897	0.00024872971
898	0.00024833111
899	0.00024790192
900	0.00024751584
901	0.00024709588
902	0.00024671645
903	0.00024630228
904	0.00024592698
905	0.00024551772
906	0.00024514404
907	0.00024473603
908	0.00024436752
909	0.00024397166
910	0.00024362232
911	0.00024324853
912	0.00024290783
913	0.00024252841
914	0.00024219227
915	0.00024182145
916	0.00024147701
917	0.00024109899
918	0.00024076001
919	0.0002403997
920	0.00024007715
921	0.00023972187
922	0.00023940114
923	0.00023904816
924	0.00023873422
925	0.00023839685
926	0.0002380456
927	0.00023773363
928	0.00023740643
929	0.00023711733
930	0.00023680349
931	0.00023649444
932	0.00023615927
933	0.00023585897
934	0.00023552322
935	0.00023516637
936	0.00023484669
937	0.00023450616
938	0.00023420393
939	0.00023388205
940	0.00023358999
941	0.00023327658
942	0.00023296307
943	0.00023267922
944	0.00023237773
945	0.00023210533
946	0.00023180147
947	0.00023152722
948	0.00023122749
949	0.00023091861
950	0.00023063845
951	0.00023033863
952	0.00023005794
953	0.00022974935
954	0.00022943586
955	0.00022915364
956	0.00022887419
957	0.00022862543
958	0.00022836151
959	0.00022808686
960	0.0002277694
961	0.0002274559
962	0.0002271874
963	0.00022689523
964	0.00022663015
965	0.00022633424
966	0.00022602953
967	0.00022575315
968	0.00022545987
969	0.00022519649
970	0.00022489546
971	0.00022459559
972	0.00022433922
973	0.00022406886
974	0.00022382641
975	0.00022352772
976	0.00022323627
977	0.00022298038
978	0.00022268731
979	0.00022237529
980	0.00022209576
981	0.00022179486
982	0.00022152641
983	0.00022123784
984	0.00022094692
985	0.00022069663
986	0.00022042261
987	0.00022018587
988	0.00021992062
989	0.00021965109
990	0.0002194122
991	0.00021914677
992	0.00021887365
993	0.00021862267
994	0.00021835154
995	0.00021811433
996	0.00021784583
997	0.00021757072
998	0.00021733924
999	0.00021708909
1000	0.00021682833
1001	0.00021658385
1002	0.00021633657
1003	0.00021609651
1004	0.00021581546
1005	0.00021555386
1006	0.00021532623
1007	0.00021506374
1008	0.00021479453
1009	0.00021455486
1010	0.00021429749
1011	0.00021403465
1012	0.00021378892
1013	0.00021351689
1014	0.00021323933
1015	0.00021301238
1016	0.00021276407
1017	0.00021254409
1018	0.00021228284
1019	0.00021202049
1020	0.00021178959
1021	0.00021151802
1022	0.00021123432
1023	0.00021098297
1024	0.00021071233
1025	0.00021044762
1026	0.00021020832
1027	0.0002099499
1028	0.00020969271
1029	0.00020948069
1030	0.00020923604
1031	0.00020898438
1032	0.00020875254
1033	0.00020847682
1034	0.00020820473
1035	0.00020797376
1036	0.000207719
1037	0.0002074642
1038	0.00020724651
1039	0.00020699083
1040	0.00020674509
1041	0.00020654126
1042	0.00020629128
1043	0.00020602039
1044	0.00020581433
1045	0.00020556595
1046	0.00020528618
1047	0.00020507013
1048	0.00020481722
1049	0.00020455371
1050	0.00020432675
1051	0.00020406477
1052	0.00020380472
1053	0.00020358839
1054	0.00020330846
1055	0.00020302949
1056	0.0002027939
1057	0.00020253812
1058	0.00020229389
1059	0.00020209055
1060	0.00020184135
1061	0.00020157618
1062	0.00020135934
1063	0.00020108631
1064	0.00020080212
1065	0.00020056238
1066	0.00020028165
1067	0.00020001148
1068	0.00019980033
1069	0.00019956148
1070	0.00019929333
1071	0.0001990887
1072	0.00019884216
1073	0.00019855839
1074	0.00019832562
1075	0.00019805373
1076	0.00019778164
1077	0.00019756382
1078	0.0001973054
1079	0.000197047
1080	0.00019682735
1081	0.00019657652
1082	0.00019632859
1083	0.00019612774
1084	0.00019585421
1085	0.00019559197
1086	0.00019539467
1087	0.00019511248
1088	0.00019484037
1089	0.00019463689
1090	0.00019437947
1091	0.00019411073
1092	0.00019388821
1093	0.00019363167
1094	0.00019337197
1095	0.00019314
1096	0.00019285348
1097	0.00019257235
1098	0.00019234619
1099	0.0001921007
1100	0.00019185426
1101	0.00019166892
1102	0.00019139816
1103	0.00019113566
1104	0.00019091002
1105	0.00019063136
1106	0.00019034662
1107	0.00019010584
1108	0.00018982767
1109	0.00018955297
1110	0.00018935802
1111	0.00018912656
1112	0.0001888756
1113	0.00018863019
1114	0.00018835558
1115	0.00018807761
1116	0.00018785047
1117	0.00018757619
1118	0.00018730871
1119	0.00018709428
1120	0.00018683808
1121	0.00018656961
1122	0.00018630205
1123	0.00018610005
1124	0.00018584511
1125	0.000185558
1126	0.00018534088
1127	0.00018509636
1128	0.00018480216
1129	0.00018457649
1130	0.00018432443
1131	0.00018406137
1132	0.00018378842
1133	0.00018356569
1134	0.00018330954
1135	0.00018304816
1136	0.00018281377
1137	0.00018252349
1138	0.00018224272
1139	0.00018196577
1140	0.00018176787
1141	0.00018152861
1142	0.00018129288
1143	0.00018106663
1144	0.00018080758
1145	0.00018053251
1146	0.00018024154
1147	0.00017998432
1148	0.00017969901
1149	0.0001794255
1150	0.00017921075
1151	0.00017896068
1152	0.0001787226
1153	0.00017845166
1154	0.00017820037
1155	0.00017792442
1156	0.00017764937
1157	0.00017742383
1158	0.00017715261
1159	0.00017688563
1160	0.00017661955
1161	0.00017641716
1162	0.00017614848
1163	0.00017588356
1164	0.00017562768
1165	0.0001754051
1166	0.00017511852
1167	0.00017485599
1168	0.00017464732
1169	0.00017434907
1170	0.00017408253
1171	0.00017382316
1172	0.00017360755
1173	0.00017333511
1174	0.00017307244
1175	0.00017281359
1176	0.0001726072
1177	0.00017230544
1178	0.00017201616
1179	0.00017173492
1180	0.00017152431
1181	0.00017128217
1182	0.00017104633
1183	0.00017086358
1184	0.00017058798
1185	0.00017032378
1186	0.00017002479
1187	0.00016977438
1188	0.0001694826
1189	0.00016920974
1190	0.00016894441
1191	0.00016873804
1192	0.00016848731
1193	0.00016824022
1194	0.0001679411
1195	0.0001677042
1196	0.00016743174
1197	0.00016715748
1198	0.00016687719
1199	0.00016666449
1200	0.00016640189
1201	0.00016615005
1202	0.00016589312
1203	0.00016568303
1204	0.00016542577
1205	0.00016516557
1206	0.00016487572
1207	0.00016464859
1208	0.00016440164
1209	0.00016411776
1210	0.00016383089
1211	0.00016363002
1212	0.00016336755
1213	0.00016309534
1214	0.00016283008
1215	0.00016263175
1216	0.00016237923
1217	0.00016209324
1218	0.00016180135
1219	0.00016157837
1220	0.00016130258
1221	0.00016105725
1222	0.00016082201
1223	0.00016064628
1224	0.00016039613
1225	0.00016011952
1226	0.00015982188
1227	0.0001595806
1228	0.0001592936
1229	0.00015902719
1230	0.00015876928
1231	0.00015856517
1232	0.00015831971
1233	0.00015807354
1234	0.00015780976
1235	0.00015757063
1236	0.00015730126
1237	0.00015704072
1238	0.00015677209
1239	0.00015656357
1240	0.00015631303
1241	0.00015607047
1242	0.00015583124
1243	0.00015563342
1244	0.00015538964
1245	0.00015514243
1246	0.00015487131
1247	0.00015464618
1248	0.00015440392
1249	0.00015415256
1250	0.00015386418
1251	0.00015367163
1252	0.00015342474
1253	0.00015316934
1254	0.00015291464
1255	0.0001527311
1256	0.00015250542
1257	0.00015224594
1258	0.00015195591
1259	0.00015173459
1260	0.00015147097
1261	0.00015122811
1262	0.00015100668
1263	0.00015084293
1264	0.00015062592
1265	0.0001503315
1266	0.00015004838
1267	0.00014981896
1268	0.0001495458
1269	0.00014928986
1270	0.00014904395
1271	0.00014884575
1272	0.00014860656
1273	0.00014836877
1274	0.00014811599
1275	0.00014787972
1276	0.00014761232
1277	0.00014735747
1278	0.00014709747
1279	0.00014689038
1280	0.00014664315
1281	0.00014640044
1282	0.00014616867
1283	0.00014598337
1284	0.00014574541
1285	0.00014550199
1286	0.00014524007
1287	0.00014501634
1288	0.00014476469
1289	0.00014453549
1290	0.00014425312
1291	0.0001440046
1292	0.00014381116
1293	0.00014356405
1294	0.00014331401
1295	0.00014308497
1296	0.00014290195
1297	0.00014267633
1298	0.00014239717
1299	0.0001421158
1300	0.00014189488
1301	0.00014165056
1302	0.00014142688
1303	0.00014121422
1304	0.00014098093
1305	0.00014074262
1306	0.00014046053
1307	0.00014018289
1308	0.00013990999
1309	0.00013965619
1310	0.0001394519
1311	0.00013920757
1312	0.00013896864
1313	0.00013872919
1314	0.0001385164
1315	0.0001382537
1316	0.000137979
1317	0.00013772772
1318	0.00013747648
1319	0.00013726755
1320	0.00013701798
1321	0.00013677812
1322	0.0001365529
1323	0.00013632603
1324	0.00013613293
1325	0.00013589499
1326	0.00013564015
1327	0.00013537337
1328	0.00013511466
1329	0.00013493004
1330	0.00013466968
1331	0.00013441552
1332	0.0001341772
1333	0.00013393311
1334	0.00013373241
1335	0.00013351049
1336	0.00013327839
1337	0.00013304834
1338	0.0001327916
1339	0.00013257484
1340	0.0001323079
1341	0.00013205414
1342	0.00013182402
1343	0.00013161865
1344	0.00013142549
1345	0.00013115944
1346	0.00013087217
1347	0.0001305979
1348	0.00013033035
1349	0.00013012305
1350	0.00012987903
1351	0.00012963608
1352	0.00012939443
1353	0.00012914947
1354	0.00012893552
1355	0.00012868424
1356	0.00012840931
1357	0.00012815753
1358	0.00012790914
1359	0.0001276972
1360	0.00012745726
1361	0.00012722096
1362	0.00012700208
1363	0.00012678535
1364	0.00012659928
1365	0.00012636372
1366	0.00012612765
1367	0.00012586719
1368	0.00012560234
1369	0.00012541698
1370	0.00012518071
1371	0.00012491451
1372	0.00012469372
1373	0.00012445619
1374	0.00012426013
1375	0.00012403905
1376	0.00012381525
1377	0.00012358011
1378	0.00012334253
1379	0.00012312872
1380	0.00012288613
1381	0.00012262335
1382	0.00012238879
1383	0.0001221866
1384	0.0001219974
1385	0.00012175745
1386	0.00012147543
1387	0.00012120035
1388	0.00012093875
1389	0.00012073714
1390	0.00012049849
1391	0.00012025788
1392	0.00012001983
1393	0.00011977474
1394	0.00011957826
1395	0.00011934042
1396	0.00011906433
1397	0.00011881036
1398	0.00011856601
1399	0.00011835402
1400	0.00011811673
1401	0.00011788772
1402	0.0001176661
1403	0.00011745467
1404	0.00011727873
1405	0.00011705284
1406	0.00011682866
1407	0.00011658855
1408	0.00011633235
1409	0.00011613352
1410	0.00011591628
1411	0.00011566376
1412	0.00011544057
1413	0.00011521546
1414	0.00011502805
1415	0.00011480235
1416	0.0001145907
1417	0.00011437412
1418	0.00011414797
1419	0.00011393546
1420	0.0001136869
1421	0.00011345799
1422	0.00011321331
1423	0.00011301475
1424	0.00011278542
1425	0.00011259001
1426	0.00011232646
1427	0.00011204988
1428	0.0001117986
1429	0.00011156129
1430	0.00011137156
1431	0.00011113212
1432	0.00011088919
1433	0.0001106603
1434	0.00011043528
1435	0.00011018744
1436	0.00010997239
1437	0.00010970799
1438	0.00010946713
1439	0.00010923133
1440	0.00010899588
1441	0.00010877086
1442	0.00010858595
1443	0.00010837975
1444	0.00010817499
1445	0.00010796505
1446	0.00010774714
1447	0.00010752002
1448	0.00010730545
1449	0.00010705696
1450	0.00010684352
1451	0.00010662573
1452	0.0001063901
1453	0.00010617599
1454	0.0001059846
1455	0.0001057627
1456	0.00010556559
1457	0.00010536379
1458	0.00010514803
1459	0.00010490521
1460	0.00010469037
1461	0.00010446219
1462	0.00010425723
1463	0.00010403385
1464	0.0001038234
1465	0.0001035879
1466	0.00010338905
1467	0.00010312468
1468	0.00010288077
1469	0.00010264214
1470	0.00010241519
1471	0.00010218081
1472	0.00010197815
1473	0.00010176259
1474	0.0001015418
1475	0.00010131021
1476	0.00010108062
1477	0.00010081223
1478	0.00010060614
1479	0.00010038144
1480	0.00010015116
1481	9.9926214e-05
1482	9.9701696e-05
1483	9.9502912e-05
1484	9.935278e-05
1485	9.9160421e-05
1486	9.8951866e-05
1487	9.8740346e-05
1488	9.8506045e-05
1489	9.8267859e-05
1490	9.8090016e-05
1491	9.789785e-05
1492	9.7660395e-05
1493	9.7449986e-05
1494	9.7239959e-05
1495	9.7034077e-05
1496	9.6873351e-05
1497	9.6682932e-05
1498	9.6480887e-05
1499	9.6260052e-05
1500	9.6025649e-05
1501	9.5797714e-05
1502	9.5626911e-05
1503	9.5434027e-05
1504	9.5213967e-05
1505	9.5001358e-05
1506	9.4795442e-05
1507	9.4554129e-05
1508	9.4341029e-05
1509	9.4103862e-05
1510	9.3880776e-05
1511	9.3673504e-05
1512	9.3453619e-05
1513	9.3229204e-05
1514	9.3049e-05
1515	9.283765e-05
1516	9.2607672e-05
1517	9.237831e-05
1518	9.2143287e-05
1519	9.1913937e-05
1520	9.1719384e-05
1521	9.150025e-05
1522	9.129464e-05
1523	9.1102352e-05
1524	9.0927107e-05
1525	9.0742137e-05
1526	9.0581947e-05
1527	9.0388673e-05
1528	9.0192744e-05
1529	8.9968111e-05
1530	8.9743457e-05
1531	8.9543493e-05
1532	8.9351913e-05
1533	8.9167893e-05
1534	8.8986775e-05
1535	8.8790397e-05
1536	8.8590067e-05
1537	8.8408978e-05
1538	8.8229158e-05
1539	8.8056741e-05
1540	8.7849139e-05
1541	8.762288e-05
1542	8.7410889e-05
1543	8.7233162e-05
1544	8.7048415e-05
1545	8.6840264e-05
1546	8.6671273e-05
1547	8.6473872e-05
1548	8.6219597e-05
1549	8.6004399e-05
1550	8.5793936e-05
1551	8.5595401e-05
1552	8.5392943e-05
1553	8.5202171e-05
1554	8.4999905e-05
1555	8.4807193e-05
1556	8.46117e-05
1557	8.4408081e-05
1558	8.4163609e-05
1559	8.3944652e-05
1560	8.3774043e-05
1561	8.3564502e-05
1562	8.3363384e-05
1563	8.3169023e-05
1564	8.2997883e-05
1565	8.2839923e-05
1566	8.2679852e-05
1567	8.2535931e-05
1568	8.2357286e-05
1569	8.2151159e-05
1570	8.1934527e-05
1571	8.1743844e-05
1572	8.1577931e-05
1573	8.1387756e-05
1574	8.1232552e-05
1575	8.1046355e-05
1576	8.0869035e-05
1577	8.0704046e-05
1578	8.0547713e-05
1579	8.0362429e-05
1580	8.0179233e-05
1581	7.9988873e-05
1582	7.9793894e-05
1583	7.9613251e-05
1584	7.9462773e-05
1585	7.9261883e-05
1586	7.9073494e-05
1587	7.8894433e-05
1588	7.8730522e-05
1589	7.8515312e-05
1590	7.8312488e-05
1591	7.8109916e-05
1592	7.7930016e-05
1593	7.7743961e-05
1594	7.755214e-05
1595	7.7399565e-05
1596	7.7222688e-05
1597	7.7013002e-05
1598	7.6828123e-05
1599	7.661123e-05
1600	7.6428498e-05
1601	7.6243698e-05
1602	7.6080998e-05
1603	7.5889631e-05
1604	7.5727153e-05
1605	7.5587362e-05
1606	7.5445993e-05
1607	7.5295082e-05
1608	7.5134123e-05
1609	7.500087e-05
1610	7.4810675e-05
1611	7.461682e-05
1612	7.4455458e-05
1613	7.430164e-05
1614	7.4110785e-05
1615	7.3964095e-05
1616	7.3833247e-05
1617	7.3670955e-05
1618	7.3526191e-05
1619	7.3359628e-05
1620	7.3194155e-05
1621	7.3038216e-05
1622	7.2851484e-05
1623	7.270357e-05
1624	7.2540952e-05
1625	7.2396655e-05
1626	7.2209061e-05
1627	7.2049028e-05
1628	7.1893714e-05
1629	7.1690297e-05
1630	7.1529846e-05
1631	7.1348696e-05
1632	7.1192189e-05
1633	7.1034398e-05
1634	7.085658e-05
1635	7.0672079e-05
1636	7.0513024e-05
1637	7.0383412e-05
1638	7.0206252e-05
1639	7.0015942e-05
1640	6.981587e-05
1641	6.9648736e-05
1642	6.9489315e-05
1643	6.9332881e-05
1644	6.9179843e-05
1645	6.9061825e-05
1646	6.8932449e-05
1647	6.8810173e-05
1648	6.8684522e-05
1649	6.8543474e-05
1650	6.8383737e-05
1651	6.8203609e-05
1652	6.8037601e-05
1653	6.7931047e-05
1654	6.7799801e-05
1655	6.7641017e-05
1656	6.7502706e-05
1657	6.7353323e-05
1658	6.7217235e-05
1659	6.7088778e-05
1660	6.6940365e-05
1661	6.6831812e-05
1662	6.6657199e-05
1663	6.6501211e-05
1664	6.6359946e-05
1665	6.6241923e-05
1666	6.6088479e-05
1667	6.5928386e-05
1668	6.5779012e-05
1669	6.5667858e-05
1670	6.5477183e-05
1671	6.5314921e-05
1672	6.5154918e-05
1673	6.501436e-05
1674	6.4869165e-05
1675	6.4722201e-05
1676	6.4578046e-05
1677	6.4458436e-05
1678	6.4292752e-05
1679	6.414423e-05
1680	6.395704e-05
1681	6.3798825e-05
1682	6.3654965e-05
1683	6.3500319e-05
1684	6.33557e-05
1685	6.3253271e-05
1686	6.3154963e-05
1687	6.3049922e-05
1688	6.2946561e-05
1689	6.2822706e-05
1690	6.2695268e-05
1691	6.2548335e-05
1692	6.2387086e-05
1693	6.2273767e-05
1694	6.2168401e-05
1695	6.2016328e-05
1696	6.1901318e-05
1697	6.1787715e-05
1698	6.1664064e-05
1699	6.1541114e-05
1700	6.1401966e-05
1701	6.130032e-05
1702	6.1192116e-05
1703	6.1041335e-05
1704	6.0905887e-05
1705	6.0769075e-05
1706	6.0675866e-05
1707	6.0523296e-05
1708	6.040209e-05
1709	6.0306091e-05
1710	6.0153509e-05
1711	5.998433e-05
1712	5.9841057e-05
1713	5.9716115e-05
1714	5.9594254e-05
1715	5.9457075e-05
1716	5.9317036e-05
1717	5.920743e-05
1718	5.9103298e-05
1719	5.8955241e-05
1720	5.8813447e-05
1721	5.8632254e-05
1722	5.8495824e-05
1723	5.8369559e-05
1724	5.8246272e-05
1725	5.814147e-05
1726	5.8034893e-05
1727	5.7947899e-05
1728	5.7864351e-05
1729	5.7785157e-05
1730	5.768673e-05
1731	5.7570451e-05
1732	5.7415658e-05
1733	5.7272041e-05
1734	5.7191259e-05
1735	5.7106556e-05
1736	5.6964075e-05
1737	5.6868717e-05
1738	5.6760909e-05
1739	5.6659142e-05
1740	5.6557739e-05
1741	5.645003e-05
1742	5.6351407e-05
1743	5.6244706e-05
1744	5.6121518e-05
1745	5.6010768e-05
1746	5.5917238e-05
1747	5.5804246e-05
1748	5.5664077e-05
1749	5.5570561e-05
1750	5.5483734e-05
1751	5.533349e-05
1752	5.5223218e-05
1753	5.5097808e-05
1754	5.4983552e-05
1755	5.4884157e-05
1756	5.477283e-05
1757	5.4654528e-05
1758	5.4547592e-05
1759	5.4439908e-05
1760	5.4324361e-05
1761	5.420925e-05
1762	5.4079125e-05
1763	5.3960603e-05
1764	5.3838816e-05
1765	5.373931e-05
1766	5.3650149e-05
1767	5.3589169e-05
1768	5.3533246e-05
1769	5.344981e-05
1770	5.3396258e-05
1771	5.3323463e-05
1772	5.3225348e-05
1773	5.3101382e-05
1774	5.2995853e-05
1775	5.2914612e-05
1776	5.2830642e-05
1777	5.273967e-05
1778	5.2662616e-05
1779	5.2586279e-05
1780	5.2488855e-05
1781	5.2402446e-05
1782	5.2334675e-05
1783	5.2280426e-05
1784	5.2168656e-05
1785	5.2055554e-05
1786	5.1968869e-05
1787	5.1911686e-05
1788	5.1818453e-05
1789	5.1725282e-05
1790	5.1638165e-05
1791	5.1548469e-05
1792	5.1428314e-05
1793	5.1333354e-05
1794	5.1244487e-05
1795	5.1164462e-05
1796	5.1064327e-05
1797	5.0974652e-05
1798	5.0907941e-05
1799	5.0834627e-05
1800	5.0731841e-05
1801	5.0637726e-05
1802	5.0509718e-05
1803	5.0419369e-05
1804	5.033687e-05
1805	5.0248686e-05
1806	5.0159519e-05
1807	5.0092079e-05
1808	5.007355e-05
1809	5.0045504e-05
1810	4.9998629e-05
1811	4.993986e-05
1812	4.9869837e-05
1813	4.978314e-05
1814	4.9684296e-05
1815	4.9622668e-05
1816	4.9586151e-05
1817	4.9477099e-05
1818	4.9432953e-05
1819	4.9376193e-05
1820	4.9305319e-05
1821	4.9225687e-05
1822	4.9156549e-05
1823	4.9111348e-05
1824	4.9064037e-05
1825	4.8984193e-05
1826	4.8909116e-05
1827	4.8837253e-05
1828	4.8789445e-05
1829	4.8699217e-05
1830	4.8645103e-05
1831	4.8595301e-05
1832	4.8500991e-05
1833	4.8394293e-05
1834	4.8322134e-05
1835	4.8267208e-05
1836	4.8211231e-05
1837	4.8139351e-05
1838	4.8067119e-05
1839	4.8001292e-05
1840	4.7958412e-05
1841	4.7867837e-05
1842	4.7789391e-05
1843	4.7680761e-05
1844	4.7605507e-05
1845	4.7546214e-05
1846	4.7491189e-05
1847	4.7435763e-05
1848	4.7410529e-05
1849	4.7385419e-05
1850	4.7377938e-05
1851	4.7354474e-05
1852	4.7320415e-05
1853	4.7264111e-05
1854	4.7165977e-05
1855	4.7100526e-05
1856	4.7070349e-05
1857	4.7050374e-05
1858	4.6987783e-05
1859	4.6947121e-05
1860	4.6895904e-05
1861	4.6836662e-05
1862	4.6793702e-05
1863	4.6753361e-05
1864	4.6729919e-05
1865	4.6665916e-05
1866	4.6614975e-05
1867	4.6571159e-05
1868	4.6540424e-05
1869	4.648761e-05
1870	4.6409792e-05
1871	4.6377254e-05
1872	4.6349419e-05
1873	4.6257975e-05
1874	4.6188529e-05
1875	4.6114643e-05
1876	4.608673e-05
1877	4.6050413e-05
1878	4.600032e-05
1879	4.5944429e-05
1880	4.5907556e-05
1881	4.5851866e-05
1882	4.5801717e-05
1883	4.5723781e-05
1884	4.564997e-05
1885	4.558928e-05
1886	4.5529773e-05
1887	4.5497587e-05
1888	4.5473972e-05
1889	4.5474982e-05
1890	4.5472887e-05
1891	4.5470797e-05
1892	4.5458886e-05
1893	4.5443548e-05
1894	4.539906e-05
1895	4.5323854e-05
1896	4.5265099e-05
1897	4.5271836e-05
1898	4.5242872e-05
1899	4.52112e-05
1900	4.5183873e-05
1901	4.5133397e-05
1902	4.5089817e-05
1903	4.5068249e-05
1904	4.5061273e-05
1905	4.5052275e-05
1906	4.4986884e-05
1907	4.4937939e-05
1908	4.4915481e-05
1909	4.491828e-05
1910	4.4852623e-05
1911	4.480608e-05
1912	4.4769776e-05
1913	4.4753478e-05
1914	4.4683628e-05
1915	4.4632272e-05
1916	4.4589647e-05
1917	4.4548814e-05
1918	4.4529045e-05
1919	4.4493881e-05
1920	4.4463731e-05
1921	4.4437446e-05
1922	4.4370495e-05
1923	4.4330808e-05
1924	4.4259278e-05
1925	4.4223053e-05
1926	4.417936e-05
1927	4.4127841e-05
1928	4.4099597e-05
1929	4.4105381e-05
1930	4.4127653e-05
1931	4.4143658e-05
1932	4.4146672e-05
1933	4.4127536e-05
1934	4.4125322e-05
1935	4.4080667e-05
1936	4.4022345e-05
1937	4.4009357e-05
1938	4.40135e-05
1939	4.3975188e-05
1940	4.3975545e-05
1941	4.3963165e-05
1942	4.3905856e-05
1943	4.3867272e-05
1944	4.3857583e-05
1945	4.3874832e-05
1946	4.3857998e-05
1947	4.3812479e-05
1948	4.3768089e-05
1949	4.3760593e-05
1950	4.3753462e-05
1951	4.3713001e-05
1952	4.3694653e-05
1953	4.3673174e-05
1954	4.3617002e-05
1955	4.3575437e-05
1956	4.3539151e-05
1957	4.3518948e-05
1958	4.3490865e-05
1959	4.3452341e-05
1960	4.3429971e-05
1961	4.3426595e-05
1962	4.3414552e-05
1963	4.335068e-05
1964	4.3297749e-05
1965	4.324154e-05
1966	4.3213867e-05
1967	4.3184371e-05
1968	4.3148251e-05
1969	4.3119945e-05
1970	4.3135374e-05
1971	4.3175839e-05
1972	4.3206154e-05
1973	4.3232582e-05
1974	4.3207317e-05
1975	4.3188672e-05
1976	4.3153148e-05
1977	4.3115481e-05
1978	4.3116208e-05
1979	4.3111335e-05
1980	4.3070394e-05
1981	4.3080789e-05
1982	4.306557e-05
1983	4.3017107e-05
1984	4.2997262e-05
1985	4.2994249e-05
1986	4.3015338e-05
1987	4.2990306e-05
1988	4.2956056e-05
1989	4.2922857e-05
1990	4.291176e-05
1991	4.2883532e-05
1992	4.2863174e-05
1993	4.2856339e-05
1994	4.2844003e-05
1995	4.2760134e-05
1996	4.2725024e-05
1997	4.270578e-05
1998	4.2705567e-05
1999	4.2685881e-05
2000	4.2641159e-05
2001	4.2619086e-05
2002	4.2615051e-05
2003	4.2594017e-05
2004	4.2559218e-05
2005	4.2495419e-05
2006	4.2431846e-05
2007	4.2412376e-05
2008	4.2387819e-05
2009	4.2363033e-05
2010	4.2343583e-05
2011	4.2368576e-05
2012	4.2406747e-05
2013	4.2445933e-05
2014	4.2465431e-05
2015	4.2450508e-05
2016	4.2405152e-05
2017	4.2365823e-05
2018	4.2350455e-05
2019	4.236995e-05
2020	4.2347486e-05
2021	4.2310789e-05
2022	4.2314398e-05
2023	4.2278641e-05
2024	4.2264003e-05
2025	4.2253445e-05
2026	4.2253292e-05
2027	4.2257949e-05
2028	4.2224581e-05
2029	4.2195582e-05
2030	4.2172497e-05
2031	4.2170405e-05
2032	4.2110833e-05
2033	4.2100659e-05
2034	4.2104848e-05
2035	4.2089916e-05
2036	4.201492e-05
2037	4.1966195e-05
2038	4.1954582e-05
2039	4.1951636e-05
2040	4.1934531e-05
2041	4.1898863e-05
2042	4.1859567e-05
2043	4.1864061e-05
2044	4.182718e-05
2045	4.1806346e-05
2046	4.1732867e-05
2047	4.1680116e-05
2048	4.1651567e-05
2049	4.1624308e-05
2050	4.1615715e-05
2051	4.1610852e-05
2052	4.1625393e-05
2053	4.1650576e-05
2054	4.1690694e-05
2055	4.1708882e-05
2056	4.1696466e-05
2057	4.1641168e-05
2058	4.1576909e-05
2059	4.1578102e-05
2060	4.1614347e-05
2061	4.1568584e-05
2062	4.1558783e-05
2063	4.1527498e-05
2064	4.1486071e-05
2065	4.147388e-05
2066	4.1475647e-05
2067	4.148457e-05
2068	4.1454757e-05
2069	4.142038e-05
2070	4.1390992e-05
2071	4.1373379e-05
2072	4.1347543e-05
2073	4.1293874e-05
2074	4.1279525e-05
2075	4.1287455e-05
2076	4.1251785e-05
2077	4.1202834e-05
2078	4.1142372e-05
2079	4.1119399e-05
2080	4.1118475e-05
2081	4.1095373e-05
2082	4.1063949e-05
2083	4.1035824e-05
2084	4.1016475e-05
2085	4.0970764e-05
2086	4.0943492e-05
2087	4.0876811e-05
2088	4.0837357e-05
2089	4.0791299e-05
2090	4.076788e-05
2091	4.0756856e-05
2092	4.0763343e-05
2093	4.0783853e-05
2094	4.0801458e-05
2095	4.0828586e-05
2096	4.0847663e-05
2097	4.0825578e-05
2098	4.0776716e-05
2099	4.0708394e-05
2100	4.0707717e-05
2101	4.0730209e-05
2102	4.0688497e-05
2103	4.068387e-05
2104	4.0628413e-05
2105	4.0580207e-05
2106	4.0578428e-05
2107	4.0586461e-05
2108	4.0596042e-05
2109	4.0556664e-05
2110	4.0499825e-05
2111	4.04757e-05
2112	4.0470584e-05
2113	4.0426811e-05
2114	4.0378865e-05
2115	4.0357978e-05
2116	4.0351511e-05
2117	4.030519e-05
2118	4.02629e-05
2119	4.0223622e-05
2120	4.0182723e-05
2121	4.0171389e-05
2122	4.0148034e-05
2123	4.0118105e-05
2124	4.0095102e-05
2125	4.0050097e-05
2126	4.0013199e-05
2127	3.9970201e-05
2128	3.9914419e-05
2129	3.987928e-05
2130	3.9833669e-05
2131	3.9796548e-05
2132	3.9785841e-05
2133	3.9803515e-05
2134	3.9828549e-05
2135	3.9840909e-05
2136	3.9854943e-05
2137	3.9858773e-05
2138	3.9835625e-05
2139	3.978624e-05
2140	3.9739909e-05
2141	3.9732127e-05
2142	3.972553e-05
2143	3.970141e-05
2144	3.9691584e-05
2145	3.9621069e-05
2146	3.9565757e-05
2147	3.9566707e-05
2148	3.9586758e-05
2149	3.959567e-05
2150	3.954513e-05
2151	3.9488662e-05
2152	3.9453871e-05
2153	3.9457602e-05
2154	3.9398913e-05
2155	3.9363427e-05
2156	3.9339409e-05
2157	3.9313079e-05
2158	3.9253259e-05
2159	3.9218344e-05
2160	3.9188549e-05
2161	3.915882e-05
2162	3.911569e-05
2163	3.9089999e-05
2164	3.9068635e-05
2165	3.904936e-05
2166	3.8994635e-05
2167	3.8947009e-05
2168	3.8889595e-05
2169	3.8846035e-05
2170	3.8813724e-05
2171	3.8769786e-05
2172	3.8728115e-05
2173	3.8716581e-05
2174	3.8736398e-05
2175	3.8760438e-05
2176	3.8776159e-05
2177	3.8786367e-05
2178	3.876655e-05
2179	3.8733409e-05
2180	3.8685735e-05
2181	3.8661718e-05
2182	3.8666528e-05
2183	3.8610923e-05
2184	3.8606445e-05
2185	3.8569463e-05
2186	3.8508588e-05
2187	3.8474428e-05
2188	3.8450667e-05
2189	3.8476252e-05
2190	3.8467181e-05
2191	3.841967e-05
2192	3.8369569e-05
2193	3.8324609e-05
2194	3.8308912e-05
2195	3.8255492e-05
2196	3.8229927e-05
2197	3.82111e-05
2198	3.8163028e-05
2199	3.8095841e-05
2200	3.8062863e-05
2201	3.804434e-05
2202	3.8025215e-05
2203	3.7973569e-05
2204	3.7926506e-05
2205	3.7907994e-05
2206	3.7895672e-05
2207	3.7829866e-05
2208	3.7786645e-05
2209	3.769698e-05
2210	3.7677123e-05
2211	3.7644098e-05
2212	3.7607072e-05
2213	3.7574776e-05
2214	3.7553381e-05
2215	3.7576102e-05
2216	3.7601548e-05
2217	3.7620183e-05
2218	3.7627496e-05
2219	3.7590471e-05
2220	3.7535512e-05
2221	3.7493669e-05
2222	3.7488356e-05
2223	3.7506383e-05
2224	3.7425182e-05
2225	3.7413263e-05
2226	3.7369897e-05
2227	3.7309662e-05
2228	3.7288556e-05
2229	3.7281017e-05
2230	3.7275846e-05
2231	3.7260735e-05
2232	3.7213568e-05
2233	3.7170808e-05
2234	3.7143452e-05
2235	3.7080929e-05
2236	3.703769e-05
2237	3.7020707e-05
2238	3.7003197e-05
2239	3.6937595e-05
2240	3.6871429e-05
2241	3.6830623e-05
2242	3.6826266e-05
2243	3.6809405e-05
2244	3.6771373e-05
2245	3.671062e-05
2246	3.6683608e-05
2247	3.6666171e-05
2248	3.6609594e-05
2249	3.6563387e-05
2250	3.6482411e-05
2251	3.6441674e-05
2252	3.6420623e-05
2253	3.6391644e-05
2254	3.6365981e-05
2255	3.6362605e-05
2256	3.6369464e-05
2257	3.6399288e-05
2258	3.6424866e-05
2259	3.6430326e-05
2260	3.6379146e-05
2261	3.6323665e-05
2262	3.6285566e-05
2263	3.6302217e-05
2264	3.6306283e-05
2265	3.6258553e-05
2266	3.6219836e-05
2267	3.61552e-05
2268	3.611862e-05
2269	3.6106727e-05
2270	3.6115189e-05
2271	3.6108489e-05
2272	3.6066756e-05
2273	3.6033698e-05
2274	3.6004431e-05
2275	3.5994213e-05
2276	3.5928254e-05
2277	3.5876423e-05
2278	3.587073e-05
2279	3.5854957e-05
2280	3.5789516e-05
2281	3.5733299e-05
2282	3.5696138e-05
2283	3.5686406e-05
2284	3.5680287e-05
2285	3.5653978e-05
2286	3.5615648e-05
2287	3.5572905e-05
2288	3.554195e-05
2289	3.5511742e-05
2290	3.5457255e-05
2291	3.5400255e-05
2292	3.5360558e-05
2293	3.5329928e-05
2294	3.5317532e-05
2295	3.5308132e-05
2296	3.5323974e-05
2297	3.5342607e-05
2298	3.5353369e-05
2299	3.5387e-05
2300	3.5397273e-05
2301	3.5349304e-05
2302	3.5290889e-05
2303	3.526356e-05
2304	3.5294078e-05
2305	3.5284486e-05
2306	3.5267043e-05
2307	3.5227661e-05
2308	3.5150062e-05
2309	3.5125341e-05
2310	3.5126909e-05
2311	3.5149801e-05
2312	3.5148405e-05
2313	3.5091598e-05
2314	3.5053524e-05
2315	3.504247e-05
2316	3.504199e-05
2317	3.4980485e-05
2318	3.4946006e-05
2319	3.4926818e-05
2320	3.4913017e-05
2321	3.4849855e-05
2322	3.4805743e-05
2323	3.4778787e-05
2324	3.4767144e-05
2325	3.4753476e-05
2326	3.4736899e-05
2327	3.4723617e-05
2328	3.4702883e-05
2329	3.463022e-05
2330	3.4617482e-05
2331	3.4557314e-05
2332	3.4522046e-05
2333	3.4489618e-05
2334	3.4449755e-05
2335	3.4438985e-05
2336	3.4450489e-05
2337	3.4472551e-05
2338	3.4503271e-05
2339	3.4524417e-05
2340	3.4536364e-05
2341	3.4552205e-05
2342	3.4509416e-05
2343	3.4462016e-05
2344	3.4443032e-05
2345	3.4474848e-05
2346	3.4441809e-05
2347	3.4455278e-05
2348	3.4409043e-05
2349	3.4342717e-05
2350	3.430771e-05
2351	3.4328718e-05
2352	3.4348924e-05
2353	3.4341503e-05
2354	3.4298399e-05
2355	3.4249616e-05
2356	3.424036e-05
2357	3.422974e-05
2358	3.4187758e-05
2359	3.4172856e-05
2360	3.4154777e-05
2361	3.4113845e-05
2362	3.4069463e-05
2363	3.403787e-05
2364	3.4018428e-05
2365	3.4001848e-05
2366	3.3982993e-05
2367	3.3968403e-05
2368	3.3961698e-05
2369	3.3960753e-05
2370	3.3892147e-05
2371	3.3850888e-05
2372	3.3794814e-05
2373	3.3779093e-05
2374	3.3760904e-05
2375	3.3729963e-05
2376	3.3696112e-05
2377	3.37262e-05
2378	3.3769454e-05
2379	3.3803979e-05
2380	3.3828412e-05
2381	3.3842924e-05
2382	3.3837881e-05
2383	3.379999e-05
2384	3.3760726e-05
2385	3.3762127e-05
2386	3.3788017e-05
2387	3.3743825e-05
2388	3.3760956e-05
2389	3.3718003e-05
2390	3.3676531e-05
2391	3.3647812e-05
2392	3.3660123e-05
2393	3.3694775e-05
2394	3.3682914e-05
2395	3.3640327e-05
2396	3.3603162e-05
2397	3.3595578e-05
2398	3.357687e-05
2399	3.354365e-05
2400	3.353909e-05
2401	3.3531571e-05
2402	3.3469044e-05
2403	3.3429862e-05
2404	3.3414551e-05
2405	3.3414825e-05
2406	3.3399896e-05
2407	3.3364325e-05
2408	3.3357812e-05
2409	3.3367273e-05
2410	3.3356737e-05
2411	3.3305766e-05
2412	3.3257043e-05
2413	3.3216764e-05
2414	3.3209407e-05
2415	3.3190711e-05
2416	3.3173487e-05
2417	3.3148878e-05
2418	3.3175302e-05
2419	3.3227701e-05
2420	3.3276059e-05
2421	3.3310274e-05
2422	3.3320834e-05
2423	3.329149e-05
2424	3.3272396e-05
2425	3.3253181e-05
2426	3.3269964e-05
2427	3.3272928e-05
2428	3.3253694e-05
2429	3.3256688e-05
2430	3.3215614e-05
2431	3.3193255e-05
2432	3.318987e-05
2433	3.3209256e-05
2434	3.3237476e-05
2435	3.3225273e-05
2436	3.3201462e-05
2437	3.3170872e-05
2438	3.3160369e-05
2439	3.3135748e-05
2440	3.3130734e-05
2441	3.3129994e-05
2442	3.3117531e-05
2443	3.3053342e-05
2444	3.3032425e-05
2445	3.3023945e-05
2446	3.3031036e-05
2447	3.3026121e-05
2448	3.3000654e-05
2449	3.2991054e-05
2450	3.3004297e-05
2451	3.2995536e-05
2452	3.2974774e-05
2453	3.2906508e-05
2454	3.2872438e-05
2455	3.2877454e-05
2456	3.2865976e-05
2457	3.2852815e-05
2458	3.2841397e-05
2459	3.2877026e-05
2460	3.2934308e-05
2461	3.2986494e-05
2462	3.3025013e-05
2463	3.3042752e-05
2464	3.2995965e-05
2465	3.2979121e-05
2466	3.2978544e-05
2467	3.3015937e-05
2468	3.2997641e-05
2469	3.2991322e-05
2470	3.2977097e-05
2471	3.2947764e-05
2472	3.2937274e-05
2473	3.2944896e-05
2474	3.2960199e-05
2475	3.298502e-05
2476	3.2966465e-05
2477	3.2947904e-05
2478	3.2926365e-05
2479	3.2916661e-05
2480	3.288833e-05
2481	3.2892314e-05
2482	3.2898937e-05
2483	3.2877305e-05
2484	3.2811474e-05
2485	3.2789835e-05
2486	3.2790584e-05
2487	3.2799616e-05
2488	3.278962e-05
2489	3.2765948e-05
2490	3.2761002e-05
2491	3.2777901e-05
2492	3.2757753e-05
2493	3.2748757e-05
2494	3.2665731e-05
2495	3.2641051e-05
2496	3.2644337e-05
2497	3.2631904e-05
2498	3.2618944e-05
2499	3.2617784e-05
2500	3.2652603e-05
2501	3.2707135e-05
2502	3.2756486e-05
2503	3.2796278e-05
2504	3.2811691e-05
2505	3.2751923e-05
2506	3.2728881e-05
2507	3.2741836e-05
2508	3.279455e-05
2509	3.2753138e-05
2510	3.2753478e-05
2511	3.2724974e-05
2512	3.2697161e-05
2513	3.2695626e-05
2514	3.271123e-05
2515	3.2718208e-05
2516	3.2733338e-05
2517	3.2708559e-05
2518	3.2686417e-05
2519	3.2672557e-05
2520	3.2645277e-05
2521	3.2613085e-05
2522	3.2622612e-05
2523	3.2636917e-05
2524	3.2607853e-05
2525	3.25382e-05
2526	3.2514132e-05
2527	3.2523835e-05
2528	3.2528568e-05
2529	3.2507292e-05
2530	3.2491051e-05
2531	3.2483925e-05
2532	3.2500601e-05
2533	3.2452948e-05
2534	3.2445407e-05
2535	3.2371227e-05
2536	3.2342696e-05
2537	3.2336194e-05
2538	3.2328083e-05
2539	3.2320592e-05
2540	3.2321295e-05
2541	3.235233e-05
2542	3.2412018e-05
2543	3.2463135e-05
2544	3.2492868e-05
2545	3.2479958e-05
2546	3.2428518e-05
2547	3.240658e-05
2548	3.2416083e-05
2549	3.245879e-05
2550	3.2421404e-05
2551	3.2420601e-05
2552	3.237034e-05
2553	3.2348759e-05
2554	3.2356344e-05
2555	3.2381134e-05
2556	3.237549e-05
2557	3.2374846e-05
2558	3.2356609e-05
2559	3.2333758e-05
2560	3.2323082e-05
2561	3.2275702e-05
2562	3.2254308e-05
2563	3.226465e-05
2564	3.2264924e-05
2565	3.2227768e-05
2566	3.2169001e-05
2567	3.2139126e-05
2568	3.214616e-05
2569	3.2151077e-05
2570	3.2138381e-05
2571	3.2107195e-05
2572	3.209654e-05
2573	3.2105721e-05
2574	3.2069919e-05
2575	3.2043708e-05
2576	3.1974511e-05
2577	3.1945246e-05
2578	3.1939706e-05
2579	3.1928422e-05
2580	3.192157e-05
2581	3.1933353e-05
2582	3.1962077e-05
2583	3.201754e-05
2584	3.2062572e-05
2585	3.2095664e-05
2586	3.2061943e-05
2587	3.2008875e-05
2588	3.198985e-05
2589	3.2020125e-05
2590	3.2033852e-05
2591	3.2007318e-05
2592	3.1989023e-05
2593	3.1938273e-05
2594	3.1923254e-05
2595	3.1927141e-05
2596	3.1962678e-05
2597	3.1952456e-05
2598	3.1930598e-05
2599	3.1911794e-05
2600	3.1895377e-05
2601	3.1896232e-05
2602	3.1829441e-05
2603	3.1807258e-05
2604	3.1819151e-05
2605	3.1815475e-05
2606	3.1764418e-05
2607	3.1713739e-05
2608	3.1680422e-05
2609	3.1693571e-05
2610	3.1689589e-05
2611	3.1666604e-05
2612	3.1643975e-05
2613	3.1627375e-05
2614	3.1615186e-05
2615	3.1596292e-05
2616	3.1551597e-05
2617	3.149911e-05
2618	3.1461356e-05
2619	3.1449224e-05
2620	3.1447006e-05
2621	3.1447973e-05
2622	3.1462464e-05
2623	3.1478837e-05
2624	3.1533398e-05
2625	3.1577973e-05
2626	3.1596599e-05
2627	3.1556688e-05
2628	3.1494971e-05
2629	3.1481599e-05
2630	3.1523439e-05
2631	3.1510909e-05
2632	3.1492644e-05
2633	3.145736e-05
2634	3.140272e-05
2635	3.1398727e-05
2636	3.1413474e-05
2637	3.1444496e-05
2638	3.1428673e-05
2639	3.1387855e-05
2640	3.1370029e-05
2641	3.1357426e-05
2642	3.1353798e-05
2643	3.1280745e-05
2644	3.125939e-05
2645	3.1268595e-05
2646	3.1257244e-05
2647	3.1197681e-05
2648	3.1152421e-05
2649	3.1116884e-05
2650	3.1127441e-05
2651	3.1119847e-05
2652	3.1098474e-05
2653	3.1070216e-05
2654	3.1047309e-05
2655	3.102247e-05
2656	3.1019862e-05
2657	3.09542e-05
2658	3.0912761e-05
2659	3.0862229e-05
2660	3.0844577e-05
2661	3.0842808e-05
2662	3.0849146e-05
2663	3.086392e-05
2664	3.0878355e-05
2665	3.092537e-05
2666	3.0963572e-05
2667	3.0978664e-05
2668	3.0930175e-05
2669	3.0860978e-05
2670	3.0850229e-05
2671	3.090082e-05
2672	3.0869074e-05
2673	3.0856842e-05
2674	3.0797548e-05
2675	3.073889e-05
2676	3.0739017e-05
2677	3.0766988e-05
2678	3.0785783e-05
2679	3.0760837e-05
2680	3.0712157e-05
2681	3.0687318e-05
2682	3.0677036e-05
2683	3.0660249e-05
2684	3.0594263e-05
2685	3.056457e-05
2686	3.057308e-05
2687	3.055219e-05
2688	3.049559e-05
2689	3.044422e-05
2690	3.0412009e-05
2691	3.0417185e-05
2692	3.0402986e-05
2693	3.0375507e-05
2694	3.034543e-05
2695	3.0327575e-05
2696	3.0273473e-05
2697	3.0261667e-05
2698	3.019546e-05
2699	3.0173041e-05
2700	3.0118609e-05
2701	3.0093659e-05
2702	3.0092674e-05
2703	3.0108458e-05
2704	3.0125314e-05
2705	3.01326e-05
2706	3.0172221e-05
2707	3.0213297e-05
2708	3.0195845e-05
2709	3.0145848e-05
2710	3.00836e-05
2711	3.0074332e-05
2712	3.0117249e-05
2713	3.0070784e-05
2714	3.0072099e-05
2715	3.0000777e-05
2716	2.9938258e-05
2717	2.9940898e-05
2718	2.9972523e-05
2719	2.998881e-05
2720	2.9948472e-05
2721	2.9899283e-05
2722	2.9878978e-05
2723	2.9877504e-05
2724	2.9837285e-05
2725	2.9776509e-05
2726	2.9749119e-05
2727	2.9753467e-05
2728	2.9712549e-05
2729	2.9662165e-05
2730	2.962229e-05
2731	2.9590549e-05
2732	2.9582631e-05
2733	2.9566351e-05
2734	2.9541693e-05
2735	2.951507e-05
2736	2.9474426e-05
2737	2.9424148e-05
2738	2.9404308e-05
2739	2.9345593e-05
2740	2.9310805e-05
2741	2.9254787e-05
2742	2.923702e-05
2743	2.922875e-05
2744	2.9257535e-05
2745	2.927906e-05
2746	2.9292e-05
2747	2.9323934e-05
2748	2.9345868e-05
2749	2.9318846e-05
2750	2.9276251e-05
2751	2.9224768e-05
2752	2.9217235e-05
2753	2.923581e-05
2754	2.9207443e-05
2755	2.9193464e-05
2756	2.9113243e-05
2757	2.9058543e-05
2758	2.9066577e-05
2759	2.9102469e-05
2760	2.9107381e-05
2761	2.9066027e-05
2762	2.9005527e-05
2763	2.8984881e-05
2764	2.8989678e-05
2765	2.8936512e-05
2766	2.8891714e-05
2767	2.8860069e-05
2768	2.8856291e-05
2769	2.8806323e-05
2770	2.8765423e-05
2771	2.872546e-05
2772	2.8696753e-05
2773	2.8685365e-05
2774	2.8669261e-05
2775	2.8640605e-05
2776	2.8611421e-05
2777	2.8567415e-05
2778	2.8526051e-05
2779	2.8481692e-05
2780	2.8433951e-05
2781	2.8404192e-05
2782	2.8351751e-05
2783	2.8322957e-05
2784	2.8326905e-05
2785	2.8355437e-05
2786	2.8376277e-05
2787	2.8382781e-05
2788	2.8403291e-05
2789	2.8423982e-05
2790	2.839634e-05
2791	2.8343072e-05
2792	2.8306834e-05
2793	2.8318806e-05
2794	2.8309072e-05
2795	2.8288542e-05
2796	2.8261191e-05
2797	2.8189485e-05
2798	2.8141074e-05
2799	2.8144296e-05
2800	2.8183119e-05
2801	2.8189061e-05
2802	2.8136368e-05
2803	2.8070009e-05
2804	2.8056075e-05
2805	2.8069629e-05
2806	2.8005585e-05
2807	2.7962723e-05
2808	2.792918e-05
2809	2.791884e-05
2810	2.7859268e-05
2811	2.7814351e-05
2812	2.7790492e-05
2813	2.7771161e-05
2814	2.7749909e-05
2815	2.7729088e-05
2816	2.7709765e-05
2817	2.7690015e-05
2818	2.7619883e-05
2819	2.7591823e-05
2820	2.753585e-05
2821	2.7503705e-05
2822	2.7470348e-05
2823	2.7412666e-05
2824	2.7393984e-05
2825	2.7406251e-05
2826	2.7433721e-05
2827	2.7453224e-05
2828	2.7469075e-05
2829	2.7489809e-05
2830	2.7491693e-05
2831	2.744885e-05
2832	2.7399027e-05
2833	2.7377269e-05
2834	2.7390023e-05
2835	2.7355706e-05
2836	2.7360458e-05
2837	2.7311425e-05
2838	2.724776e-05
2839	2.7212113e-05
2840	2.7233182e-05
2841	2.7261673e-05
2842	2.7251908e-05
2843	2.7203494e-05
2844	2.7141593e-05
2845	2.7132642e-05
2846	2.7118006e-05
2847	2.706984e-05
2848	2.7044172e-05
2849	2.7008728e-05
2850	2.6975476e-05
2851	2.6928459e-05
2852	2.6895922e-05
2853	2.6872539e-05
2854	2.6845227e-05
2855	2.6819836e-05
2856	2.6805739e-05
2857	2.6782259e-05
2858	2.6765461e-05
2859	2.6688753e-05
2860	2.6655692e-05
2861	2.6594176e-05
2862	2.6580954e-05
2863	2.6554637e-05
2864	2.6508897e-05
2865	2.6478593e-05
2866	2.6500008e-05
2867	2.65398e-05
2868	2.656905e-05
2869	2.6580409e-05
2870	2.6587562e-05
2871	2.6581895e-05
2872	2.6544961e-05
2873	2.6495329e-05
2874	2.6484005e-05
2875	2.6500407e-05
2876	2.6462424e-05
2877	2.6467391e-05
2878	2.6415156e-05
2879	2.6356552e-05
2880	2.6326748e-05
2881	2.6343795e-05
2882	2.6376197e-05
2883	2.6361559e-05
2884	2.6312702e-05
2885	2.625142e-05
2886	2.6254636e-05
2887	2.6242319e-05
2888	2.6201211e-05
2889	2.6175109e-05
2890	2.6138599e-05
2891	2.6099587e-05
2892	2.6064665e-05
2893	2.6029604e-05
2894	2.6018374e-05
2895	2.5998365e-05
2896	2.5967955e-05
2897	2.5947618e-05
2898	2.5935364e-05
2899	2.5915269e-05
2900	2.5844722e-05
2901	2.5793892e-05
2902	2.5752124e-05
2903	2.5738883e-05
2904	2.5708974e-05
2905	2.5670768e-05
2906	2.5643589e-05
2907	2.5683955e-05
2908	2.5722139e-05
2909	2.5749869e-05
2910	2.5770283e-05
2911	2.5766924e-05
2912	2.5759935e-05
2913	2.5726017e-05
2914	2.5697181e-05
2915	2.570821e-05
2916	2.5694824e-05
2917	2.56728e-05
2918	2.5684573e-05
2919	2.5624099e-05
2920	2.5577516e-05
2921	2.5556214e-05
2922	2.5594233e-05
2923	2.5624492e-05
2924	2.5593357e-05
2925	2.555262e-05
2926	2.5509766e-05
2927	2.5521828e-05
2928	2.5480391e-05
2929	2.5458943e-05
2930	2.5446763e-05
2931	2.5409812e-05
2932	2.5355338e-05
2933	2.5336315e-05
2934	2.5320523e-05
2935	2.5316586e-05
2936	2.5292159e-05
2937	2.5263001e-05
2938	2.5273449e-05
2939	2.5265597e-05
2940	2.5231074e-05
2941	2.5189474e-05
2942	2.5129047e-05
2943	2.5100552e-05
2944	2.5088025e-05
2945	2.5070199e-05
2946	2.5051538e-05
2947	2.5034108e-05
2948	2.5078493e-05
2949	2.5133535e-05
2950	2.5175861e-05
2951	2.5196834e-05
2952	2.5182109e-05
2953	2.5172296e-05
2954	2.5145864e-05
2955	2.5131295e-05
2956	2.5158922e-05
2957	2.5134106e-05
2958	2.5136165e-05
2959	2.5128614e-05
2960	2.5074996e-05
2961	2.5058548e-05
2962	2.5049988e-05
2963	2.508711e-05
2964	2.5125555e-05
2965	2.510328e-05
2966	2.5076875e-05
2967	2.5042185e-05
2968	2.5057704e-05
2969	2.502713e-05
2970	2.5023037e-05
2971	2.5012338e-05
2972	2.4975645e-05
2973	2.4931479e-05
2974	2.492154e-05
2975	2.4913065e-05
2976	2.4919778e-05
2977	2.4910959e-05
2978	2.4886842e-05
2979	2.4886384e-05
2980	2.4895497e-05
2981	2.4861742e-05
2982	2.4837587e-05
2983	2.4758655e-05
2984	2.4755999e-05
2985	2.476131e-05
2986	2.4745558e-05
2987	2.4730254e-05
2988	2.4731541e-05
2989	2.4792876e-05
2990	2.4863195e-05
2991	2.4905274e-05
2992	2.4941819e-05
2993	2.493149e-05
2994	2.4914464e-05
2995	2.4886695e-05
2996	2.4902443e-05
2997	2.495683e-05
2998	2.4909405e-05
2999	2.4924986e-05
3000	2.4914581e-05
3001	2.4882273e-05
3002	2.4877482e-05
3003	2.4883041e-05
3004	2.4925497e-05
3005	2.4952027e-05
3006	2.4932269e-05
3007	2.4907079e-05
3008	2.4893738e-05
3009	2.4891453e-05
3010	2.4872476e-05
3011	2.4880336e-05
3012	2.4889114e-05
3013	2.4850657e-05
3014	2.4807633e-05
3015	2.4804916e-05
3016	2.4818997e-05
3017	2.4845084e-05
3018	2.4834307e-05
3019	2.4813894e-05
3020	2.482987e-05
3021	2.4850921e-05
3022	2.4804144e-05
3023	2.478498e-05
3024	2.4719127e-05
3025	2.4729784e-05
3026	2.4738427e-05
3027	2.4733387e-05
3028	2.473415e-05
3029	2.4746474e-05
3030	2.4814164e-05
3031	2.4883701e-05
3032	2.4938624e-05
3033	2.4975675e-05
3034	2.494362e-05
3035	2.4936143e-05
3036	2.4925555e-05
3037	2.4955729e-05
3038	2.4995464e-05
3039	2.4961181e-05
3040	2.4993863e-05
3041	2.497634e-05
3042	2.4944778e-05
3043	2.4956364e-05
3044	2.4984432e-05
3045	2.5036667e-05
3046	2.5052784e-05
3047	2.5043917e-05
3048	2.5037405e-05
3049	2.5038756e-05
3050	2.5013881e-05
3051	2.5014629e-05
3052	2.5041387e-05
3053	2.5048441e-05
3054	2.4996603e-05
3055	2.4969744e-05
3056	2.4984432e-05
3057	2.5009958e-05
3058	2.5017985e-05
3059	2.5012873e-05
3060	2.500249e-05
3061	2.5022808e-05
3062	2.5033436e-05
3063	2.5010557e-05
3064	2.49859e-05
3065	2.4929463e-05
3066	2.4938514e-05
3067	2.4959254e-05
3068	2.4967931e-05
3069	2.4969583e-05
3070	2.4993561e-05
3071	2.5071723e-05
3072	2.5150687e-05
3073	2.5218774e-05
3074	2.5252021e-05
3075	2.5218359e-05
3076	2.5216014e-05
3077	2.522231e-05
3078	2.5267575e-05
3079	2.5294529e-05
3080	2.5286575e-05
3081	2.5299429e-05
3082	2.5270849e-05
3083	2.5270499e-05
3084	2.5294678e-05
3085	2.5324639e-05
3086	2.5357625e-05
3087	2.5369543e-05
3088	2.536749e-05
3089	2.536347e-05
3090	2.5381318e-05
3091	2.5346376e-05
3092	2.535523e-05
3093	2.5384535e-05
3094	2.539164e-05
3095	2.5345525e-05
3096	2.5314331e-05
3097	2.5330509e-05
3098	2.5367533e-05
3099	2.5378525e-05
3100	2.5372168e-05
3101	2.5356764e-05
3102	2.5398229e-05
3103	2.5405779e-05
3104	2.5399099e-05
3105	2.5347874e-05
3106	2.5310906e-05
3107	2.5331873e-05
3108	2.5343409e-05
3109	2.5351919e-05
3110	2.5375814e-05
3111	2.5409166e-05
3112	2.5480489e-05
3113	2.5555905e-05
3114	2.5617716e-05
3115	2.5644087e-05
3116	2.5599357e-05
3117	2.5580454e-05
3118	2.5607308e-05
3119	2.5668913e-05
3120	2.5670667e-05
3121	2.5671033e-05
3122	2.5659877e-05
3123	2.5640916e-05
3124	2.5649224e-05
3125	2.5671587e-05
3126	2.5710242e-05
3127	2.5732333e-05
3128	2.5728905e-05
3129	2.5728419e-05
3130	2.5735786e-05
3131	2.5764064e-05
3132	2.5713733e-05
3133	2.5731636e-05
3134	2.5767424e-05
3135	2.5761983e-05
3136	2.5705065e-05
3137	2.5674047e-05
3138	2.5706799e-05
3139	2.5740835e-05
3140	2.5742609e-05
3141	2.5732727e-05
3142	2.5728303e-05
3143	2.5751875e-05
3144	2.5731414e-05
3145	2.5733134e-05
3146	2.5678356e-05
3147	2.5648542e-05
3148	2.5655496e-05
3149	2.5668603e-05
3150	2.5681635e-05
3151	2.5706786e-05
3152	2.5730854e-05
3153	2.5805188e-05
3154	2.5885025e-05
3155	2.5933367e-05
3156	2.5946433e-05
3157	2.5898679e-05
3158	2.5883556e-05
3159	2.5912119e-05
3160	2.597501e-05
3161	2.5967747e-05
3162	2.5981484e-05
3163	2.5948094e-05
3164	2.5919499e-05
3165	2.594355e-05
3166	2.5979435e-05
3167	2.6000821e-05
3168	2.6005287e-05
3169	2.600441e-05
3170	2.599981e-05
3171	2.6002751e-05
3172	2.5990319e-05
3173	2.5950016e-05
3174	2.5978408e-05
3175	2.6000768e-05
3176	2.597745e-05
3177	2.5929949e-05
3178	2.5901051e-05
3179	2.5929246e-05
3180	2.5951605e-05
3181	2.5951273e-05
3182	2.5937087e-05
3183	2.5921493e-05
3184	2.5951868e-05
3185	2.5916002e-05
3186	2.5908211e-05
3187	2.5841403e-05
3188	2.5818977e-05
3189	2.5836411e-05
3190	2.5842326e-05
3191	2.5843771e-05
3192	2.5879423e-05
3193	2.5916208e-05
3194	2.5989467e-05
3195	2.6055247e-05
3196	2.6104613e-05
3197	2.6089112e-05
3198	2.6037424e-05
3199	2.6027178e-05
3200	2.6066405e-05
3201	2.6117506e-05
3202	2.6085658e-05
3203	2.6089926e-05
3204	2.6049344e-05
3205	2.6032797e-05
3206	2.6048241e-05
3207	2.6076147e-05
3208	2.6089188e-05
3209	2.6094415e-05
3210	2.6087539e-05
3211	2.6071478e-05
3212	2.6084638e-05
3213	2.6039713e-05
3214	2.6013075e-05
3215	2.6035513e-05
3216	2.6053667e-05
3217	2.601279e-05
3218	2.5953011e-05
3219	2.5943221e-05
3220	2.5974276e-05
3221	2.5987378e-05
3222	2.5973657e-05
3223	2.5957516e-05
3224	2.5955235e-05
3225	2.5963915e-05
3226	2.5933176e-05
3227	2.5898931e-05
3228	2.5840413e-05
3229	2.5821487e-05
3230	2.5830258e-05
3231	2.5833935e-05
3232	2.5831595e-05
3233	2.5859341e-05
3234	2.5891158e-05
3235	2.5962362e-05
3236	2.6021903e-05
3237	2.6052317e-05
3238	2.6012361e-05
3239	2.596319e-05
3240	2.5972247e-05
3241	2.6015763e-05
3242	2.602464e-05
3243	2.5994263e-05
3244	2.59711e-05
3245	2.593655e-05
3246	2.5917709e-05
3247	2.5929259e-05
3248	2.5957955e-05
3249	2.5959327e-05
3250	2.5944426e-05
3251	2.5935078e-05
3252	2.5922296e-05
3253	2.5928909e-05
3254	2.5852316e-05
3255	2.5850012e-05
3256	2.5873233e-05
3257	2.5871837e-05
3258	2.5803805e-05
3259	2.5748533e-05
3260	2.5754749e-05
3261	2.5780312e-05
3262	2.5774247e-05
3263	2.5745119e-05
3264	2.5714289e-05
3265	2.5715569e-05
3266	2.5701065e-05
3267	2.5682852e-05
3268	2.5628122e-05
3269	2.5558149e-05
3270	2.5547204e-05
3271	2.5551778e-05
3272	2.5548298e-05
3273	2.554781e-05
3274	2.5550712e-05
3275	2.5599052e-05
3276	2.5664294e-05
3277	2.5710147e-05
3278	2.5723539e-05
3279	2.5658746e-05
3280	2.5625624e-05
3281	2.5632398e-05
3282	2.5680408e-05
3283	2.5659598e-05
3284	2.563638e-05
3285	2.5589666e-05
3286	2.5550315e-05
3287	2.5546312e-05
3288	2.5561177e-05
3289	2.556819e-05
3290	2.5569411e-05
3291	2.5552113e-05
3292	2.5533871e-05
3293	2.5507586e-05
3294	2.5495926e-05
3295	2.5430138e-05
3296	2.542981e-05
3297	2.5435537e-05
3298	2.5413475e-05
3299	2.5339355e-05
3300	2.5286812e-05
3301	2.5296831e-05
3302	2.5312491e-05
3303	2.5302493e-05
3304	2.526004e-05
3305	2.521972e-05
3306	2.5233405e-05
3307	2.5200227e-05
3308	2.5185165e-05
3309	2.5095637e-05
3310	2.5045317e-05
3311	2.5038315e-05
3312	2.5030368e-05
3313	2.5016795e-05
3314	2.501617e-05
3315	2.5023313e-05
3316	2.507453e-05
3317	2.5123613e-05
3318	2.515985e-05
3319	2.5165428e-05
3320	2.5083535e-05
3321	2.504985e-05
3322	2.5075536e-05
3323	2.5125902e-05
3324	2.5065924e-05
3325	2.5040025e-05
3326	2.4993688e-05
3327	2.4953693e-05
3328	2.4945143e-05
3329	2.4955941e-05
3330	2.4952112e-05
3331	2.4958747e-05
3332	2.4928852e-05
3333	2.489462e-05
3334	2.4875785e-05
3335	2.4821365e-05
3336	2.4776396e-05
3337	2.4773483e-05
3338	2.4781607e-05
3339	2.4739707e-05
3340	2.4647095e-05
3341	2.4621037e-05
3342	2.4632039e-05
3343	2.4634452e-05
3344	2.460375e-05
3345	2.4553496e-05
3346	2.4536276e-05
3347	2.4546023e-05
3348	2.4484827e-05
3349	2.4455381e-05
3350	2.4363529e-05
3351	2.4334409e-05
3352	2.4321377e-05
3353	2.4306847e-05
3354	2.428881e-05
3355	2.4280176e-05
3356	2.4298939e-05
3357	2.4361465e-05
3358	2.4404355e-05
3359	2.4426899e-05
3360	2.4394906e-05
3361	2.4336208e-05
3362	2.4319372e-05
3363	2.4327617e-05
3364	2.4356848e-05
3365	2.4291872e-05
3366	2.4272671e-05
3367	2.4224641e-05
3368	2.4176773e-05
3369	2.417018e-05
3370	2.4183253e-05
3371	2.4180608e-05
3372	2.4171879e-05
3373	2.4143403e-05
3374	2.4107583e-05
3375	2.4077398e-05
3376	2.4015039e-05
3377	2.3987845e-05
3378	2.3987076e-05
3379	2.3974916e-05
3380	2.3909081e-05
3381	2.3835259e-05
3382	2.382175e-05
3383	2.382739e-05
3384	2.3815033e-05
3385	2.3776315e-05
3386	2.3722924e-05
3387	2.3720954e-05
3388	2.3713424e-05
3389	2.3658746e-05
3390	2.3614307e-05
3391	2.3517509e-05
3392	2.3504235e-05
3393	2.3502701e-05
3394	2.3482227e-05
3395	2.3455259e-05
3396	2.3444235e-05
3397	2.3491791e-05
3398	2.3542318e-05
3399	2.357679e-05
3400	2.3588791e-05
3401	2.3530443e-05
3402	2.3499e-05
3403	2.347758e-05
3404	2.349547e-05
3405	2.349354e-05
3406	2.3431333e-05
3407	2.3410608e-05
3408	2.3356633e-05
3409	2.3329188e-05
3410	2.3315035e-05
3411	2.3314459e-05
3412	2.3328219e-05
3413	2.331414e-05
3414	2.3279828e-05
3415	2.3234321e-05
3416	2.3207023e-05
3417	2.3150006e-05
3418	2.3128364e-05
3419	2.3123054e-05
3420	2.309642e-05
3421	2.3014881e-05
3422	2.2968177e-05
3423	2.2957618e-05
3424	2.2962705e-05
3425	2.294593e-05
3426	2.2893833e-05
3427	2.2855263e-05
3428	2.2854323e-05
3429	2.2834401e-05
3430	2.2792403e-05
3431	2.2714365e-05
3432	2.2653755e-05
3433	2.264873e-05
3434	2.2635426e-05
3435	2.2609101e-05
3436	2.2581944e-05
3437	2.259274e-05
3438	2.2639803e-05
3439	2.2687061e-05
3440	2.2719543e-05
3441	2.272814e-05
3442	2.2666159e-05
3443	2.2632883e-05
3444	2.2624607e-05
3445	2.2652384e-05
3446	2.261987e-05
3447	2.2571139e-05
3448	2.2545582e-05
3449	2.2497174e-05
3450	2.2470224e-05
3451	2.2465663e-05
3452	2.2470121e-05
3453	2.2491724e-05
3454	2.2457829e-05
3455	2.2422378e-05
3456	2.2386929e-05
3457	2.2359219e-05
3458	2.2307402e-05
3459	2.2292381e-05
3460	2.2291554e-05
3461	2.2252287e-05
3462	2.2158639e-05
3463	2.2134603e-05
3464	2.2131929e-05
3465	2.2135513e-05
3466	2.2098102e-05
3467	2.2046911e-05
3468	2.204712e-05
3469	2.2045008e-05
3470	2.2006274e-05
3471	2.1976192e-05
3472	2.188874e-05
3473	2.1855553e-05
3474	2.1847379e-05
3475	2.182887e-05
3476	2.1808503e-05
3477	2.1782222e-05
3478	2.1810317e-05
3479	2.1866103e-05
3480	2.1918318e-05
3481	2.1938265e-05
3482	2.1931582e-05
3483	2.1895169e-05
3484	2.1870346e-05
3485	2.1863145e-05
3486	2.1893484e-05
3487	2.1840098e-05
3488	2.1841531e-05
3489	2.1788028e-05
3490	2.1741826e-05
3491	2.1728381e-05
3492	2.1724003e-05
3493	2.1743282e-05
3494	2.1762179e-05
3495	2.1732763e-05
3496	2.1696243e-05
3497	2.1648294e-05
3498	2.1634914e-05
3499	2.1603072e-05
3500	2.1598833e-05
3501	2.1583117e-05
3502	2.1533211e-05
3503	2.1475751e-05
3504	2.1457168e-05
3505	2.1454033e-05
3506	2.1454357e-05
3507	2.142577e-05
3508	2.1392547e-05
3509	2.1385543e-05
3510	2.1399359e-05
3511	2.1349914e-05
3512	2.1323387e-05
3513	2.1236304e-05
3514	2.122762e-05
3515	2.1225365e-05
3516	2.1201448e-05
3517	2.1170957e-05
3518	2.1175188e-05
3519	2.1225e-05
3520	2.1279607e-05
3521	2.1320416e-05
3522	2.1338505e-05
3523	2.1346074e-05
3524	2.1312708e-05
3525	2.1279663e-05
3526	2.1291615e-05
3527	2.1324957e-05
3528	2.1260617e-05
3529	2.1271648e-05
3530	2.1231231e-05
3531	2.1192621e-05
3532	2.1176168e-05
3533	2.1183164e-05
3534	2.1223567e-05
3535	2.1241007e-05
3536	2.1203248e-05
3537	2.1161502e-05
3538	2.1135381e-05
3539	2.1127846e-05
3540	2.1096784e-05
3541	2.109553e-05
3542	2.1081936e-05
3543	2.1030229e-05
3544	2.0995443e-05
3545	2.0982174e-05
3546	2.0989201e-05
3547	2.0984192e-05
3548	2.0940462e-05
3549	2.0934405e-05
3550	2.0946862e-05
3551	2.0959271e-05
3552	2.0894328e-05
3553	2.0857708e-05
3554	2.0807409e-05
3555	2.0814201e-05
3556	2.080402e-05
3557	2.0784718e-05
3558	2.0750665e-05
3559	2.0790094e-05
3560	2.0842519e-05
3561	2.0904088e-05
3562	2.0941402e-05
3563	2.0956243e-05
3564	2.0967065e-05
3565	2.0946128e-05
3566	2.0931579e-05
3567	2.0941414e-05
3568	2.095273e-05
3569	2.0924389e-05
3570	2.0938066e-05
3571	2.0899524e-05
3572	2.0853394e-05
3573	2.0849154e-05
3574	2.088794e-05
3575	2.0933739e-05
3576	2.0932312e-05
3577	2.0905075e-05
3578	2.0862173e-05
3579	2.0862427e-05
3580	2.0843863e-05
3581	2.0832858e-05
3582	2.083636e-05
3583	2.0806574e-05
3584	2.0767398e-05
3585	2.0749449e-05
3586	2.0744704e-05
3587	2.0752288e-05
3588	2.0733955e-05
3589	2.0713707e-05
3590	2.0722331e-05
3591	2.0735151e-05
3592	2.0730578e-05
3593	2.0685932e-05
3594	2.0652034e-05
3595	2.0615083e-05
3596	2.0621e-05
3597	2.0617982e-05
3598	2.0597859e-05
3599	2.0578392e-05
3600	2.0631269e-05
3601	2.0699176e-05
3602	2.0760482e-05
3603	2.0787049e-05
3604	2.0812854e-05
3605	2.0819428e-05
3606	2.080527e-05
3607	2.0787368e-05
3608	2.0804855e-05
3609	2.0808459e-05
3610	2.0806306e-05
3611	2.0801957e-05
3612	2.0760867e-05
3613	2.0740253e-05
3614	2.0730496e-05
3615	2.0779976e-05
3616	2.0829479e-05
3617	2.0819503e-05
3618	2.0788e-05
3619	2.0739121e-05
3620	2.0773666e-05
3621	2.0746073e-05
3622	2.0738936e-05
3623	2.0727938e-05
3624	2.0695744e-05
3625	2.0674376e-05
3626	2.0656522e-05
3627	2.0646844e-05
3628	2.0653326e-05
3629	2.0631087e-05
3630	2.0626053e-05
3631	2.0630222e-05
3632	2.0647647e-05
3633	2.0630424e-05
3634	2.0586305e-05
3635	2.0546216e-05
3636	2.053287e-05
3637	2.0535377e-05
3638	2.0515576e-05
3639	2.0481736e-05
3640	2.0503897e-05
3641	2.0557654e-05
3642	2.0615662e-05
3643	2.0660196e-05
3644	2.0684372e-05
3645	2.0736762e-05
3646	2.0718327e-05
3647	2.0689872e-05
3648	2.0687089e-05
3649	2.0704863e-05
3650	2.0696859e-05
3651	2.0702099e-05
3652	2.0685001e-05
3653	2.0638683e-05
3654	2.0609817e-05
3655	2.0622265e-05
3656	2.0681619e-05
3657	2.071738e-05
3658	2.0681172e-05
3659	2.0634813e-05
3660	2.0618397e-05
3661	2.0650216e-05
3662	2.0604959e-05
3663	2.0598229e-05
3664	2.0586051e-05
3665	2.0561697e-05
3666	2.0524983e-05
3667	2.05076e-05
3668	2.0505997e-05
3669	2.0496639e-05
3670	2.0467535e-05
3671	2.0466759e-05
3672	2.0479486e-05
3673	2.0484864e-05
3674	2.0438312e-05
3675	2.0416219e-05
3676	2.0378674e-05
3677	2.0366693e-05
3678	2.035008e-05
3679	2.0324635e-05
3680	2.0304864e-05
3681	2.0333995e-05
3682	2.0375483e-05
3683	2.0436945e-05
3684	2.0473055e-05
3685	2.0492221e-05
3686	2.0540555e-05
3687	2.0512385e-05
3688	2.0484416e-05
3689	2.0466536e-05
3690	2.0492175e-05
3691	2.0481424e-05
3692	2.0502861e-05
3693	2.0454612e-05
3694	2.0395503e-05
3695	2.0375634e-05
3696	2.0412183e-05
3697	2.0459485e-05
3698	2.046869e-05
3699	2.0432453e-05
3700	2.0377613e-05
3701	2.0375043e-05
3702	2.0377126e-05
3703	2.0347636e-05
3704	2.0329981e-05
3705	2.0300259e-05
3706	2.0292498e-05
3707	2.0260592e-05
3708	2.0235342e-05
3709	2.021668e-05
3710	2.0194207e-05
3711	2.0192607e-05
3712	2.0187595e-05
3713	2.0187289e-05
3714	2.0187993e-05
3715	2.0123582e-05
3716	2.011047e-05
3717	2.0057535e-05
3718	2.00448e-05
3719	2.0029347e-05
3720	1.9982475e-05
3721	1.9974455e-05
3722	2.001263e-05
3723	2.0069771e-05
3724	2.0114046e-05
3725	2.0124493e-05
3726	2.016746e-05
3727	2.0203211e-05
3728	2.0164807e-05
3729	2.0120229e-05
3730	2.0103445e-05
3731	2.014804e-05
3732	2.0118838e-05
3733	2.0136886e-05
3734	2.0081704e-05
3735	2.0026399e-05
3736	2.0010646e-05
3737	2.0051005e-05
3738	2.0095609e-05
3739	2.0095865e-05
3740	2.0035857e-05
3741	1.9985455e-05
3742	2.0002497e-05
3743	1.9994668e-05
3744	1.9952898e-05
3745	1.9922679e-05
3746	1.9911904e-05
3747	1.9902896e-05
3748	1.9860754e-05
3749	1.9830928e-05
3750	1.9817591e-05
3751	1.9796328e-05
3752	1.979143e-05
3753	1.9784817e-05
3754	1.9788621e-05
3755	1.9781292e-05
3756	1.9699757e-05
3757	1.9688591e-05
3758	1.9649217e-05
3759	1.9637522e-05
3760	1.9604459e-05
3761	1.9559764e-05
3762	1.9570863e-05
3763	1.961033e-05
3764	1.9655334e-05
3765	1.9687489e-05
3766	1.9709316e-05
3767	1.9765297e-05
3768	1.9766289e-05
3769	1.973293e-05
3770	1.9695981e-05
3771	1.9683029e-05
3772	1.9718168e-05
3773	1.9698055e-05
3774	1.9711446e-05
3775	1.9643893e-05
3776	1.9580909e-05
3777	1.9588229e-05
3778	1.9650035e-05
3779	1.9679989e-05
3780	1.9652791e-05
3781	1.9589343e-05
3782	1.9573566e-05
3783	1.9589362e-05
3784	1.9550657e-05
3785	1.9516081e-05
3786	1.9489742e-05
3787	1.9485846e-05
3788	1.94529e-05
3789	1.9423016e-05
3790	1.9395373e-05
3791	1.9364732e-05
3792	1.9350116e-05
3793	1.9349017e-05
3794	1.9344699e-05
3795	1.9330028e-05
3796	1.9295145e-05
3797	1.9249486e-05
3798	1.9227677e-05
3799	1.9181309e-05
3800	1.9158669e-05
3801	1.9119316e-05
3802	1.9097196e-05
3803	1.9097867e-05
3804	1.9136941e-05
3805	1.9187139e-05
3806	1.9207867e-05
3807	1.9233788e-05
3808	1.9280227e-05
3809	1.9259931e-05
3810	1.9219242e-05
3811	1.916728e-05
3812	1.9175324e-05
3813	1.9198242e-05
3814	1.9187282e-05
3815	1.9160982e-05
3816	1.9094548e-05
3817	1.9067648e-05
3818	1.9081231e-05
3819	1.9128456e-05
3820	1.9152096e-05
3821	1.9108536e-05
3822	1.9050411e-05
3823	1.9038126e-05
3824	1.9062158e-05
3825	1.9013208e-05
3826	1.8970184e-05
3827	1.8941528e-05
3828	1.8945517e-05
3829	1.890689e-05
3830	1.8868081e-05
3831	1.8824174e-05
3832	1.8804926e-05
3833	1.8808381e-05
3834	1.8794813e-05
3835	1.8776939e-05
3836	1.8764122e-05
3837	1.8713068e-05
3838	1.8687379e-05
3839	1.8641426e-05
3840	1.8606392e-05
3841	1.8578123e-05
3842	1.8518544e-05
3843	1.8511002e-05
3844	1.8528781e-05
3845	1.8567304e-05
3846	1.8595338e-05
3847	1.8606292e-05
3848	1.8656963e-05
3849	1.8694476e-05
3850	1.8646888e-05
3851	1.8589604e-05
3852	1.8549975e-05
3853	1.8592418e-05
3854	1.8575311e-05
3855	1.8571284e-05
3856	1.8527956e-05
3857	1.8452891e-05
3858	1.8428666e-05
3859	1.8453077e-05
3860	1.849888e-05
3861	1.8501096e-05
3862	1.8426343e-05
3863	1.8387398e-05
3864	1.838788e-05
3865	1.8396445e-05
3866	1.8329508e-05
3867	1.828157e-05
3868	1.8300443e-05
3869	1.8292738e-05
3870	1.8235071e-05
3871	1.8194382e-05
3872	1.8162451e-05
3873	1.8150476e-05
3874	1.8142251e-05
3875	1.8134978e-05
3876	1.8120353e-05
3877	1.8101709e-05
3878	1.8034365e-05
3879	1.8033176e-05
3880	1.7982059e-05
3881	1.7944975e-05
3882	1.7895763e-05
3883	1.7853722e-05
3884	1.7858873e-05
3885	1.7875798e-05
3886	1.7905508e-05
3887	1.7930867e-05
3888	1.7954685e-05
3889	1.8004421e-05
3890	1.8022822e-05
3891	1.7977509e-05
3892	1.7912068e-05
3893	1.7881199e-05
3894	1.7940299e-05
3895	1.7908382e-05
3896	1.7918596e-05
3897	1.7848485e-05
3898	1.7768087e-05
3899	1.777034e-05
3900	1.7809e-05
3901	1.7833782e-05
3902	1.7815647e-05
3903	1.7745711e-05
3904	1.7722572e-05
3905	1.7717026e-05
3906	1.7702323e-05
3907	1.7642748e-05
3908	1.7602328e-05
3909	1.7610303e-05
3910	1.7593435e-05
3911	1.7545476e-05
3912	1.7493098e-05
3913	1.7451814e-05
3914	1.7454031e-05
3915	1.7449958e-05
3916	1.7435067e-05
3917	1.7410796e-05
3918	1.738805e-05
3919	1.7326491e-05
3920	1.7321576e-05
3921	1.7273412e-05
3922	1.7249831e-05
3923	1.7199664e-05
3924	1.7177922e-05
3925	1.7176669e-05
3926	1.7209667e-05
3927	1.724854e-05
3928	1.7260703e-05
3929	1.7304397e-05
3930	1.7359351e-05
3931	1.7353586e-05
3932	1.7301511e-05
3933	1.7232147e-05
3934	1.7232781e-05
3935	1.7287265e-05
3936	1.7253073e-05
3937	1.7255931e-05
3938	1.7181983e-05
3939	1.7125682e-05
3940	1.7135116e-05
3941	1.7177551e-05
3942	1.7203023e-05
3943	1.7167515e-05
3944	1.7108333e-05
3945	1.708972e-05
3946	1.710613e-05
3947	1.7074315e-05
3948	1.7009301e-05
3949	1.6984962e-05
3950	1.7001282e-05
3951	1.6968907e-05
3952	1.692343e-05
3953	1.6869418e-05
3954	1.6847235e-05
3955	1.6855451e-05
3956	1.6848253e-05
3957	1.6825279e-05
3958	1.6808104e-05
3959	1.6779086e-05
3960	1.6732445e-05
3961	1.6714282e-05
3962	1.6661648e-05
3963	1.6629376e-05
3964	1.65749e-05
3965	1.6568657e-05
3966	1.6574046e-05
3967	1.6608251e-05
3968	1.6634981e-05
3969	1.6651482e-05
3970	1.6713949e-05
3971	1.675879e-05
3972	1.6732192e-05
3973	1.667812e-05
3974	1.6626724e-05
3975	1.6663309e-05
3976	1.6709578e-05
3977	1.6691031e-05
3978	1.668582e-05
3979	1.6607736e-05
3980	1.6578893e-05
3981	1.66034e-05
3982	1.6656844e-05
3983	1.6678789e-05
3984	1.6618617e-05
3985	1.6595296e-05
3986	1.6591139e-05
3987	1.6615064e-05
3988	1.655673e-05
3989	1.6507322e-05
3990	1.6524979e-05
3991	1.653419e-05
3992	1.6488939e-05
3993	1.6447712e-05
3994	1.6406975e-05
3995	1.6410925e-05
3996	1.6414756e-05
3997	1.6416134e-05
3998	1.639883e-05
3999	1.6380329e-05
4000	1.6349971e-05
4001	1.6340486e-05
4002	1.6307263e-05
4003	1.626388e-05
4004	1.6221209e-05
4005	1.6195723e-05
4006	1.6205733e-05
4007	1.6217651e-05
4008	1.625626e-05
4009	1.6284683e-05
4010	1.6330185e-05
4011	1.6390531e-05
4012	1.6423932e-05
4013	1.6395003e-05
4014	1.6338253e-05
4015	1.6306396e-05
4016	1.6364418e-05
4017	1.6377936e-05
4018	1.6370615e-05
4019	1.6338683e-05
4020	1.6271719e-05
4021	1.6275543e-05
4022	1.6307373e-05
4023	1.6347296e-05
4024	1.635377e-05
4025	1.6302192e-05
4026	1.6290838e-05
4027	1.6288017e-05
4028	1.6308721e-05
4029	1.6248917e-05
4030	1.6216582e-05
4031	1.6242054e-05
4032	1.6244831e-05
4033	1.6200867e-05
4034	1.6178776e-05
4035	1.6144246e-05
4036	1.6176152e-05
4037	1.619383e-05
4038	1.6188901e-05
4039	1.6175583e-05
4040	1.616504e-05
4041	1.6144108e-05
4042	1.6156111e-05
4043	1.610136e-05
4044	1.6078234e-05
4045	1.6038893e-05
4046	1.6036923e-05
4047	1.6048343e-05
4048	1.607985e-05
4049	1.6120267e-05
4050	1.6147068e-05
4051	1.6215843e-05
4052	1.6283633e-05
4053	1.6322903e-05
4054	1.6271332e-05
4055	1.6208696e-05
4056	1.6222378e-05
4057	1.6302065e-05
4058	1.6284307e-05
4059	1.6288564e-05
4060	1.6239661e-05
4061	1.619695e-05
4062	1.6219645e-05
4063	1.6259349e-05
4064	1.6303929e-05
4065	1.6291763e-05
4066	1.6256391e-05
4067	1.6244613e-05
4068	1.6261594e-05
4069	1.6264838e-05
4070	1.6197419e-05
4071	1.6194058e-05
4072	1.6232137e-05
4073	1.6231605e-05
4074	1.6180402e-05
4075	1.6133741e-05
4076	1.6129586e-05
4077	1.615926e-05
4078	1.6169438e-05
4079	1.6158899e-05
4080	1.614924e-05
4081	1.6149452e-05
4082	1.6112434e-05
4083	1.6124428e-05
4084	1.6073432e-05
4085	1.6046997e-05
4086	1.6014987e-05
4087	1.6021814e-05
4088	1.6039578e-05
4089	1.6075977e-05
4090	1.6108342e-05
4091	1.6151929e-05
4092	1.62321e-05
4093	1.6299925e-05
4094	1.6301726e-05
4095	1.6282101e-05
4096	1.6231305e-05
4097	1.6267595e-05
4098	1.6345119e-05
4099	1.6322451e-05
4100	1.6350351e-05
4101	1.62887e-05
4102	1.6263375e-05
4103	1.6305586e-05
4104	1.6362172e-05
4105	1.6395966e-05
4106	1.6363455e-05
4107	1.6355686e-05
4108	1.6358353e-05
4109	1.6382306e-05
4110	1.6352168e-05
4111	1.6299969e-05
4112	1.6331715e-05
4113	1.6361334e-05
4114	1.633764e-05
4115	1.6295373e-05
4116	1.6258284e-05
4117	1.627519e-05
4118	1.6299856e-05
4119	1.6308063e-05
4120	1.6296215e-05
4121	1.627851e-05
4122	1.6279634e-05
4123	1.6262498e-05
4124	1.6261474e-05
4125	1.6209305e-05
4126	1.6167384e-05
4127	1.616327e-05
4128	1.6175154e-05
4129	1.6189495e-05
4130	1.6225966e-05
4131	1.6259666e-05
4132	1.6329486e-05
4133	1.6396383e-05
4134	1.644822e-05
4135	1.6428213e-05
4136	1.6382728e-05
4137	1.6345486e-05
4138	1.6394113e-05
4139	1.6445562e-05
4140	1.642539e-05
4141	1.6416713e-05
4142	1.635606e-05
4143	1.6349622e-05
4144	1.637825e-05
4145	1.642865e-05
4146	1.643962e-05
4147	1.6412363e-05
4148	1.6402683e-05
4149	1.6396548e-05
4150	1.6418526e-05
4151	1.6361173e-05
4152	1.6332296e-05
4153	1.6359531e-05
4154	1.6374948e-05
4155	1.6342157e-05
4156	1.6294903e-05
4157	1.6256471e-05
4158	1.6311061e-05
4159	1.6333835e-05
4160	1.6329966e-05
4161	1.6311794e-05
4162	1.6303278e-05
4163	1.6308456e-05
4164	1.6301759e-05
4165	1.6267367e-05
4166	1.6225325e-05
4167	1.6194971e-05
4168	1.6194725e-05
4169	1.620497e-05
4170	1.6223385e-05
4171	1.6262253e-05
4172	1.6288879e-05
4173	1.6364214e-05
4174	1.6432932e-05
4175	1.6479034e-05
4176	1.6434412e-05
4177	1.6368881e-05
4178	1.6377682e-05
4179	1.6440782e-05
4180	1.6448957e-05
4181	1.6433686e-05
4182	1.6402539e-05
4183	1.6362074e-05
4184	1.6365447e-05
4185	1.6387163e-05
4186	1.643499e-05
4187	1.642951e-05
4188	1.6398765e-05
4189	1.6385931e-05
4190	1.63886e-05
4191	1.6401395e-05
4192	1.6315939e-05
4193	1.6312452e-05
4194	1.6349374e-05
4195	1.6349503e-05
4196	1.6279492e-05
4197	1.6224654e-05
4198	1.6217285e-05
4199	1.6246448e-05
4200	1.6246778e-05
4201	1.6229949e-05
4202	1.6213433e-05
4203	1.6210064e-05
4204	1.6186726e-05
4205	1.6185851e-05
4206	1.6133617e-05
4207	1.6081414e-05
4208	1.6047151e-05
4209	1.6047809e-05
4210	1.6067905e-05
4211	1.6080503e-05
4212	1.6091669e-05
4213	1.6139787e-05
4214	1.6217949e-05
4215	1.6268961e-05
4216	1.6286975e-05
4217	1.622525e-05
4218	1.617364e-05
4219	1.618723e-05
4220	1.6254374e-05
4221	1.6234439e-05
4222	1.6232618e-05
4223	1.6175972e-05
4224	1.6135886e-05
4225	1.6164281e-05
4226	1.6197505e-05
4227	1.621832e-05
4228	1.6199263e-05
4229	1.6186234e-05
4230	1.6177223e-05
4231	1.6170816e-05
4232	1.6151693e-05
4233	1.6085707e-05
4234	1.610716e-05
4235	1.6125244e-05
4236	1.6113578e-05
4237	1.6044103e-05
4238	1.5989754e-05
4239	1.5996879e-05
4240	1.6018533e-05
4241	1.6021512e-05
4242	1.5995418e-05
4243	1.5959824e-05
4244	1.5969747e-05
4245	1.5943081e-05
4246	1.5935958e-05
4247	1.5858595e-05
4248	1.5802057e-05
4249	1.5795022e-05
4250	1.5792106e-05
4251	1.5785008e-05
4252	1.5797349e-05
4253	1.5812458e-05
4254	1.5872541e-05
4255	1.5930768e-05
4256	1.5978013e-05
4257	1.5967446e-05
4258	1.5894297e-05
4259	1.5845661e-05
4260	1.5867603e-05
4261	1.5934413e-05
4262	1.5879793e-05
4263	1.5867777e-05
4264	1.5810999e-05
4265	1.5783728e-05
4266	1.5792196e-05
4267	1.5816694e-05
4268	1.581856e-05
4269	1.580214e-05
4270	1.5775059e-05
4271	1.5749538e-05
4272	1.5751498e-05
4273	1.5701074e-05
4274	1.5644907e-05
4275	1.5657076e-05
4276	1.5672015e-05
4277	1.563313e-05
4278	1.5554612e-05
4279	1.5504704e-05
4280	1.5525926e-05
4281	1.5541652e-05
4282	1.5516984e-05
4283	1.548288e-05
4284	1.5462917e-05
4285	1.5470407e-05
4286	1.5423912e-05
4287	1.5396994e-05
4288	1.5324218e-05
4289	1.5278817e-05
4290	1.5266338e-05
4291	1.5260733e-05
4292	1.5257721e-05
4293	1.5266855e-05
4294	1.5281895e-05
4295	1.5357655e-05
4296	1.5416188e-05
4297	1.5456101e-05
4298	1.5403835e-05
4299	1.5335923e-05
4300	1.5322591e-05
4301	1.5356354e-05
4302	1.5384371e-05
4303	1.5343242e-05
4304	1.5329537e-05
4305	1.5276193e-05
4306	1.5249269e-05
4307	1.5263267e-05
4308	1.5300017e-05
4309	1.5287004e-05
4310	1.5259751e-05
4311	1.5246553e-05
4312	1.5230531e-05
4313	1.5224217e-05
4314	1.5136143e-05
4315	1.5125745e-05
4316	1.5143748e-05
4317	1.5134553e-05
4318	1.5062241e-05
4319	1.4994635e-05
4320	1.4979785e-05
4321	1.4988201e-05
4322	1.498092e-05
4323	1.4959706e-05
4324	1.4920932e-05
4325	1.4903002e-05
4326	1.4891105e-05
4327	1.4863147e-05
4328	1.4819898e-05
4329	1.4726172e-05
4330	1.4694789e-05
4331	1.4693217e-05
4332	1.4691365e-05
4333	1.4674618e-05
4334	1.4671231e-05
4335	1.4724704e-05
4336	1.4789248e-05
4337	1.4828527e-05
4338	1.4844821e-05
4339	1.4787844e-05
4340	1.4736169e-05
4341	1.4720517e-05
4342	1.4763202e-05
4343	1.4761532e-05
4344	1.4730719e-05
4345	1.4689681e-05
4346	1.4646818e-05
4347	1.463949e-05
4348	1.4645294e-05
4349	1.4655706e-05
4350	1.4655351e-05
4351	1.4637582e-05
4352	1.4614094e-05
4353	1.4583689e-05
4354	1.4575128e-05
4355	1.4505342e-05
4356	1.4501211e-05
4357	1.4504181e-05
4358	1.4492083e-05
4359	1.4416358e-05
4360	1.4349191e-05
4361	1.434202e-05
4362	1.4365501e-05
4363	1.4361707e-05
4364	1.4325161e-05
4365	1.4288979e-05
4366	1.4298675e-05
4367	1.4285962e-05
4368	1.4261061e-05
4369	1.4186452e-05
4370	1.4119593e-05
4371	1.4112127e-05
4372	1.409968e-05
4373	1.4088721e-05
4374	1.4094399e-05
4375	1.4099897e-05
4376	1.4166627e-05
4377	1.4228099e-05
4378	1.4279929e-05
4379	1.4285903e-05
4380	1.4205654e-05
4381	1.4176071e-05
4382	1.4190934e-05
4383	1.4246377e-05
4384	1.4207089e-05
4385	1.4183636e-05
4386	1.4152958e-05
4387	1.4120818e-05
4388	1.4113208e-05
4389	1.4127405e-05
4390	1.4132421e-05
4391	1.414041e-05
4392	1.4113076e-05
4393	1.4089557e-05
4394	1.4075623e-05
4395	1.404072e-05
4396	1.3993233e-05
4397	1.3999296e-05
4398	1.4015164e-05
4399	1.3978788e-05
4400	1.3882819e-05
4401	1.3847596e-05
4402	1.3859289e-05
4403	1.3873397e-05
4404	1.384579e-05
4405	1.3814007e-05
4406	1.3800916e-05
4407	1.3816937e-05
4408	1.3774791e-05
4409	1.376373e-05
4410	1.3672752e-05
4411	1.3631923e-05
4412	1.3624439e-05
4413	1.3620256e-05
4414	1.3618129e-05
4415	1.3609724e-05
4416	1.3634836e-05
4417	1.3711451e-05
4418	1.3773048e-05
4419	1.3806337e-05
4420	1.3791771e-05
4421	1.3735016e-05
4422	1.3714411e-05
4423	1.3733145e-05
4424	1.378549e-05
4425	1.3739359e-05
4426	1.3740103e-05
4427	1.3694084e-05
4428	1.3661866e-05
4429	1.3669647e-05
4430	1.3690051e-05
4431	1.368979e-05
4432	1.3699556e-05
4433	1.368863e-05
4434	1.3662432e-05
4435	1.364097e-05
4436	1.3596838e-05
4437	1.3584898e-05
4438	1.3600713e-05
4439	1.3602945e-05
4440	1.3556058e-05
4441	1.3479686e-05
4442	1.3467889e-05
4443	1.3481839e-05
4444	1.3493597e-05
4445	1.3479177e-05
4446	1.3445753e-05
4447	1.344762e-05
4448	1.3472844e-05
4449	1.3431578e-05
4450	1.3412761e-05
4451	1.3311298e-05
4452	1.3308172e-05
4453	1.3314629e-05
4454	1.3307674e-05
4455	1.3293551e-05
4456	1.3295318e-05
4457	1.336624e-05
4458	1.3441464e-05
4459	1.3497246e-05
4460	1.3530772e-05
4461	1.350033e-05
4462	1.346927e-05
4463	1.3451776e-05
4464	1.3485969e-05
4465	1.3528548e-05
4466	1.3478014e-05
4467	1.3484947e-05
4468	1.3457236e-05
4469	1.3435139e-05
4470	1.3442086e-05
4471	1.3451087e-05
4472	1.3477252e-05
4473	1.3487956e-05
4474	1.3466573e-05
4475	1.3440917e-05
4476	1.3427632e-05
4477	1.3400315e-05
4478	1.33913e-05
4479	1.340161e-05
4480	1.3397777e-05
4481	1.3337868e-05
4482	1.3284923e-05
4483	1.3278582e-05
4484	1.330704e-05
4485	1.3308772e-05
4486	1.3285344e-05
4487	1.3261881e-05
4488	1.3281606e-05
4489	1.3292814e-05
4490	1.3254606e-05
4491	1.3209796e-05
4492	1.3148275e-05
4493	1.3153349e-05
4494	1.3152798e-05
4495	1.3147012e-05
4496	1.3136888e-05
4497	1.316065e-05
4498	1.3236269e-05
4499	1.3306322e-05
4500	1.3361706e-05
4501	1.3386777e-05
4502	1.3336515e-05
4503	1.3325789e-05
4504	1.3328702e-05
4505	1.3370224e-05
4506	1.3379721e-05
4507	1.3348983e-05
4508	1.3363316e-05
4509	1.3329621e-05
4510	1.3310881e-05
4511	1.3315263e-05
4512	1.3339362e-05
4513	1.3379326e-05
4514	1.3372101e-05
4515	1.3358408e-05
4516	1.3338677e-05
4517	1.3329921e-05
4518	1.3307307e-05
4519	1.3313396e-05
4520	1.3332076e-05
4521	1.3308691e-05
4522	1.3231137e-05
4523	1.3214533e-05
4524	1.3224441e-05
4525	1.3245239e-05
4526	1.3231799e-05
4527	1.3208399e-05
4528	1.3211069e-05
4529	1.3232157e-05
4530	1.3218119e-05
4531	1.3204028e-05
4532	1.313124e-05
4533	1.3096496e-05
4534	1.3102046e-05
4535	1.3099273e-05
4536	1.3097793e-05
4537	1.3079505e-05
4538	1.3134188e-05
4539	1.3216326e-05
4540	1.3286979e-05
4541	1.3321801e-05
4542	1.3328826e-05
4543	1.3301208e-05
4544	1.3289175e-05
4545	1.3293655e-05
4546	1.333417e-05
4547	1.331959e-05
4548	1.3315238e-05
4549	1.3305589e-05
4550	1.3268424e-05
4551	1.3263406e-05
4552	1.3257238e-05
4553	1.3282781e-05
4554	1.3319008e-05
4555	1.3304209e-05
4556	1.3277804e-05
4557	1.3241926e-05
4558	1.3246943e-05
4559	1.3222922e-05
4560	1.3225572e-05
4561	1.3223656e-05
4562	1.3185371e-05
4563	1.3111029e-05
4564	1.3097838e-05
4565	1.3103724e-05
4566	1.3112653e-05
4567	1.3096507e-05
4568	1.306807e-05
4569	1.3070953e-05
4570	1.3091224e-05
4571	1.3062873e-05
4572	1.3038649e-05
4573	1.2944281e-05
4574	1.2931817e-05
4575	1.2932408e-05
4576	1.2915249e-05
4577	1.2891193e-05
4578	1.2884273e-05
4579	1.2950746e-05
4580	1.3017898e-05
4581	1.3067908e-05
4582	1.3091783e-05
4583	1.3089714e-05
4584	1.305852e-05
4585	1.3032341e-05
4586	1.3042569e-05
4587	1.3094492e-05
4588	1.3038304e-05
4589	1.3049968e-05
4590	1.3024473e-05
4591	1.2983307e-05
4592	1.2972195e-05
4593	1.2958617e-05
4594	1.3002162e-05
4595	1.3026909e-05
4596	1.2996701e-05
4597	1.2956774e-05
4598	1.2916071e-05
4599	1.2927671e-05
4600	1.2899677e-05
4601	1.2897742e-05
4602	1.2887233e-05
4603	1.2834067e-05
4604	1.2779994e-05
4605	1.2759601e-05
4606	1.2769912e-05
4607	1.2765692e-05
4608	1.2730996e-05
4609	1.2709564e-05
4610	1.2724105e-05
4611	1.274296e-05
4612	1.26841e-05
4613	1.2632584e-05
4614	1.2561743e-05
4615	1.2563519e-05
4616	1.2551253e-05
4617	1.2526761e-05
4618	1.2497657e-05
4619	1.2524558e-05
4620	1.2587246e-05
4621	1.264727e-05
4622	1.2689392e-05
4623	1.2708073e-05
4624	1.2687158e-05
4625	1.2664812e-05
4626	1.2643617e-05
4627	1.2647633e-05
4628	1.2679174e-05
4629	1.2623435e-05
4630	1.2660186e-05
4631	1.2615379e-05
4632	1.2565907e-05
4633	1.2544977e-05
4634	1.2562091e-05
4635	1.2603924e-05
4636	1.2599147e-05
4637	1.2564254e-05
4638	1.2518709e-05
4639	1.2501829e-05
4640	1.2486258e-05
4641	1.2461248e-05
4642	1.2458275e-05
4643	1.2429461e-05
4644	1.2355263e-05
4645	1.2323532e-05
4646	1.2311604e-05
4647	1.2310848e-05
4648	1.2290559e-05
4649	1.2260547e-05
4650	1.2254604e-05
4651	1.2260295e-05
4652	1.2251677e-05
4653	1.2191551e-05
4654	1.213519e-05
4655	1.2081108e-05
4656	1.2070496e-05
4657	1.2056167e-05
4658	1.2030602e-05
4659	1.1983439e-05
4660	1.2031619e-05
4661	1.2099863e-05
4662	1.215687e-05
4663	1.2177246e-05
4664	1.2177911e-05
4665	1.2166574e-05
4666	1.2145648e-05
4667	1.2116406e-05
4668	1.2126945e-05
4669	1.2134147e-05
4670	1.2110585e-05
4671	1.2122005e-05
4672	1.2065731e-05
4673	1.2031943e-05
4674	1.2002763e-05
4675	1.2037945e-05
4676	1.2075051e-05
4677	1.2063881e-05
4678	1.2027137e-05
4679	1.1964675e-05
4680	1.1986244e-05
4681	1.1965129e-05
4682	1.1945626e-05
4683	1.1921188e-05
4684	1.1882735e-05
4685	1.1835464e-05
4686	1.1811222e-05
4687	1.1790802e-05
4688	1.1789637e-05
4689	1.177294e-05
4690	1.1751639e-05
4691	1.1744739e-05
4692	1.1749897e-05
4693	1.1734518e-05
4694	1.1672614e-05
4695	1.1607985e-05
4696	1.1579085e-05
4697	1.1577341e-05
4698	1.1550231e-05
4699	1.1506576e-05
4700	1.1507546e-05
4701	1.1570337e-05
4702	1.1624688e-05
4703	1.1662795e-05
4704	1.1687362e-05
4705	1.1702912e-05
4706	1.1684043e-05
4707	1.1654857e-05
4708	1.1640551e-05
4709	1.1675142e-05
4710	1.1659509e-05
4711	1.1656346e-05
4712	1.1658126e-05
4713	1.160827e-05
4714	1.1568326e-05
4715	1.1548239e-05
4716	1.1609809e-05
4717	1.1650098e-05
4718	1.161115e-05
4719	1.156304e-05
4720	1.1527529e-05
4721	1.1568895e-05
4722	1.1523627e-05
4723	1.150345e-05
4724	1.1492233e-05
4725	1.1447224e-05
4726	1.1398604e-05
4727	1.1374854e-05
4728	1.1369301e-05
4729	1.1366444e-05
4730	1.1330031e-05
4731	1.1321027e-05
4732	1.1334319e-05
4733	1.1339032e-05
4734	1.1286286e-05
4735	1.1235357e-05
4736	1.1184026e-05
4737	1.1166932e-05
4738	1.1144635e-05
4739	1.1111832e-05
4740	1.1077077e-05
4741	1.1110148e-05
4742	1.1160535e-05
4743	1.1220327e-05
4744	1.1259848e-05
4745	1.1268268e-05
4746	1.1292303e-05
4747	1.1270825e-05
4748	1.124555e-05
4749	1.1231363e-05
4750	1.1260487e-05
4751	1.1239335e-05
4752	1.1270578e-05
4753	1.1238486e-05
4754	1.117968e-05
4755	1.1144804e-05
4756	1.116922e-05
4757	1.1222368e-05
4758	1.1234247e-05
4759	1.1203614e-05
4760	1.1152297e-05
4761	1.1144314e-05
4762	1.1161588e-05
4763	1.1133004e-05
4764	1.1120885e-05
4765	1.1092962e-05
4766	1.1064109e-05
4767	1.1031246e-05
4768	1.1018989e-05
4769	1.100634e-05
4770	1.0997622e-05
4771	1.0991166e-05
4772	1.0999713e-05
4773	1.1002851e-05
4774	1.1008024e-05
4775	1.094292e-05
4776	1.0916295e-05
4777	1.0864196e-05
4778	1.0856151e-05
4779	1.0848984e-05
4780	1.0813971e-05
4781	1.0791218e-05
4782	1.0840071e-05
4783	1.0905797e-05
4784	1.0960911e-05
4785	1.098539e-05
4786	1.1008101e-05
4787	1.1043582e-05
4788	1.102227e-05
4789	1.0979077e-05
4790	1.0981053e-05
4791	1.1035905e-05
4792	1.1014073e-05
4793	1.1044802e-05
4794	1.1005604e-05
4795	1.0959528e-05
4796	1.0935931e-05
4797	1.098205e-05
4798	1.1040585e-05
4799	1.1053749e-05
4800	1.1014426e-05
4801	1.0957316e-05
4802	1.0994321e-05
4803	1.1005146e-05
4804	1.0974677e-05
4805	1.0958267e-05
4806	1.094395e-05
4807	1.094201e-05
4808	1.0912226e-05
4809	1.0891636e-05
4810	1.0895797e-05
4811	1.0893828e-05
4812	1.0891991e-05
4813	1.0896554e-05
4814	1.0913272e-05
4815	1.0918079e-05
4816	1.0830197e-05
4817	1.0815499e-05
4818	1.0786918e-05
4819	1.0787151e-05
4820	1.0763047e-05
4821	1.071488e-05
4822	1.0740224e-05
4823	1.0798945e-05
4824	1.0853719e-05
4825	1.0893123e-05
4826	1.0925759e-05
4827	1.0982251e-05
4828	1.0973625e-05
4829	1.095147e-05
4830	1.0925082e-05
4831	1.093693e-05
4832	1.0968298e-05
4833	1.0962717e-05
4834	1.0999717e-05
4835	1.0947607e-05
4836	1.087807e-05
4837	1.0883329e-05
4838	1.0961144e-05
4839	1.100342e-05
4840	1.0981529e-05
4841	1.0933128e-05
4842	1.092547e-05
4843	1.0965602e-05
4844	1.0933282e-05
4845	1.0908408e-05
4846	1.0900306e-05
4847	1.0891301e-05
4848	1.0864199e-05
4849	1.0847566e-05
4850	1.0836388e-05
4851	1.083593e-05
4852	1.0824955e-05
4853	1.0841611e-05
4854	1.0857726e-05
4855	1.0858964e-05
4856	1.0824162e-05
4857	1.0779658e-05
4858	1.0774458e-05
4859	1.0740712e-05
4860	1.0726573e-05
4861	1.0706131e-05
4862	1.0688487e-05
4863	1.0716434e-05
4864	1.0769878e-05
4865	1.0832905e-05
4866	1.0877741e-05
4867	1.0899514e-05
4868	1.0954402e-05
4869	1.0953481e-05
4870	1.092905e-05
4871	1.0898309e-05
4872	1.0922632e-05
4873	1.0959156e-05
4874	1.0970802e-05
4875	1.0964074e-05
4876	1.0900926e-05
4877	1.0861561e-05
4878	1.089018e-05
4879	1.0950028e-05
4880	1.0983363e-05
4881	1.0956684e-05
4882	1.0898753e-05
4883	1.0904009e-05
4884	1.0948446e-05
4885	1.0913833e-05
4886	1.0880146e-05
4887	1.0849923e-05
4888	1.0859445e-05
4889	1.0835403e-05
4890	1.0816149e-05
4891	1.0786059e-05
4892	1.0785841e-05
4893	1.0800248e-05
4894	1.0812072e-05
4895	1.0811204e-05
4896	1.0815697e-05
4897	1.0767581e-05
4898	1.0753112e-05
4899	1.071829e-05
4900	1.0702471e-05
4901	1.0696259e-05
4902	1.0645794e-05
4903	1.0650845e-05
4904	1.0697833e-05
4905	1.0757624e-05
4906	1.0798844e-05
4907	1.0820536e-05
4908	1.0877602e-05
4909	1.0929418e-05
4910	1.090233e-05
4911	1.0851365e-05
4912	1.083842e-05
4913	1.0893327e-05
4914	1.0892819e-05
4915	1.0903564e-05
4916	1.0879017e-05
4917	1.0804435e-05
4918	1.077612e-05
4919	1.0812018e-05
4920	1.0871279e-05
4921	1.088368e-05
4922	1.0818876e-05
4923	1.0779826e-05
4924	1.0799829e-05
4925	1.0818007e-05
4926	1.0756243e-05
4927	1.0720969e-05
4928	1.0714764e-05
4929	1.0714361e-05
4930	1.0663176e-05
4931	1.0627889e-05
4932	1.0615962e-05
4933	1.0610544e-05
4934	1.0609404e-05
4935	1.0610117e-05
4936	1.0610098e-05
4937	1.0597138e-05
4938	1.0516595e-05
4939	1.0522404e-05
4940	1.0474923e-05
4941	1.0450284e-05
4942	1.0413765e-05
4943	1.0367478e-05
4944	1.0392693e-05
4945	1.0425252e-05
4946	1.0461581e-05
4947	1.0500207e-05
4948	1.0528531e-05
4949	1.05835e-05
4950	1.0605307e-05
4951	1.0570834e-05
4952	1.0519081e-05
4953	1.0504702e-05
4954	1.0567164e-05
4955	1.0553026e-05
4956	1.0576111e-05
4957	1.0516407e-05
4958	1.0426794e-05
4959	1.0437935e-05
4960	1.0489474e-05
4961	1.0522581e-05
4962	1.0511021e-05
4963	1.0446288e-05
4964	1.0442157e-05
4965	1.0451379e-05
4966	1.0438155e-05
4967	1.0384104e-05
4968	1.0352044e-05
4969	1.0357249e-05
4970	1.0341292e-05
4971	1.0302918e-05
4972	1.0262902e-05
4973	1.0240044e-05
4974	1.0243786e-05
4975	1.0257863e-05
4976	1.0250885e-05
4977	1.0236495e-05
4978	1.0203209e-05
4979	1.0145786e-05
4980	1.0150061e-05
4981	1.0084353e-05
4982	1.0063638e-05
4983	1.0020493e-05
4984	1.0008431e-05
4985	1.0014919e-05
4986	1.005016e-05
4987	1.009115e-05
4988	1.0116773e-05
4989	1.0152672e-05
4990	1.0215521e-05
4991	1.0215341e-05
4992	1.016527e-05
4993	1.0110004e-05
4994	1.0119569e-05
4995	1.0191258e-05
4996	1.0163683e-05
4997	1.0175671e-05
4998	1.0094009e-05
4999	1.0041763e-05
5000	1.0066768e-05
