1	0.0024133573
2	0.0019687661
3	0.00026996344
4	0.00018413801
5	0.00031899758
6	0.00011522344
7	8.3911679e-05
8	5.0922782e-05
9	2.0119504e-05
10	1.9533234e-05
11	1.4118893e-05
12	9.2186694e-06
13	7.7583554e-06
14	6.7850016e-06
15	6.0407893e-06
16	5.9187819e-06
17	5.8940305e-06
18	6.0098921e-06
19	6.1898635e-06
20	6.3540492e-06
21	6.4664907e-06
22	6.4755639e-06
23	6.2442352e-06
24	6.0562162e-06
25	6.0527593e-06
26	6.1455096e-06
27	6.2098155e-06
28	6.2253934e-06
29	6.1497538e-06
30	6.0263391e-06
31	5.9564435e-06
32	5.9401498e-06
33	5.936536e-06
34	5.9136808e-06
35	5.8409142e-06
36	5.761414e-06
37	5.7116211e-06
38	5.6841708e-06
39	5.6549037e-06
40	5.6031711e-06
41	5.5471341e-06
42	5.5031282e-06
43	5.4692443e-06
44	5.4370578e-06
45	5.3975084e-06
46	5.3571635e-06
47	5.3220026e-06
48	5.2926648e-06
49	5.2638285e-06
50	5.2322293e-06
51	5.2017628e-06
52	5.1753925e-06
53	5.1515342e-06
54	5.1266577e-06
55	5.1020653e-06
56	5.0802364e-06
57	5.0609096e-06
58	5.0415517e-06
59	5.0232195e-06
60	5.0066599e-06
61	4.9923129e-06
62	4.9787015e-06
63	4.9659639e-06
64	4.9555709e-06
65	4.9465172e-06
66	4.9386882e-06
67	4.9318395e-06
68	4.9264581e-06
69	4.9224188e-06
70	4.9183811e-06
71	4.914942e-06
72	4.9124599e-06
73	4.9106872e-06
74	4.9086631e-06
75	4.9087888e-06
76	4.9097298e-06
77	4.9101468e-06
78	4.9099597e-06
79	4.9096932e-06
80	4.9095521e-06
81	4.9106836e-06
82	4.9117889e-06
83	4.9144e-06
84	4.9172124e-06
85	4.9196932e-06
86	4.9222346e-06
87	4.9253712e-06
88	4.9281707e-06
89	4.9317041e-06
90	4.9356114e-06
91	4.9396847e-06
92	4.9446062e-06
93	4.9503343e-06
94	4.9561446e-06
95	4.9622623e-06
96	4.9688221e-06
97	4.975115e-06
98	4.9803448e-06
99	4.9853329e-06
100	4.9902351e-06
101	4.9947737e-06
102	4.9994138e-06
103	5.0037514e-06
104	5.0075368e-06
105	5.0107518e-06
106	5.0141131e-06
107	5.0164058e-06
108	5.0185375e-06
109	5.0197536e-06
110	5.0200275e-06
111	5.0204179e-06
112	5.0202608e-06
113	5.0195276e-06
114	5.0184388e-06
115	5.0168379e-06
116	5.0149475e-06
117	5.0123883e-06
118	5.0096768e-06
119	5.0071381e-06
120	5.0039731e-06
121	4.9998237e-06
122	4.9950763e-06
123	4.9902925e-06
124	4.9844501e-06
125	4.978061e-06
126	4.9714085e-06
127	4.9637729e-06
128	4.9554368e-06
129	4.9466563e-06
130	4.9375071e-06
131	4.9279942e-06
132	4.918425e-06
133	4.9086392e-06
134	4.8983167e-06
135	4.8878005e-06
136	4.8771146e-06
137	4.8663522e-06
138	4.8555109e-06
139	4.8443998e-06
140	4.8327318e-06
141	4.8203027e-06
142	4.807354e-06
143	4.793887e-06
144	4.7798942e-06
145	4.7653077e-06
146	4.7500194e-06
147	4.732258e-06
148	4.7151453e-06
149	4.6983523e-06
150	4.6825458e-06
151	4.6671297e-06
152	4.65197e-06
153	4.6372538e-06
154	4.6232244e-06
155	4.6101147e-06
156	4.5982494e-06
157	4.5867677e-06
158	4.5746908e-06
159	4.562604e-06
160	4.5514123e-06
161	4.541084e-06
162	4.5300427e-06
163	4.5190701e-06
164	4.5072274e-06
165	4.4957837e-06
166	4.4855099e-06
167	4.4750611e-06
168	4.4644029e-06
169	4.4538719e-06
170	4.4433864e-06
171	4.4332372e-06
172	4.4232627e-06
173	4.4135671e-06
174	4.4038091e-06
175	4.3941507e-06
176	4.3846689e-06
177	4.3756581e-06
178	4.3660037e-06
179	4.3558864e-06
180	4.3463735e-06
181	4.3368821e-06
182	4.3271965e-06
183	4.3174353e-06
184	4.3072421e-06
185	4.2970598e-06
186	4.286383e-06
187	4.274685e-06
188	4.2625228e-06
189	4.2503666e-06
190	4.2380879e-06
191	4.2251438e-06
192	4.2117741e-06
193	4.1985534e-06
194	4.1852726e-06
195	4.1717295e-06
196	4.1583523e-06
197	4.1452099e-06
198	4.1319211e-06
199	4.1179221e-06
200	4.1034475e-06
201	4.0888335e-06
202	4.0747069e-06
203	4.0608858e-06
204	4.0462532e-06
205	4.032046e-06
206	4.0179885e-06
207	4.003821e-06
208	3.9895664e-06
209	3.9752985e-06
210	3.9620663e-06
211	3.9487866e-06
212	3.9351337e-06
213	3.9218164e-06
214	3.9086964e-06
215	3.8957751e-06
216	3.8828938e-06
217	3.8704033e-06
218	3.8581165e-06
219	3.8456594e-06
220	3.8335915e-06
221	3.8217666e-06
222	3.8104723e-06
223	3.7996291e-06
224	3.7891074e-06
225	3.7789758e-06
226	3.769026e-06
227	3.7591449e-06
228	3.7492155e-06
229	3.7394733e-06
230	3.7302393e-06
231	3.7212517e-06
232	3.7126459e-06
233	3.704201e-06
234	3.6961304e-06
235	3.6884495e-06
236	3.6809063e-06
237	3.6738011e-06
238	3.6668346e-06
239	3.6602607e-06
240	3.6538823e-06
241	3.6475666e-06
242	3.641377e-06
243	3.6356527e-06
244	3.6302221e-06
245	3.624769e-06
246	3.6195586e-06
247	3.61518e-06
248	3.6110791e-06
249	3.6069239e-06
250	3.602716e-06
251	3.5990534e-06
252	3.5957038e-06
253	3.5923155e-06
254	3.5890914e-06
255	3.5860637e-06
256	3.5834875e-06
257	3.5811449e-06
258	3.5790309e-06
259	3.5775341e-06
260	3.5764074e-06
261	3.5750663e-06
262	3.573749e-06
263	3.5728491e-06
264	3.5725743e-06
265	3.5720424e-06
266	3.5716751e-06
267	3.5714897e-06
268	3.5713591e-06
269	3.571683e-06
270	3.5724368e-06
271	3.5735306e-06
272	3.574505e-06
273	3.5757406e-06
274	3.5771835e-06
275	3.5785115e-06
276	3.5801055e-06
277	3.5820293e-06
278	3.5838816e-06
279	3.5855695e-06
280	3.5873051e-06
281	3.589485e-06
282	3.5921597e-06
283	3.5952021e-06
284	3.5980993e-06
285	3.6007145e-06
286	3.6036602e-06
287	3.6064635e-06
288	3.6095474e-06
289	3.6126539e-06
290	3.6159712e-06
291	3.6193049e-06
292	3.6225004e-06
293	3.6258048e-06
294	3.6297645e-06
295	3.6335612e-06
296	3.6371294e-06
297	3.6406109e-06
298	3.6445419e-06
299	3.6482095e-06
300	3.6522326e-06
301	3.6561053e-06
302	3.6600204e-06
303	3.6637775e-06
304	3.6677294e-06
305	3.6719072e-06
306	3.6765042e-06
307	3.6810687e-06
308	3.6853198e-06
309	3.6892811e-06
310	3.6934142e-06
311	3.697605e-06
312	3.7018623e-06
313	3.7056077e-06
314	3.7093277e-06
315	3.7132762e-06
316	3.7171745e-06
317	3.7211733e-06
318	3.7251906e-06
319	3.7290499e-06
320	3.7326827e-06
321	3.7363189e-06
322	3.7399296e-06
323	3.7433866e-06
324	3.7467593e-06
325	3.7499448e-06
326	3.7530779e-06
327	3.7562566e-06
328	3.7590703e-06
329	3.7618391e-06
330	3.7643143e-06
331	3.7668008e-06
332	3.769266e-06
333	3.7712886e-06
334	3.7730146e-06
335	3.7746627e-06
336	3.7761177e-06
337	3.7773002e-06
338	3.7780205e-06
339	3.7788328e-06
340	3.7796211e-06
341	3.7800222e-06
342	3.7803248e-06
343	3.7804523e-06
344	3.7801532e-06
345	3.7799246e-06
346	3.7793634e-06
347	3.7787332e-06
348	3.777704e-06
349	3.7764636e-06
350	3.7749644e-06
351	3.7733919e-06
352	3.7712576e-06
353	3.7687298e-06
354	3.766388e-06
355	3.7640704e-06
356	3.7614472e-06
357	3.7585331e-06
358	3.7555499e-06
359	3.7527291e-06
360	3.749503e-06
361	3.7462336e-06
362	3.7426699e-06
363	3.7392e-06
364	3.7356266e-06
365	3.7317768e-06
366	3.7279086e-06
367	3.7239325e-06
368	3.7198308e-06
369	3.7154671e-06
370	3.7108443e-06
371	3.7062365e-06
372	3.7013377e-06
373	3.6964999e-06
374	3.6918729e-06
375	3.6869604e-06
376	3.681882e-06
377	3.6769062e-06
378	3.6717673e-06
379	3.6665258e-06
380	3.6613532e-06
381	3.6562544e-06
382	3.6510754e-06
383	3.6455577e-06
384	3.6401203e-06
385	3.6345539e-06
386	3.6290108e-06
387	3.6234456e-06
388	3.6178751e-06
389	3.6120079e-06
390	3.6061106e-06
391	3.6001621e-06
392	3.594228e-06
393	3.5882835e-06
394	3.5821422e-06
395	3.5761938e-06
396	3.5700233e-06
397	3.5635673e-06
398	3.5571053e-06
399	3.5507911e-06
400	3.5445439e-06
401	3.5380681e-06
402	3.5312265e-06
403	3.5243817e-06
404	3.5178429e-06
405	3.5111487e-06
406	3.5043321e-06
407	3.4972969e-06
408	3.4900326e-06
409	3.4830489e-06
410	3.4763304e-06
411	3.4694007e-06
412	3.4623477e-06
413	3.4549209e-06
414	3.4476373e-06
415	3.4403182e-06
416	3.4330442e-06
417	3.4256444e-06
418	3.4182484e-06
419	3.4109773e-06
420	3.4039828e-06
421	3.3970592e-06
422	3.3902015e-06
423	3.3832818e-06
424	3.3762599e-06
425	3.3693994e-06
426	3.3625794e-06
427	3.3557945e-06
428	3.3487877e-06
429	3.3417682e-06
430	3.3349414e-06
431	3.3283001e-06
432	3.3217678e-06
433	3.3150574e-06
434	3.30831e-06
435	3.3017494e-06
436	3.2952208e-06
437	3.2887699e-06
438	3.2823229e-06
439	3.2759255e-06
440	3.269562e-06
441	3.2631033e-06
442	3.2567798e-06
443	3.2506427e-06
444	3.2445574e-06
445	3.2385599e-06
446	3.2326168e-06
447	3.2267911e-06
448	3.2209351e-06
449	3.2151401e-06
450	3.209398e-06
451	3.2038025e-06
452	3.1983381e-06
453	3.1930323e-06
454	3.1877876e-06
455	3.1824738e-06
456	3.1772515e-06
457	3.1721076e-06
458	3.1670508e-06
459	3.1621411e-06
460	3.1572816e-06
461	3.1524384e-06
462	3.1476742e-06
463	3.1430798e-06
464	3.1385306e-06
465	3.134141e-06
466	3.129837e-06
467	3.1255182e-06
468	3.1213046e-06
469	3.1170987e-06
470	3.1128499e-06
471	3.1086431e-06
472	3.1046233e-06
473	3.1005715e-06
474	3.0965696e-06
475	3.0925727e-06
476	3.0885922e-06
477	3.0846309e-06
478	3.0807926e-06
479	3.0768614e-06
480	3.0729374e-06
481	3.0689429e-06
482	3.0651012e-06
483	3.0613556e-06
484	3.057637e-06
485	3.0539113e-06
486	3.0500806e-06
487	3.0461523e-06
488	3.0424524e-06
489	3.0386972e-06
490	3.0348676e-06
491	3.0309275e-06
492	3.0269181e-06
493	3.0230847e-06
494	3.0192814e-06
495	3.0154309e-06
496	3.0115574e-06
497	3.0076461e-06
498	3.0036695e-06
499	2.9996761e-06
500	2.9956866e-06
501	2.9915236e-06
502	2.9873475e-06
503	2.9832694e-06
504	2.9790161e-06
505	2.9746477e-06
506	2.9701688e-06
507	2.9657232e-06
508	2.9611929e-06
509	2.9564956e-06
510	2.9517042e-06
511	2.9468346e-06
512	2.9420411e-06
513	2.9372143e-06
514	2.9322201e-06
515	2.9270717e-06
516	2.9220251e-06
517	2.916812e-06
518	2.9114742e-06
519	2.9060162e-06
520	2.9004582e-06
521	2.8949199e-06
522	2.8893268e-06
523	2.8836793e-06
524	2.8779155e-06
525	2.8722248e-06
526	2.8665324e-06
527	2.8606587e-06
528	2.8547035e-06
529	2.8487452e-06
530	2.8429129e-06
531	2.837026e-06
532	2.831093e-06
533	2.8250267e-06
534	2.8191527e-06
535	2.8131605e-06
536	2.8070106e-06
537	2.8008653e-06
538	2.7948288e-06
539	2.7887e-06
540	2.7824534e-06
541	2.7760525e-06
542	2.7696657e-06
543	2.7634767e-06
544	2.7571879e-06
545	2.7507372e-06
546	2.7443354e-06
547	2.7380241e-06
548	2.7315117e-06
549	2.7249414e-06
550	2.7184089e-06
551	2.7120564e-06
552	2.7054211e-06
553	2.6987512e-06
554	2.6919913e-06
555	2.6853293e-06
556	2.6788866e-06
557	2.6722945e-06
558	2.6655944e-06
559	2.6589795e-06
560	2.6525244e-06
561	2.6458993e-06
562	2.639187e-06
563	2.6325067e-06
564	2.6260474e-06
565	2.6193812e-06
566	2.6126259e-06
567	2.6059527e-06
568	2.5994653e-06
569	2.5928182e-06
570	2.5860693e-06
571	2.5792044e-06
572	2.5724617e-06
573	2.5659239e-06
574	2.5592726e-06
575	2.5525447e-06
576	2.5458399e-06
577	2.5393648e-06
578	2.5327232e-06
579	2.5258852e-06
580	2.519193e-06
581	2.5126921e-06
582	2.5060802e-06
583	2.4992944e-06
584	2.4923652e-06
585	2.4855788e-06
586	2.4790478e-06
587	2.472373e-06
588	2.4655801e-06
589	2.4588355e-06
590	2.452333e-06
591	2.4456786e-06
592	2.4388816e-06
593	2.4323024e-06
594	2.4259712e-06
595	2.4193928e-06
596	2.412708e-06
597	2.4059221e-06
598	2.399409e-06
599	2.3933081e-06
600	2.3870542e-06
601	2.3806375e-06
602	2.3743314e-06
603	2.368312e-06
604	2.3620796e-06
605	2.3557514e-06
606	2.3492826e-06
607	2.3430604e-06
608	2.3373203e-06
609	2.3312436e-06
610	2.3249593e-06
611	2.3188927e-06
612	2.3131891e-06
613	2.3072081e-06
614	2.3010364e-06
615	2.2947881e-06
616	2.2887662e-06
617	2.283218e-06
618	2.2773615e-06
619	2.2713209e-06
620	2.2655388e-06
621	2.2600504e-06
622	2.2542653e-06
623	2.2483614e-06
624	2.2423651e-06
625	2.2366061e-06
626	2.2313814e-06
627	2.2258813e-06
628	2.2201621e-06
629	2.2146197e-06
630	2.2094677e-06
631	2.2040047e-06
632	2.1982876e-06
633	2.192492e-06
634	2.1870361e-06
635	2.1822894e-06
636	2.1771691e-06
637	2.171733e-06
638	2.1665719e-06
639	2.1617661e-06
640	2.1565097e-06
641	2.1510802e-06
642	2.1455655e-06
643	2.14033e-06
644	2.1356611e-06
645	2.1306564e-06
646	2.1254103e-06
647	2.1202991e-06
648	2.115821e-06
649	2.1107776e-06
650	2.1054923e-06
651	2.1001539e-06
652	2.0951545e-06
653	2.0907864e-06
654	2.0859396e-06
655	2.0807774e-06
656	2.075951e-06
657	2.0716169e-06
658	2.0666542e-06
659	2.0614824e-06
660	2.0558227e-06
661	2.0506555e-06
662	2.0462913e-06
663	2.0414379e-06
664	2.0363517e-06
665	2.0315155e-06
666	2.0272944e-06
667	2.0223997e-06
668	2.0173033e-06
669	2.0120652e-06
670	2.0072235e-06
671	2.0032167e-06
672	1.9985194e-06
673	1.9935066e-06
674	1.9888571e-06
675	1.9848108e-06
676	1.9801229e-06
677	1.9750843e-06
678	1.9699129e-06
679	1.9651617e-06
680	1.9612333e-06
681	1.9566628e-06
682	1.9517519e-06
683	1.9472845e-06
684	1.943502e-06
685	1.9391138e-06
686	1.9342094e-06
687	1.9291485e-06
688	1.9246956e-06
689	1.9210682e-06
690	1.9167701e-06
691	1.9120662e-06
692	1.9078214e-06
693	1.9040936e-06
694	1.8996645e-06
695	1.8949601e-06
696	1.8900381e-06
697	1.8857664e-06
698	1.8823674e-06
699	1.8782325e-06
700	1.8736646e-06
701	1.868831e-06
702	1.8647519e-06
703	1.861447e-06
704	1.8574886e-06
705	1.8529296e-06
706	1.848913e-06
707	1.8456065e-06
708	1.8415446e-06
709	1.8370511e-06
710	1.8323602e-06
711	1.8284959e-06
712	1.8254217e-06
713	1.821728e-06
714	1.8173637e-06
715	1.8136622e-06
716	1.8106868e-06
717	1.8068742e-06
718	1.8023384e-06
719	1.7976825e-06
720	1.7939605e-06
721	1.7911261e-06
722	1.7876082e-06
723	1.7833405e-06
724	1.7797322e-06
725	1.7769873e-06
726	1.7733746e-06
727	1.7692206e-06
728	1.7647914e-06
729	1.7612568e-06
730	1.7582409e-06
731	1.7549103e-06
732	1.7508904e-06
733	1.7473848e-06
734	1.7448504e-06
735	1.7414918e-06
736	1.7375672e-06
737	1.7328892e-06
738	1.7295185e-06
739	1.7271869e-06
740	1.7242225e-06
741	1.7203767e-06
742	1.7164919e-06
743	1.7138959e-06
744	1.7106481e-06
745	1.7068695e-06
746	1.7027501e-06
747	1.6991884e-06
748	1.6971052e-06
749	1.6944284e-06
750	1.6907679e-06
751	1.687154e-06
752	1.6850866e-06
753	1.6823159e-06
754	1.6787595e-06
755	1.674242e-06
756	1.6712188e-06
757	1.6694899e-06
758	1.6669814e-06
759	1.663022e-06
760	1.6599039e-06
761	1.657728e-06
762	1.6553302e-06
763	1.6517098e-06
764	1.6480611e-06
765	1.6453055e-06
766	1.6428336e-06
767	1.640057e-06
768	1.6363873e-06
769	1.6333662e-06
770	1.6312978e-06
771	1.6287406e-06
772	1.6252764e-06
773	1.6216962e-06
774	1.620003e-06
775	1.6176504e-06
776	1.6137884e-06
777	1.6105644e-06
778	1.6089454e-06
779	1.606214e-06
780	1.6028146e-06
781	1.5996099e-06
782	1.5975782e-06
783	1.5953725e-06
784	1.592101e-06
785	1.5884626e-06
786	1.5868879e-06
787	1.584807e-06
788	1.5811885e-06
789	1.5781282e-06
790	1.5759764e-06
791	1.5738232e-06
792	1.5707564e-06
793	1.567481e-06
794	1.5658598e-06
795	1.5637025e-06
796	1.5600101e-06
797	1.5566884e-06
798	1.5544007e-06
799	1.5522519e-06
800	1.5492842e-06
801	1.5457607e-06
802	1.5440745e-06
803	1.5414354e-06
804	1.5384553e-06
805	1.5351429e-06
806	1.5328168e-06
807	1.5306395e-06
808	1.5272258e-06
809	1.5241873e-06
810	1.5224299e-06
811	1.519804e-06
812	1.5166499e-06
813	1.5139156e-06
814	1.5113e-06
815	1.5075658e-06
816	1.5044573e-06
817	1.5022809e-06
818	1.4994668e-06
819	1.4963494e-06
820	1.4933496e-06
821	1.4907544e-06
822	1.4869726e-06
823	1.4844625e-06
824	1.4812388e-06
825	1.4780745e-06
826	1.4747703e-06
827	1.4720549e-06
828	1.468878e-06
829	1.4651742e-06
830	1.4622277e-06
831	1.4583518e-06
832	1.4551518e-06
833	1.4514126e-06
834	1.4481758e-06
835	1.4442781e-06
836	1.4410729e-06
837	1.4372675e-06
838	1.4344509e-06
839	1.4308129e-06
840	1.4280128e-06
841	1.4238566e-06
842	1.4206057e-06
843	1.4167846e-06
844	1.4136035e-06
845	1.4097633e-06
846	1.4067027e-06
847	1.4028971e-06
848	1.3995992e-06
849	1.395726e-06
850	1.3926012e-06
851	1.3886957e-06
852	1.3856706e-06
853	1.3821134e-06
854	1.3792602e-06
855	1.3757646e-06
856	1.3730317e-06
857	1.3696321e-06
858	1.3669721e-06
859	1.3632861e-06
860	1.360276e-06
861	1.3566902e-06
862	1.3539289e-06
863	1.3505224e-06
864	1.3478842e-06
865	1.3445287e-06
866	1.3418286e-06
867	1.3385292e-06
868	1.336051e-06
869	1.3328393e-06
870	1.3304545e-06
871	1.3274527e-06
872	1.3251364e-06
873	1.3220594e-06
874	1.319542e-06
875	1.3162956e-06
876	1.3138422e-06
877	1.3107798e-06
878	1.3084518e-06
879	1.3052969e-06
880	1.3027614e-06
881	1.2999878e-06
882	1.2975889e-06
883	1.2946051e-06
884	1.2926488e-06
885	1.2901525e-06
886	1.2876676e-06
887	1.2845058e-06
888	1.2823609e-06
889	1.2794683e-06
890	1.2770843e-06
891	1.2736925e-06
892	1.2709866e-06
893	1.2678499e-06
894	1.2655532e-06
895	1.2626375e-06
896	1.2604287e-06
897	1.2577389e-06
898	1.2555885e-06
899	1.2529205e-06
900	1.2509621e-06
901	1.2483784e-06
902	1.2462873e-06
903	1.2437304e-06
904	1.2417206e-06
905	1.239055e-06
906	1.2367361e-06
907	1.2338518e-06
908	1.2315289e-06
909	1.2286379e-06
910	1.2264564e-06
911	1.2242418e-06
912	1.2222373e-06
913	1.2196952e-06
914	1.2177929e-06
915	1.2155238e-06
916	1.2132337e-06
917	1.2104232e-06
918	1.2081429e-06
919	1.205608e-06
920	1.2034753e-06
921	1.2009139e-06
922	1.1987456e-06
923	1.1961953e-06
924	1.1939338e-06
925	1.1917182e-06
926	1.1889823e-06
927	1.1868503e-06
928	1.1846366e-06
929	1.1829817e-06
930	1.1810807e-06
931	1.178771e-06
932	1.176509e-06
933	1.1745383e-06
934	1.1720404e-06
935	1.1690137e-06
936	1.1664414e-06
937	1.1637489e-06
938	1.1616776e-06
939	1.1593454e-06
940	1.1572519e-06
941	1.155076e-06
942	1.1528898e-06
943	1.1510755e-06
944	1.1490974e-06
945	1.14749e-06
946	1.1455012e-06
947	1.1437947e-06
948	1.1417835e-06
949	1.1396775e-06
950	1.1379468e-06
951	1.1358747e-06
952	1.1338839e-06
953	1.1314916e-06
954	1.1289993e-06
955	1.1269026e-06
956	1.1249099e-06
957	1.1238522e-06
958	1.1226492e-06
959	1.1208584e-06
960	1.1183281e-06
961	1.1160319e-06
962	1.1141694e-06
963	1.1120223e-06
964	1.11014e-06
965	1.1079447e-06
966	1.1055998e-06
967	1.1035488e-06
968	1.1015168e-06
969	1.0999029e-06
970	1.0975522e-06
971	1.0952269e-06
972	1.0936097e-06
973	1.091956e-06
974	1.0906059e-06
975	1.0881889e-06
976	1.0861933e-06
977	1.0844691e-06
978	1.0821225e-06
979	1.0792993e-06
980	1.0770012e-06
981	1.074577e-06
982	1.0726763e-06
983	1.0705895e-06
984	1.0684695e-06
985	1.0668553e-06
986	1.0650356e-06
987	1.0636969e-06
988	1.0620243e-06
989	1.0602905e-06
990	1.058852e-06
991	1.0570932e-06
992	1.0552359e-06
993	1.0534065e-06
994	1.0513564e-06
995	1.049723e-06
996	1.0474936e-06
997	1.0451198e-06
998	1.0432567e-06
999	1.0415107e-06
1000	1.0400013e-06
1001	1.0384874e-06
1002	1.0371046e-06
1003	1.035484e-06
1004	1.0333925e-06
1005	1.0314597e-06
1006	1.0298046e-06
1007	1.0278454e-06
1008	1.025693e-06
1009	1.0237401e-06
1010	1.0217176e-06
1011	1.0198513e-06
1012	1.0180782e-06
1013	1.0158719e-06
1014	1.0137818e-06
1015	1.0122512e-06
1016	1.0108455e-06
1017	1.0097447e-06
1018	1.0077739e-06
1019	1.0060752e-06
1020	1.004335e-06
1021	1.0021292e-06
1022	9.9957067e-07
1023	9.9738459e-07
1024	9.9537231e-07
1025	9.9348241e-07
1026	9.9157905e-07
1027	9.8982837e-07
1028	9.8815328e-07
1029	9.869117e-07
1030	9.8549254e-07
1031	9.839986e-07
1032	9.8248783e-07
1033	9.8049373e-07
1034	9.7855598e-07
1035	9.7685849e-07
1036	9.7512325e-07
1037	9.734474e-07
1038	9.7180005e-07
1039	9.6963542e-07
1040	9.6793106e-07
1041	9.6653533e-07
1042	9.6508225e-07
1043	9.6333954e-07
1044	9.6223436e-07
1045	9.608283e-07
1046	9.5879048e-07
1047	9.5721778e-07
1048	9.5556882e-07
1049	9.5369453e-07
1050	9.5177329e-07
1051	9.4977461e-07
1052	9.4794752e-07
1053	9.4637897e-07
1054	9.4428174e-07
1055	9.4214127e-07
1056	9.402015e-07
1057	9.3860244e-07
1058	9.3732263e-07
1059	9.3619372e-07
1060	9.3461868e-07
1061	9.3304606e-07
1062	9.3132654e-07
1063	9.2897937e-07
1064	9.2662666e-07
1065	9.243808e-07
1066	9.2233999e-07
1067	9.2051849e-07
1068	9.1882182e-07
1069	9.1757781e-07
1070	9.1600358e-07
1071	9.1486406e-07
1072	9.1359422e-07
1073	9.115093e-07
1074	9.0948079e-07
1075	9.0765956e-07
1076	9.0582137e-07
1077	9.0409238e-07
1078	9.0254567e-07
1079	9.009916e-07
1080	8.9875031e-07
1081	8.9703668e-07
1082	8.9555733e-07
1083	8.9415187e-07
1084	8.9234361e-07
1085	8.9096739e-07
1086	8.8981271e-07
1087	8.8785762e-07
1088	8.862996e-07
1089	8.8461943e-07
1090	8.8297826e-07
1091	8.8111149e-07
1092	8.7905522e-07
1093	8.7740647e-07
1094	8.7581654e-07
1095	8.7382228e-07
1096	8.7181277e-07
1097	8.6984562e-07
1098	8.6802925e-07
1099	8.6686802e-07
1100	8.6581411e-07
1101	8.6479898e-07
1102	8.6334679e-07
1103	8.618937e-07
1104	8.5963146e-07
1105	8.5744617e-07
1106	8.5530288e-07
1107	8.530419e-07
1108	8.5120056e-07
1109	8.4961216e-07
1110	8.4821447e-07
1111	8.4756475e-07
1112	8.4672367e-07
1113	8.4482311e-07
1114	8.4310681e-07
1115	8.4136e-07
1116	8.3952389e-07
1117	8.3797416e-07
1118	8.3652496e-07
1119	8.3494553e-07
1120	8.3354707e-07
1121	8.315649e-07
1122	8.3002481e-07
1123	8.2847844e-07
1124	8.2738723e-07
1125	8.2572496e-07
1126	8.2438761e-07
1127	8.2357417e-07
1128	8.2178485e-07
1129	8.2030302e-07
1130	8.1902678e-07
1131	8.1756603e-07
1132	8.1594116e-07
1133	8.1407263e-07
1134	8.1279527e-07
1135	8.1144744e-07
1136	8.095793e-07
1137	8.0780654e-07
1138	8.0607379e-07
1139	8.0465128e-07
1140	8.0362284e-07
1141	8.0291433e-07
1142	8.0245132e-07
1143	8.0105581e-07
1144	7.9986815e-07
1145	7.9789668e-07
1146	7.957782e-07
1147	7.9347936e-07
1148	7.9175257e-07
1149	7.9021629e-07
1150	7.8871131e-07
1151	7.8770584e-07
1152	7.8727738e-07
1153	7.8623924e-07
1154	7.8452298e-07
1155	7.8306533e-07
1156	7.815658e-07
1157	7.7993085e-07
1158	7.7871402e-07
1159	7.7750164e-07
1160	7.7624951e-07
1161	7.7480698e-07
1162	7.7305638e-07
1163	7.7177217e-07
1164	7.7061403e-07
1165	7.6910816e-07
1166	7.6755845e-07
1167	7.666782e-07
1168	7.6557866e-07
1169	7.639818e-07
1170	7.6272673e-07
1171	7.6151233e-07
1172	7.5994968e-07
1173	7.584163e-07
1174	7.569929e-07
1175	7.5575562e-07
1176	7.5436238e-07
1177	7.524771e-07
1178	7.5075604e-07
1179	7.4922422e-07
1180	7.4805239e-07
1181	7.4738781e-07
1182	7.4687167e-07
1183	7.4635278e-07
1184	7.4526406e-07
1185	7.4376837e-07
1186	7.413658e-07
1187	7.3909409e-07
1188	7.3724421e-07
1189	7.3570454e-07
1190	7.3417158e-07
1191	7.3299353e-07
1192	7.3221254e-07
1193	7.3177178e-07
1194	7.3018341e-07
1195	7.2873398e-07
1196	7.2730017e-07
1197	7.2584069e-07
1198	7.2457539e-07
1199	7.2337258e-07
1200	7.2230511e-07
1201	7.2116349e-07
1202	7.1984809e-07
1203	7.1819127e-07
1204	7.1704873e-07
1205	7.1595635e-07
1206	7.1419729e-07
1207	7.1283289e-07
1208	7.1222378e-07
1209	7.10741e-07
1210	7.0949995e-07
1211	7.0832472e-07
1212	7.0710124e-07
1213	7.0561887e-07
1214	7.0414654e-07
1215	7.0290563e-07
1216	7.0169492e-07
1217	7.0003116e-07
1218	6.9832037e-07
1219	6.9671729e-07
1220	6.9550709e-07
1221	6.9481574e-07
1222	6.9426011e-07
1223	6.9400166e-07
1224	6.9334216e-07
1225	6.9216389e-07
1226	6.8957613e-07
1227	6.8737142e-07
1228	6.8548369e-07
1229	6.839487e-07
1230	6.8241943e-07
1231	6.8115455e-07
1232	6.8034039e-07
1233	6.7974685e-07
1234	6.7883803e-07
1235	6.7729263e-07
1236	6.759999e-07
1237	6.7461024e-07
1238	6.7333793e-07
1239	6.7221083e-07
1240	6.7124796e-07
1241	6.7020025e-07
1242	6.6924821e-07
1243	6.6764895e-07
1244	6.6648399e-07
1245	6.6558215e-07
1246	6.6388115e-07
1247	6.6230423e-07
1248	6.6166594e-07
1249	6.6073987e-07
1250	6.5932883e-07
1251	6.5819749e-07
1252	6.5708663e-07
1253	6.5572791e-07
1254	6.5428197e-07
1255	6.5320015e-07
1256	6.5228772e-07
1257	6.5092117e-07
1258	6.4902318e-07
1259	6.4752323e-07
1260	6.4629144e-07
1261	6.4560868e-07
1262	6.4519846e-07
1263	6.4518436e-07
1264	6.4506382e-07
1265	6.4341394e-07
1266	6.4107381e-07
1267	6.3886607e-07
1268	6.3708595e-07
1269	6.3554917e-07
1270	6.3408392e-07
1271	6.3273774e-07
1272	6.3198721e-07
1273	6.3141554e-07
1274	6.3064861e-07
1275	6.2923164e-07
1276	6.2805181e-07
1277	6.2674846e-07
1278	6.2549826e-07
1279	6.2448407e-07
1280	6.2357164e-07
1281	6.2259194e-07
1282	6.2175935e-07
1283	6.2064352e-07
1284	6.1935619e-07
1285	6.1848121e-07
1286	6.1709549e-07
1287	6.155327e-07
1288	6.1469743e-07
1289	6.1421901e-07
1290	6.1275243e-07
1291	6.1189011e-07
1292	6.1090427e-07
1293	6.0969972e-07
1294	6.0825119e-07
1295	6.071344e-07
1296	6.061737e-07
1297	6.0533093e-07
1298	6.0369811e-07
1299	6.02034e-07
1300	6.0087338e-07
1301	6.0019706e-07
1302	5.9987588e-07
1303	6.0005613e-07
1304	5.998284e-07
1305	5.9818433e-07
1306	5.9609717e-07
1307	5.939121e-07
1308	5.9204697e-07
1309	5.9046177e-07
1310	5.8905496e-07
1311	5.8778594e-07
1312	5.8709287e-07
1313	5.8665886e-07
1314	5.8589491e-07
1315	5.8488916e-07
1316	5.837622e-07
1317	5.8255972e-07
1318	5.813688e-07
1319	5.8046344e-07
1320	5.7969262e-07
1321	5.788317e-07
1322	5.7804537e-07
1323	5.7725953e-07
1324	5.7585952e-07
1325	5.7489941e-07
1326	5.7385715e-07
1327	5.7226632e-07
1328	5.7119446e-07
1329	5.7089946e-07
1330	5.6962653e-07
1331	5.6889474e-07
1332	5.6801907e-07
1333	5.6685034e-07
1334	5.6549107e-07
1335	5.6446414e-07
1336	5.6345432e-07
1337	5.6265938e-07
1338	5.6122669e-07
1339	5.6004058e-07
1340	5.5878644e-07
1341	5.5818279e-07
1342	5.5802927e-07
1343	5.5828168e-07
1344	5.5810607e-07
1345	5.5677311e-07
1346	5.5473068e-07
1347	5.5244376e-07
1348	5.5055625e-07
1349	5.489537e-07
1350	5.4756345e-07
1351	5.4627034e-07
1352	5.4529788e-07
1353	5.4477533e-07
1354	5.4408942e-07
1355	5.4343553e-07
1356	5.4226372e-07
1357	5.4118313e-07
1358	5.400328e-07
1359	5.3924572e-07
1360	5.3858294e-07
1361	5.3778831e-07
1362	5.370934e-07
1363	5.3647465e-07
1364	5.353446e-07
1365	5.3427916e-07
1366	5.3359283e-07
1367	5.3196216e-07
1368	5.305317e-07
1369	5.3033589e-07
1370	5.2964845e-07
1371	5.2870198e-07
1372	5.2802318e-07
1373	5.2704817e-07
1374	5.2560209e-07
1375	5.2434753e-07
1376	5.2330574e-07
1377	5.2225094e-07
1378	5.2107465e-07
1379	5.1988674e-07
1380	5.1902066e-07
1381	5.1818732e-07
1382	5.1829392e-07
1383	5.1850988e-07
1384	5.1849148e-07
1385	5.1778407e-07
1386	5.1582534e-07
1387	5.1352659e-07
1388	5.1167556e-07
1389	5.1008221e-07
1390	5.085679e-07
1391	5.0731418e-07
1392	5.0619082e-07
1393	5.0558233e-07
1394	5.052523e-07
1395	5.0483365e-07
1396	5.0365258e-07
1397	5.0259157e-07
1398	5.0140248e-07
1399	5.005751e-07
1400	4.9989255e-07
1401	4.9926246e-07
1402	4.9853307e-07
1403	4.9797931e-07
1404	4.9745723e-07
1405	4.9615564e-07
1406	4.9553676e-07
1407	4.9424519e-07
1408	4.9287674e-07
1409	4.9234594e-07
1410	4.9230714e-07
1411	4.9125691e-07
1412	4.9081885e-07
1413	4.9002847e-07
1414	4.8865297e-07
1415	4.8721455e-07
1416	4.8615534e-07
1417	4.8507668e-07
1418	4.8414137e-07
1419	4.8275291e-07
1420	4.8183057e-07
1421	4.8120014e-07
1422	4.8117688e-07
1423	4.8168955e-07
1424	4.8158963e-07
1425	4.8122343e-07
1426	4.7974415e-07
1427	4.7756578e-07
1428	4.7560955e-07
1429	4.7397799e-07
1430	4.7253562e-07
1431	4.7124572e-07
1432	4.7010813e-07
1433	4.6943106e-07
1434	4.6929811e-07
1435	4.6869034e-07
1436	4.6801355e-07
1437	4.6708118e-07
1438	4.66044e-07
1439	4.6502314e-07
1440	4.6442218e-07
1441	4.6390077e-07
1442	4.6330461e-07
1443	4.6274481e-07
1444	4.6227041e-07
1445	4.6124946e-07
1446	4.6042319e-07
1447	4.5954253e-07
1448	4.5826182e-07
1449	4.5730762e-07
1450	4.5735266e-07
1451	4.5679244e-07
1452	4.5649988e-07
1453	4.5582917e-07
1454	4.5478098e-07
1455	4.532492e-07
1456	4.5212508e-07
1457	4.5109152e-07
1458	4.5005069e-07
1459	4.4868613e-07
1460	4.4774612e-07
1461	4.4710045e-07
1462	4.4704871e-07
1463	4.4771316e-07
1464	4.4794337e-07
1465	4.47595e-07
1466	4.4682291e-07
1467	4.4499756e-07
1468	4.4306989e-07
1469	4.4121928e-07
1470	4.3953002e-07
1471	4.3811898e-07
1472	4.3706123e-07
1473	4.3631024e-07
1474	4.359809e-07
1475	4.356266e-07
1476	4.3556783e-07
1477	4.3466248e-07
1478	4.3381788e-07
1479	4.3288427e-07
1480	4.3214969e-07
1481	4.3163454e-07
1482	4.3112923e-07
1483	4.3055827e-07
1484	4.3029594e-07
1485	4.298547e-07
1486	4.2856497e-07
1487	4.2801473e-07
1488	4.2667677e-07
1489	4.2560664e-07
1490	4.2560599e-07
1491	4.258235e-07
1492	4.251421e-07
1493	4.2485287e-07
1494	4.2411964e-07
1495	4.2241988e-07
1496	4.2109721e-07
1497	4.1997285e-07
1498	4.1895731e-07
1499	4.1801401e-07
1500	4.1681219e-07
1501	4.1605596e-07
1502	4.1559411e-07
1503	4.1622533e-07
1504	4.1716478e-07
1505	4.1713192e-07
1506	4.1694933e-07
1507	4.1560772e-07
1508	4.136894e-07
1509	4.1173241e-07
1510	4.0993157e-07
1511	4.0847831e-07
1512	4.0729374e-07
1513	4.0629756e-07
1514	4.0585414e-07
1515	4.058696e-07
1516	4.056287e-07
1517	4.0539831e-07
1518	4.0474947e-07
1519	4.0364899e-07
1520	4.0291768e-07
1521	4.0256611e-07
1522	4.0230641e-07
1523	4.0197734e-07
1524	4.0150699e-07
1525	4.0113848e-07
1526	4.0049679e-07
1527	3.9960282e-07
1528	3.9894457e-07
1529	3.9777208e-07
1530	3.9695399e-07
1531	3.9728167e-07
1532	3.9718731e-07
1533	3.9726423e-07
1534	3.9697077e-07
1535	3.9582313e-07
1536	3.938618e-07
1537	3.9252298e-07
1538	3.9140782e-07
1539	3.9075121e-07
1540	3.8983004e-07
1541	3.8869166e-07
1542	3.8805535e-07
1543	3.8804331e-07
1544	3.8935047e-07
1545	3.9016772e-07
1546	3.9030011e-07
1547	3.90047e-07
1548	3.8821078e-07
1549	3.8627838e-07
1550	3.8447585e-07
1551	3.827919e-07
1552	3.8137915e-07
1553	3.8031009e-07
1554	3.7963275e-07
1555	3.7958917e-07
1556	3.7974404e-07
1557	3.800593e-07
1558	3.7953111e-07
1559	3.7876409e-07
1560	3.7814458e-07
1561	3.7751431e-07
1562	3.7727416e-07
1563	3.7692246e-07
1564	3.7666145e-07
1565	3.7643464e-07
1566	3.7630301e-07
1567	3.7529651e-07
1568	3.7457197e-07
1569	3.7344555e-07
1570	3.7252287e-07
1571	3.7248839e-07
1572	3.7305339e-07
1573	3.727451e-07
1574	3.7292107e-07
1575	3.7233896e-07
1576	3.7048006e-07
1577	3.6865028e-07
1578	3.6741634e-07
1579	3.6650521e-07
1580	3.6590449e-07
1581	3.6461488e-07
1582	3.6378604e-07
1583	3.6317204e-07
1584	3.6374538e-07
1585	3.651748e-07
1586	3.6575275e-07
1587	3.6585072e-07
1588	3.6524252e-07
1589	3.6315964e-07
1590	3.6112449e-07
1591	3.5914486e-07
1592	3.575156e-07
1593	3.5618453e-07
1594	3.5517165e-07
1595	3.5483181e-07
1596	3.5485052e-07
1597	3.5477e-07
1598	3.5526348e-07
1599	3.5490451e-07
1600	3.5417654e-07
1601	3.5342814e-07
1602	3.531315e-07
1603	3.5302768e-07
1604	3.529182e-07
1605	3.5263351e-07
1606	3.5244653e-07
1607	3.5202717e-07
1608	3.5081609e-07
1609	3.5049118e-07
1610	3.4952452e-07
1611	3.4878752e-07
1612	3.4935119e-07
1613	3.4980706e-07
1614	3.4972526e-07
1615	3.496724e-07
1616	3.4889939e-07
1617	3.4647293e-07
1618	3.4458513e-07
1619	3.4347141e-07
1620	3.4281865e-07
1621	3.4205238e-07
1622	3.4088245e-07
1623	3.4026127e-07
1624	3.3973246e-07
1625	3.4121189e-07
1626	3.4287246e-07
1627	3.4321265e-07
1628	3.4319103e-07
1629	3.4172813e-07
1630	3.3988972e-07
1631	3.3804637e-07
1632	3.362885e-07
1633	3.347708e-07
1634	3.3335296e-07
1635	3.3261844e-07
1636	3.3247664e-07
1637	3.3299337e-07
1638	3.335911e-07
1639	3.3358909e-07
1640	3.3307535e-07
1641	3.3245154e-07
1642	3.3199984e-07
1643	3.3206487e-07
1644	3.3200839e-07
1645	3.318855e-07
1646	3.3167199e-07
1647	3.3161814e-07
1648	3.3091011e-07
1649	3.298272e-07
1650	3.2887256e-07
1651	3.2810652e-07
1652	3.2819707e-07
1653	3.2923585e-07
1654	3.2941813e-07
1655	3.2960469e-07
1656	3.2916195e-07
1657	3.2735418e-07
1658	3.2495763e-07
1659	3.2358926e-07
1660	3.2268027e-07
1661	3.2212491e-07
1662	3.2082125e-07
1663	3.1998854e-07
1664	3.1953944e-07
1665	3.1971423e-07
1666	3.2199031e-07
1667	3.2316152e-07
1668	3.2342027e-07
1669	3.2365273e-07
1670	3.2151241e-07
1671	3.1948778e-07
1672	3.1746772e-07
1673	3.1581764e-07
1674	3.1451637e-07
1675	3.134846e-07
1676	3.1295598e-07
1677	3.1307535e-07
1678	3.1345929e-07
1679	3.1442022e-07
1680	3.1438654e-07
1681	3.1387467e-07
1682	3.1328084e-07
1683	3.1278171e-07
1684	3.1291196e-07
1685	3.1312121e-07
1686	3.1303387e-07
1687	3.1305661e-07
1688	3.1286806e-07
1689	3.1150421e-07
1690	3.1075014e-07
1691	3.1002943e-07
1692	3.094747e-07
1693	3.101924e-07
1694	3.1110779e-07
1695	3.1122957e-07
1696	3.1156872e-07
1697	3.1109877e-07
1698	3.0814392e-07
1699	3.0575314e-07
1700	3.0482086e-07
1701	3.0408887e-07
1702	3.0335429e-07
1703	3.020396e-07
1704	3.0121835e-07
1705	3.0062337e-07
1706	3.0185668e-07
1707	3.0457739e-07
1708	3.0545023e-07
1709	3.0579552e-07
1710	3.0486563e-07
1711	3.0276134e-07
1712	3.0096391e-07
1713	2.9906939e-07
1714	2.9740538e-07
1715	2.9592832e-07
1716	2.9506735e-07
1717	2.9505016e-07
1718	2.9558407e-07
1719	2.962576e-07
1720	2.9699186e-07
1721	2.9671458e-07
1722	2.962611e-07
1723	2.9580205e-07
1724	2.9582609e-07
1725	2.9598354e-07
1726	2.9571584e-07
1727	2.9569748e-07
1728	2.9587627e-07
1729	2.956519e-07
1730	2.941416e-07
1731	2.9329982e-07
1732	2.9255643e-07
1733	2.9251834e-07
1734	2.938374e-07
1735	2.9452118e-07
1736	2.9456322e-07
1737	2.9456967e-07
1738	2.9321997e-07
1739	2.9035162e-07
1740	2.8890127e-07
1741	2.8767305e-07
1742	2.8669074e-07
1743	2.8575115e-07
1744	2.8471951e-07
1745	2.842467e-07
1746	2.8406226e-07
1747	2.8626306e-07
1748	2.8828593e-07
1749	2.8903081e-07
1750	2.8939678e-07
1751	2.8778224e-07
1752	2.8587468e-07
1753	2.8380149e-07
1754	2.8202351e-07
1755	2.8069393e-07
1756	2.7946017e-07
1757	2.7868395e-07
1758	2.7861225e-07
1759	2.7948197e-07
1760	2.8084216e-07
1761	2.8156058e-07
1762	2.8119104e-07
1763	2.8058106e-07
1764	2.8018257e-07
1765	2.8056605e-07
1766	2.8061239e-07
1767	2.8047175e-07
1768	2.8049624e-07
1769	2.802592e-07
1770	2.797751e-07
1771	2.7871797e-07
1772	2.7812717e-07
1773	2.777391e-07
1774	2.7831262e-07
1775	2.7937939e-07
1776	2.7989702e-07
1777	2.8036937e-07
1778	2.8008881e-07
1779	2.7741575e-07
1780	2.7505943e-07
1781	2.7402122e-07
1782	2.730868e-07
1783	2.7230438e-07
1784	2.7080826e-07
1785	2.6987206e-07
1786	2.6959386e-07
1787	2.7005976e-07
1788	2.7353189e-07
1789	2.7487125e-07
1790	2.7508564e-07
1791	2.7513628e-07
1792	2.7323238e-07
1793	2.7154232e-07
1794	2.696113e-07
1795	2.67843e-07
1796	2.6642264e-07
1797	2.6549799e-07
1798	2.6535393e-07
1799	2.6568012e-07
1800	2.6652956e-07
1801	2.6798944e-07
1802	2.6851606e-07
1803	2.6829101e-07
1804	2.6797309e-07
1805	2.6765968e-07
1806	2.6782052e-07
1807	2.6791642e-07
1808	2.6806657e-07
1809	2.6828966e-07
1810	2.680872e-07
1811	2.6668339e-07
1812	2.6585059e-07
1813	2.6557455e-07
1814	2.6552912e-07
1815	2.6683543e-07
1816	2.6784137e-07
1817	2.679818e-07
1818	2.6865435e-07
1819	2.679652e-07
1820	2.6471924e-07
1821	2.6281998e-07
1822	2.6157032e-07
1823	2.6084177e-07
1824	2.6000717e-07
1825	2.5885172e-07
1826	2.5813602e-07
1827	2.5756053e-07
1828	2.5969303e-07
1829	2.6286528e-07
1830	2.6384569e-07
1831	2.6408563e-07
1832	2.6320062e-07
1833	2.6129107e-07
1834	2.596548e-07
1835	2.5788021e-07
1836	2.5634484e-07
1837	2.5499663e-07
1838	2.5413634e-07
1839	2.5414505e-07
1840	2.5499048e-07
1841	2.5639266e-07
1842	2.574881e-07
1843	2.5752937e-07
1844	2.574136e-07
1845	2.5732447e-07
1846	2.5764362e-07
1847	2.576281e-07
1848	2.5737075e-07
1849	2.5759786e-07
1850	2.5786979e-07
1851	2.5773743e-07
1852	2.5612275e-07
1853	2.5526985e-07
1854	2.5492364e-07
1855	2.5559701e-07
1856	2.5704612e-07
1857	2.5793571e-07
1858	2.5844645e-07
1859	2.584452e-07
1860	2.5672002e-07
1861	2.5403332e-07
1862	2.5254754e-07
1863	2.5119253e-07
1864	2.5023138e-07
1865	2.4923562e-07
1866	2.4844409e-07
1867	2.4807482e-07
1868	2.4809179e-07
1869	2.5103126e-07
1870	2.534199e-07
1871	2.5419622e-07
1872	2.5457652e-07
1873	2.5294582e-07
1874	2.5094275e-07
1875	2.4894358e-07
1876	2.4740152e-07
1877	2.4605688e-07
1878	2.4487146e-07
1879	2.4421346e-07
1880	2.4439142e-07
1881	2.456709e-07
1882	2.4747544e-07
1883	2.4840015e-07
1884	2.4816911e-07
1885	2.4779027e-07
1886	2.4785226e-07
1887	2.4843503e-07
1888	2.4851966e-07
1889	2.4829085e-07
1890	2.4819422e-07
1891	2.4842285e-07
1892	2.479515e-07
1893	2.4677083e-07
1894	2.461906e-07
1895	2.4590568e-07
1896	2.4700475e-07
1897	2.4852637e-07
1898	2.4921685e-07
1899	2.4978714e-07
1900	2.4960454e-07
1901	2.4646125e-07
1902	2.4445224e-07
1903	2.4318431e-07
1904	2.4213155e-07
1905	2.4110398e-07
1906	2.3964866e-07
1907	2.3911947e-07
1908	2.3898967e-07
1909	2.3966538e-07
1910	2.436806e-07
1911	2.4481997e-07
1912	2.4539827e-07
1913	2.4566036e-07
1914	2.4374496e-07
1915	2.4191721e-07
1916	2.3972469e-07
1917	2.3806716e-07
1918	2.3697896e-07
1919	2.3599936e-07
1920	2.3566377e-07
1921	2.3612191e-07
1922	2.3746749e-07
1923	2.3937537e-07
1924	2.4012043e-07
1925	2.3994305e-07
1926	2.3960026e-07
1927	2.3957723e-07
1928	2.4023718e-07
1929	2.4037778e-07
1930	2.403799e-07
1931	2.404199e-07
1932	2.4008166e-07
1933	2.3921974e-07
1934	2.3843869e-07
1935	2.3821329e-07
1936	2.3817884e-07
1937	2.3963588e-07
1938	2.4105266e-07
1939	2.4173404e-07
1940	2.4233751e-07
1941	2.4127333e-07
1942	2.3796434e-07
1943	2.3599634e-07
1944	2.3480076e-07
1945	2.3395907e-07
1946	2.3282029e-07
1947	2.3148176e-07
1948	2.3091462e-07
1949	2.3113182e-07
1950	2.3370753e-07
1951	2.36993e-07
1952	2.3781856e-07
1953	2.3791054e-07
1954	2.3740842e-07
1955	2.3575477e-07
1956	2.3388798e-07
1957	2.3184589e-07
1958	2.300396e-07
1959	2.2896328e-07
1960	2.2830613e-07
1961	2.2839041e-07
1962	2.2920441e-07
1963	2.3078446e-07
1964	2.3230152e-07
1965	2.3284662e-07
1966	2.3265378e-07
1967	2.3249061e-07
1968	2.326917e-07
1969	2.328638e-07
1970	2.3304981e-07
1971	2.3332999e-07
1972	2.3343834e-07
1973	2.3324853e-07
1974	2.3168977e-07
1975	2.3122861e-07
1976	2.3122464e-07
1977	2.319749e-07
1978	2.3339036e-07
1979	2.3420856e-07
1980	2.3513018e-07
1981	2.3550828e-07
1982	2.3344365e-07
1983	2.3044488e-07
1984	2.2862291e-07
1985	2.2746217e-07
1986	2.2671222e-07
1987	2.2548273e-07
1988	2.2444058e-07
1989	2.2378908e-07
1990	2.2421383e-07
1991	2.2813923e-07
1992	2.3068719e-07
1993	2.3128992e-07
1994	2.3134953e-07
1995	2.2980275e-07
1996	2.2822204e-07
1997	2.2633122e-07
1998	2.2448779e-07
1999	2.2283371e-07
2000	2.2142094e-07
2001	2.2115913e-07
2002	2.2156289e-07
2003	2.2291532e-07
2004	2.2462317e-07
2005	2.2564218e-07
2006	2.2577345e-07
2007	2.2577651e-07
2008	2.2576218e-07
2009	2.2609603e-07
2010	2.2585369e-07
2011	2.2605823e-07
2012	2.2650504e-07
2013	2.2664419e-07
2014	2.2613803e-07
2015	2.2457662e-07
2016	2.2404385e-07
2017	2.2423413e-07
2018	2.2578338e-07
2019	2.2718677e-07
2020	2.2773022e-07
2021	2.283465e-07
2022	2.2862583e-07
2023	2.2557419e-07
2024	2.2304077e-07
2025	2.2121641e-07
2026	2.1988778e-07
2027	2.1903559e-07
2028	2.1780826e-07
2029	2.1702752e-07
2030	2.1658932e-07
2031	2.1710063e-07
2032	2.2204416e-07
2033	2.2382025e-07
2034	2.2436146e-07
2035	2.2435274e-07
2036	2.2193665e-07
2037	2.2033677e-07
2038	2.184128e-07
2039	2.1670146e-07
2040	2.1519103e-07
2041	2.1379026e-07
2042	2.1352072e-07
2043	2.1442213e-07
2044	2.1624149e-07
2045	2.1803972e-07
2046	2.1870529e-07
2047	2.184097e-07
2048	2.1850592e-07
2049	2.187873e-07
2050	2.1922119e-07
2051	2.1897786e-07
2052	2.188051e-07
2053	2.1935606e-07
2054	2.1953114e-07
2055	2.1865596e-07
2056	2.175244e-07
2057	2.168317e-07
2058	2.1723125e-07
2059	2.1925082e-07
2060	2.2086385e-07
2061	2.2135764e-07
2062	2.2167466e-07
2063	2.2096252e-07
2064	2.1775205e-07
2065	2.1565961e-07
2066	2.1395929e-07
2067	2.126983e-07
2068	2.1142172e-07
2069	2.1043153e-07
2070	2.0996572e-07
2071	2.097506e-07
2072	2.1222183e-07
2073	2.1587475e-07
2074	2.1729377e-07
2075	2.1780725e-07
2076	2.1717936e-07
2077	2.1515459e-07
2078	2.1288848e-07
2079	2.1110974e-07
2080	2.0958864e-07
2081	2.082171e-07
2082	2.0716586e-07
2083	2.0681373e-07
2084	2.0807778e-07
2085	2.1017367e-07
2086	2.1208175e-07
2087	2.1232841e-07
2088	2.1195613e-07
2089	2.1194464e-07
2090	2.1266439e-07
2091	2.1283281e-07
2092	2.1265044e-07
2093	2.1255376e-07
2094	2.1281841e-07
2095	2.1309143e-07
2096	2.119907e-07
2097	2.1124017e-07
2098	2.1086581e-07
2099	2.1151648e-07
2100	2.1355441e-07
2101	2.1505182e-07
2102	2.157686e-07
2103	2.1589188e-07
2104	2.1358416e-07
2105	2.1081106e-07
2106	2.0904516e-07
2107	2.0763198e-07
2108	2.0630256e-07
2109	2.0485671e-07
2110	2.0388042e-07
2111	2.0370224e-07
2112	2.0399111e-07
2113	2.0788693e-07
2114	2.1039788e-07
2115	2.114013e-07
2116	2.1194891e-07
2117	2.1086864e-07
2118	2.0892339e-07
2119	2.0657588e-07
2120	2.0450857e-07
2121	2.0317244e-07
2122	2.0198166e-07
2123	2.0128674e-07
2124	2.0127824e-07
2125	2.0259734e-07
2126	2.0502817e-07
2127	2.0659062e-07
2128	2.0676558e-07
2129	2.0638079e-07
2130	2.0627637e-07
2131	2.0694501e-07
2132	2.0714332e-07
2133	2.070348e-07
2134	2.0718164e-07
2135	2.0705696e-07
2136	2.0726032e-07
2137	2.0613073e-07
2138	2.0569246e-07
2139	2.0552951e-07
2140	2.0674386e-07
2141	2.0850943e-07
2142	2.0974717e-07
2143	2.1069311e-07
2144	2.1067195e-07
2145	2.0729633e-07
2146	2.0442434e-07
2147	2.0294385e-07
2148	2.0183056e-07
2149	2.006523e-07
2150	1.9906719e-07
2151	1.9806576e-07
2152	1.9800427e-07
2153	1.9875326e-07
2154	2.0377649e-07
2155	2.0551377e-07
2156	2.0589669e-07
2157	2.0638631e-07
2158	2.0482768e-07
2159	2.0306589e-07
2160	2.006845e-07
2161	1.984334e-07
2162	1.971166e-07
2163	1.9609535e-07
2164	1.9584013e-07
2165	1.9626116e-07
2166	1.9779312e-07
2167	1.9988045e-07
2168	2.0136095e-07
2169	2.0143727e-07
2170	2.0118883e-07
2171	2.0122509e-07
2172	2.0149396e-07
2173	2.0164426e-07
2174	2.0168875e-07
2175	2.0193345e-07
2176	2.0183522e-07
2177	2.0132131e-07
2178	2.0049162e-07
2179	2.0036781e-07
2180	2.0052004e-07
2181	2.022402e-07
2182	2.0361948e-07
2183	2.0469851e-07
2184	2.0566596e-07
2185	2.0512841e-07
2186	2.012578e-07
2187	1.9853068e-07
2188	1.9694114e-07
2189	1.9597088e-07
2190	1.9484064e-07
2191	1.9338799e-07
2192	1.9263154e-07
2193	1.9235857e-07
2194	1.9471663e-07
2195	1.9915108e-07
2196	2.0048267e-07
2197	2.0076189e-07
2198	2.0053384e-07
2199	1.9886662e-07
2200	1.9707672e-07
2201	1.9490127e-07
2202	1.9291692e-07
2203	1.9114349e-07
2204	1.9036569e-07
2205	1.9037807e-07
2206	1.912118e-07
2207	1.9305466e-07
2208	1.9489966e-07
2209	1.958182e-07
2210	1.9591747e-07
2211	1.9597518e-07
2212	1.962792e-07
2213	1.9617945e-07
2214	1.9596831e-07
2215	1.962769e-07
2216	1.9656226e-07
2217	1.9652908e-07
2218	1.9554156e-07
2219	1.9468621e-07
2220	1.9486399e-07
2221	1.9556645e-07
2222	1.9752264e-07
2223	1.9895223e-07
2224	1.9951468e-07
2225	2.0028404e-07
2226	1.9871765e-07
2227	1.9518374e-07
2228	1.9283057e-07
2229	1.9108091e-07
2230	1.9008524e-07
2231	1.8897254e-07
2232	1.878753e-07
2233	1.8726506e-07
2234	1.8722901e-07
2235	1.9084686e-07
2236	1.9432334e-07
2237	1.9531416e-07
2238	1.9553512e-07
2239	1.9458116e-07
2240	1.9281898e-07
2241	1.9103841e-07
2242	1.8901453e-07
2243	1.8725522e-07
2244	1.8561495e-07
2245	1.8460492e-07
2246	1.8487487e-07
2247	1.8634065e-07
2248	1.8836673e-07
2249	1.8994094e-07
2250	1.9018282e-07
2251	1.9034506e-07
2252	1.9057839e-07
2253	1.910969e-07
2254	1.9087516e-07
2255	1.905546e-07
2256	1.9075248e-07
2257	1.9107972e-07
2258	1.9108943e-07
2259	1.8996424e-07
2260	1.890665e-07
2261	1.8921686e-07
2262	1.9082569e-07
2263	1.9274474e-07
2264	1.9398589e-07
2265	1.946895e-07
2266	1.9474831e-07
2267	1.9227293e-07
2268	1.8922171e-07
2269	1.8709082e-07
2270	1.8552142e-07
2271	1.8413029e-07
2272	1.8308745e-07
2273	1.8234791e-07
2274	1.820414e-07
2275	1.8230649e-07
2276	1.8680864e-07
2277	1.8927482e-07
2278	1.9015526e-07
2279	1.9039018e-07
2280	1.8909133e-07
2281	1.8705573e-07
2282	1.8505653e-07
2283	1.8331235e-07
2284	1.8178285e-07
2285	1.8040145e-07
2286	1.7961293e-07
2287	1.7982196e-07
2288	1.8177082e-07
2289	1.8402747e-07
2290	1.8533488e-07
2291	1.8533269e-07
2292	1.8507597e-07
2293	1.8556809e-07
2294	1.8621217e-07
2295	1.8612449e-07
2296	1.8585302e-07
2297	1.8593802e-07
2298	1.8607141e-07
2299	1.8614274e-07
2300	1.8493897e-07
2301	1.845002e-07
2302	1.8438021e-07
2303	1.8645433e-07
2304	1.8861246e-07
2305	1.8977293e-07
2306	1.9063412e-07
2307	1.9028498e-07
2308	1.8658167e-07
2309	1.8399129e-07
2310	1.8221197e-07
2311	1.808299e-07
2312	1.7947916e-07
2313	1.7792728e-07
2314	1.7756142e-07
2315	1.7758833e-07
2316	1.7871121e-07
2317	1.836136e-07
2318	1.8518929e-07
2319	1.8582936e-07
2320	1.8608662e-07
2321	1.8435415e-07
2322	1.825203e-07
2323	1.8010363e-07
2324	1.7846442e-07
2325	1.7721093e-07
2326	1.7608719e-07
2327	1.7576262e-07
2328	1.7616326e-07
2329	1.7805237e-07
2330	1.8043778e-07
2331	1.8173955e-07
2332	1.8162241e-07
2333	1.8142496e-07
2334	1.8159282e-07
2335	1.822944e-07
2336	1.8237007e-07
2337	1.8233004e-07
2338	1.8236873e-07
2339	1.8228718e-07
2340	1.820667e-07
2341	1.8111529e-07
2342	1.8097114e-07
2343	1.8117505e-07
2344	1.8314286e-07
2345	1.8539146e-07
2346	1.8665425e-07
2347	1.8752252e-07
2348	1.8634902e-07
2349	1.8234636e-07
2350	1.7986184e-07
2351	1.7845577e-07
2352	1.7720118e-07
2353	1.7577993e-07
2354	1.7435595e-07
2355	1.7377239e-07
2356	1.7405969e-07
2357	1.7716836e-07
2358	1.8119682e-07
2359	1.822381e-07
2360	1.8247188e-07
2361	1.825137e-07
2362	1.8074598e-07
2363	1.7877379e-07
2364	1.7646521e-07
2365	1.7447976e-07
2366	1.733831e-07
2367	1.7263723e-07
2368	1.7258577e-07
2369	1.7340657e-07
2370	1.7521601e-07
2371	1.7756305e-07
2372	1.785336e-07
2373	1.7845702e-07
2374	1.7839161e-07
2375	1.7871688e-07
2376	1.7878982e-07
2377	1.7902601e-07
2378	1.7934079e-07
2379	1.7940508e-07
2380	1.7916356e-07
2381	1.785386e-07
2382	1.7791561e-07
2383	1.7796682e-07
2384	1.7875518e-07
2385	1.8072778e-07
2386	1.824516e-07
2387	1.8384821e-07
2388	1.8450619e-07
2389	1.8243901e-07
2390	1.7873691e-07
2391	1.7611765e-07
2392	1.7489059e-07
2393	1.7383663e-07
2394	1.7245753e-07
2395	1.7119286e-07
2396	1.7063997e-07
2397	1.7110626e-07
2398	1.7550569e-07
2399	1.7882863e-07
2400	1.7954178e-07
2401	1.7965732e-07
2402	1.7905562e-07
2403	1.7741769e-07
2404	1.7532108e-07
2405	1.7307177e-07
2406	1.7113538e-07
2407	1.6986035e-07
2408	1.694917e-07
2409	1.6972596e-07
2410	1.7118699e-07
2411	1.7313536e-07
2412	1.7492683e-07
2413	1.7581687e-07
2414	1.7580208e-07
2415	1.7579398e-07
2416	1.7608753e-07
2417	1.7598415e-07
2418	1.7623544e-07
2419	1.7665919e-07
2420	1.7682455e-07
2421	1.7649276e-07
2422	1.7544034e-07
2423	1.7508474e-07
2424	1.7533296e-07
2425	1.7689055e-07
2426	1.7876391e-07
2427	1.8002152e-07
2428	1.8159259e-07
2429	1.8201746e-07
2430	1.7899054e-07
2431	1.7553285e-07
2432	1.7306076e-07
2433	1.718639e-07
2434	1.7084071e-07
2435	1.6943066e-07
2436	1.6842488e-07
2437	1.6786546e-07
2438	1.685214e-07
2439	1.7400689e-07
2440	1.76679e-07
2441	1.772659e-07
2442	1.7720252e-07
2443	1.760224e-07
2444	1.7450084e-07
2445	1.7223593e-07
2446	1.7006251e-07
2447	1.6820707e-07
2448	1.6693354e-07
2449	1.6683168e-07
2450	1.6742454e-07
2451	1.6926717e-07
2452	1.7131459e-07
2453	1.7271576e-07
2454	1.7331835e-07
2455	1.7345998e-07
2456	1.7360679e-07
2457	1.7390156e-07
2458	1.7362903e-07
2459	1.7397085e-07
2460	1.744216e-07
2461	1.7459654e-07
2462	1.7426443e-07
2463	1.7291314e-07
2464	1.7272687e-07
2465	1.7309833e-07
2466	1.751704e-07
2467	1.7716396e-07
2468	1.7814972e-07
2469	1.7957424e-07
2470	1.7971998e-07
2471	1.7581492e-07
2472	1.7260665e-07
2473	1.703278e-07
2474	1.6907151e-07
2475	1.6804909e-07
2476	1.6661419e-07
2477	1.6584389e-07
2478	1.654324e-07
2479	1.6681648e-07
2480	1.7262639e-07
2481	1.7468488e-07
2482	1.7521356e-07
2483	1.7497879e-07
2484	1.7312356e-07
2485	1.7159934e-07
2486	1.6931622e-07
2487	1.6718617e-07
2488	1.6540639e-07
2489	1.6419286e-07
2490	1.6433242e-07
2491	1.6521221e-07
2492	1.6734071e-07
2493	1.6946395e-07
2494	1.705955e-07
2495	1.7096442e-07
2496	1.7113678e-07
2497	1.7154099e-07
2498	1.7167458e-07
2499	1.7124844e-07
2500	1.7164888e-07
2501	1.7205247e-07
2502	1.7221678e-07
2503	1.7173951e-07
2504	1.7032197e-07
2505	1.7027096e-07
2506	1.7084065e-07
2507	1.7334585e-07
2508	1.7549622e-07
2509	1.7637601e-07
2510	1.7747561e-07
2511	1.7663121e-07
2512	1.7260147e-07
2513	1.6967692e-07
2514	1.6757014e-07
2515	1.6620474e-07
2516	1.6505089e-07
2517	1.6375337e-07
2518	1.631846e-07
2519	1.6286741e-07
2520	1.6604145e-07
2521	1.7088368e-07
2522	1.7245317e-07
2523	1.728561e-07
2524	1.7253651e-07
2525	1.7027658e-07
2526	1.6848272e-07
2527	1.6622093e-07
2528	1.641715e-07
2529	1.6246553e-07
2530	1.6138084e-07
2531	1.6169298e-07
2532	1.6289213e-07
2533	1.6523903e-07
2534	1.6745699e-07
2535	1.6800581e-07
2536	1.6827719e-07
2537	1.6848323e-07
2538	1.6916579e-07
2539	1.6911327e-07
2540	1.6865913e-07
2541	1.6908755e-07
2542	1.6948076e-07
2543	1.6960083e-07
2544	1.6879174e-07
2545	1.6756952e-07
2546	1.6759878e-07
2547	1.6882738e-07
2548	1.7123986e-07
2549	1.7321363e-07
2550	1.7409929e-07
2551	1.7475285e-07
2552	1.7284784e-07
2553	1.6900836e-07
2554	1.6635808e-07
2555	1.6444703e-07
2556	1.6299867e-07
2557	1.6175518e-07
2558	1.6060233e-07
2559	1.6017554e-07
2560	1.6021904e-07
2561	1.6460556e-07
2562	1.6860881e-07
2563	1.6982916e-07
2564	1.7009867e-07
2565	1.6920748e-07
2566	1.6695385e-07
2567	1.6486618e-07
2568	1.6267226e-07
2569	1.6076459e-07
2570	1.5916905e-07
2571	1.5824976e-07
2572	1.5876691e-07
2573	1.6053696e-07
2574	1.6294581e-07
2575	1.6486118e-07
2576	1.6516201e-07
2577	1.6535853e-07
2578	1.6565292e-07
2579	1.663431e-07
2580	1.6625666e-07
2581	1.6582777e-07
2582	1.6618673e-07
2583	1.6651806e-07
2584	1.6659335e-07
2585	1.6547517e-07
2586	1.6456127e-07
2587	1.6463861e-07
2588	1.6665066e-07
2589	1.6893747e-07
2590	1.7051845e-07
2591	1.7147523e-07
2592	1.7176177e-07
2593	1.6884721e-07
2594	1.6530364e-07
2595	1.628137e-07
2596	1.6100842e-07
2597	1.594982e-07
2598	1.5815003e-07
2599	1.5722019e-07
2600	1.5697394e-07
2601	1.5742168e-07
2602	1.6279273e-07
2603	1.6600788e-07
2604	1.6697796e-07
2605	1.6715956e-07
2606	1.6562043e-07
2607	1.6339093e-07
2608	1.6110488e-07
2609	1.5900857e-07
2610	1.57235e-07
2611	1.5574566e-07
2612	1.5502791e-07
2613	1.5579503e-07
2614	1.5793747e-07
2615	1.6054114e-07
2616	1.6217981e-07
2617	1.6220172e-07
2618	1.6239896e-07
2619	1.6285468e-07
2620	1.6347549e-07
2621	1.6337094e-07
2622	1.6301552e-07
2623	1.6327261e-07
2624	1.6361039e-07
2625	1.6366205e-07
2626	1.6226654e-07
2627	1.6156613e-07
2628	1.616895e-07
2629	1.6421101e-07
2630	1.6652993e-07
2631	1.678678e-07
2632	1.6877765e-07
2633	1.6867978e-07
2634	1.6483514e-07
2635	1.616156e-07
2636	1.5934648e-07
2637	1.5753926e-07
2638	1.5591547e-07
2639	1.5462554e-07
2640	1.53971e-07
2641	1.538695e-07
2642	1.5512097e-07
2643	1.609131e-07
2644	1.6326486e-07
2645	1.6408142e-07
2646	1.6415877e-07
2647	1.6199373e-07
2648	1.5982578e-07
2649	1.574727e-07
2650	1.5548029e-07
2651	1.5378474e-07
2652	1.524509e-07
2653	1.5194e-07
2654	1.5288393e-07
2655	1.554257e-07
2656	1.5808904e-07
2657	1.5949127e-07
2658	1.5923113e-07
2659	1.5936432e-07
2660	1.6008507e-07
2661	1.6049267e-07
2662	1.6032917e-07
2663	1.6009228e-07
2664	1.6025237e-07
2665	1.6060025e-07
2666	1.6042669e-07
2667	1.5899971e-07
2668	1.5846225e-07
2669	1.5871659e-07
2670	1.616208e-07
2671	1.6407987e-07
2672	1.6525334e-07
2673	1.6597103e-07
2674	1.6480435e-07
2675	1.6073033e-07
2676	1.5783247e-07
2677	1.5579231e-07
2678	1.5402878e-07
2679	1.5222989e-07
2680	1.5113815e-07
2681	1.5074794e-07
2682	1.5069932e-07
2683	1.5390224e-07
2684	1.58599e-07
2685	1.6026035e-07
2686	1.6090939e-07
2687	1.6094137e-07
2688	1.5845575e-07
2689	1.5601965e-07
2690	1.5359875e-07
2691	1.5173996e-07
2692	1.5012723e-07
2693	1.490014e-07
2694	1.4870832e-07
2695	1.4991224e-07
2696	1.5275547e-07
2697	1.5550144e-07
2698	1.5634796e-07
2699	1.5600024e-07
2700	1.5606505e-07
2701	1.5710199e-07
2702	1.5723959e-07
2703	1.571273e-07
2704	1.5704042e-07
2705	1.5700476e-07
2706	1.5728332e-07
2707	1.5669182e-07
2708	1.5556185e-07
2709	1.5517721e-07
2710	1.5599587e-07
2711	1.58825e-07
2712	1.6116474e-07
2713	1.6224907e-07
2714	1.6266718e-07
2715	1.6021547e-07
2716	1.5635148e-07
2717	1.5376715e-07
2718	1.5198245e-07
2719	1.5037178e-07
2720	1.4847036e-07
2721	1.4751122e-07
2722	1.4732737e-07
2723	1.4761113e-07
2724	1.5223207e-07
2725	1.5589278e-07
2726	1.5710355e-07
2727	1.5765753e-07
2728	1.5707972e-07
2729	1.5471609e-07
2730	1.520504e-07
2731	1.4959211e-07
2732	1.4786647e-07
2733	1.4637969e-07
2734	1.4557346e-07
2735	1.4552589e-07
2736	1.4715484e-07
2737	1.500717e-07
2738	1.5251181e-07
2739	1.5303e-07
2740	1.5263618e-07
2741	1.5268246e-07
2742	1.5386781e-07
2743	1.5401468e-07
2744	1.5390219e-07
2745	1.5389087e-07
2746	1.5366873e-07
2747	1.5385905e-07
2748	1.5280378e-07
2749	1.5206857e-07
2750	1.5189167e-07
2751	1.5347156e-07
2752	1.5602499e-07
2753	1.579736e-07
2754	1.5910632e-07
2755	1.5919816e-07
2756	1.5562661e-07
2757	1.521163e-07
2758	1.4983432e-07
2759	1.482247e-07
2760	1.4665978e-07
2761	1.447079e-07
2762	1.4387844e-07
2763	1.4383015e-07
2764	1.4446138e-07
2765	1.5023094e-07
2766	1.5302304e-07
2767	1.5386602e-07
2768	1.5429104e-07
2769	1.5306969e-07
2770	1.5081877e-07
2771	1.4793913e-07
2772	1.4554491e-07
2773	1.4407176e-07
2774	1.4278464e-07
2775	1.4221701e-07
2776	1.424945e-07
2777	1.4442716e-07
2778	1.474176e-07
2779	1.4942803e-07
2780	1.4960902e-07
2781	1.4935307e-07
2782	1.4946954e-07
2783	1.5054277e-07
2784	1.5070539e-07
2785	1.5060817e-07
2786	1.5059654e-07
2787	1.5028139e-07
2788	1.5036603e-07
2789	1.4913935e-07
2790	1.4874248e-07
2791	1.4869854e-07
2792	1.5075155e-07
2793	1.5322339e-07
2794	1.5485415e-07
2795	1.5582896e-07
2796	1.5569682e-07
2797	1.5117032e-07
2798	1.4797486e-07
2799	1.4590164e-07
2800	1.4441355e-07
2801	1.4289706e-07
2802	1.4095123e-07
2803	1.4029219e-07
2804	1.4044899e-07
2805	1.4187435e-07
2806	1.4807626e-07
2807	1.499231e-07
2808	1.5051452e-07
2809	1.5081584e-07
2810	1.4890492e-07
2811	1.467202e-07
2812	1.4391023e-07
2813	1.4169199e-07
2814	1.4035176e-07
2815	1.3923694e-07
2816	1.3890923e-07
2817	1.3950043e-07
2818	1.4159139e-07
2819	1.4453932e-07
2820	1.4631414e-07
2821	1.4629609e-07
2822	1.4609726e-07
2823	1.4630458e-07
2824	1.472345e-07
2825	1.4731987e-07
2826	1.4725029e-07
2827	1.4721299e-07
2828	1.4690991e-07
2829	1.4669293e-07
2830	1.455518e-07
2831	1.4534355e-07
2832	1.4550385e-07
2833	1.4785242e-07
2834	1.5021081e-07
2835	1.5165988e-07
2836	1.5257913e-07
2837	1.5151153e-07
2838	1.4684418e-07
2839	1.4396276e-07
2840	1.4220695e-07
2841	1.4077433e-07
2842	1.3910002e-07
2843	1.374026e-07
2844	1.3699411e-07
2845	1.3727065e-07
2846	1.4062922e-07
2847	1.4558882e-07
2848	1.4677839e-07
2849	1.4706718e-07
2850	1.4712205e-07
2851	1.4504052e-07
2852	1.4277685e-07
2853	1.4000689e-07
2854	1.3788222e-07
2855	1.3664641e-07
2856	1.3581305e-07
2857	1.3564568e-07
2858	1.3652787e-07
2859	1.3880531e-07
2860	1.4182668e-07
2861	1.4296016e-07
2862	1.4288814e-07
2863	1.4274926e-07
2864	1.4323365e-07
2865	1.4372425e-07
2866	1.4381276e-07
2867	1.4395447e-07
2868	1.439615e-07
2869	1.4354171e-07
2870	1.428544e-07
2871	1.4203444e-07
2872	1.4202806e-07
2873	1.4276431e-07
2874	1.4493456e-07
2875	1.4713351e-07
2876	1.4857978e-07
2877	1.4913792e-07
2878	1.4687646e-07
2879	1.4254413e-07
2880	1.3992862e-07
2881	1.3839637e-07
2882	1.3714394e-07
2883	1.3550188e-07
2884	1.3404902e-07
2885	1.3373778e-07
2886	1.3441304e-07
2887	1.3918131e-07
2888	1.4298211e-07
2889	1.4369302e-07
2890	1.4377613e-07
2891	1.4335941e-07
2892	1.4139057e-07
2893	1.389504e-07
2894	1.3627614e-07
2895	1.343005e-07
2896	1.3313875e-07
2897	1.3259888e-07
2898	1.3275089e-07
2899	1.3424406e-07
2900	1.3648972e-07
2901	1.3902534e-07
2902	1.3985734e-07
2903	1.3977274e-07
2904	1.3965314e-07
2905	1.4009651e-07
2906	1.4055286e-07
2907	1.4071987e-07
2908	1.4091304e-07
2909	1.4087311e-07
2910	1.4037652e-07
2911	1.3926962e-07
2912	1.3883847e-07
2913	1.3899478e-07
2914	1.4056782e-07
2915	1.4254612e-07
2916	1.4427325e-07
2917	1.4577167e-07
2918	1.4609129e-07
2919	1.4277913e-07
2920	1.3885369e-07
2921	1.3642329e-07
2922	1.3518853e-07
2923	1.3405313e-07
2924	1.3237471e-07
2925	1.3115825e-07
2926	1.3091406e-07
2927	1.3193207e-07
2928	1.3763606e-07
2929	1.4047568e-07
2930	1.4100795e-07
2931	1.4090726e-07
2932	1.398923e-07
2933	1.3804108e-07
2934	1.3553142e-07
2935	1.3299506e-07
2936	1.3116511e-07
2937	1.3016527e-07
2938	1.3006283e-07
2939	1.3057902e-07
2940	1.3238954e-07
2941	1.3466989e-07
2942	1.3679496e-07
2943	1.3722953e-07
2944	1.3724851e-07
2945	1.3732562e-07
2946	1.377393e-07
2947	1.3813755e-07
2948	1.3836826e-07
2949	1.3863076e-07
2950	1.386047e-07
2951	1.3803537e-07
2952	1.3671293e-07
2953	1.3651603e-07
2954	1.3687282e-07
2955	1.3894929e-07
2956	1.4087774e-07
2957	1.4231979e-07
2958	1.4373249e-07
2959	1.4383183e-07
2960	1.394817e-07
2961	1.3610287e-07
2962	1.3384911e-07
2963	1.3278462e-07
2964	1.3173772e-07
2965	1.3016299e-07
2966	1.2920147e-07
2967	1.2899176e-07
2968	1.3090233e-07
2969	1.3695538e-07
2970	1.3899113e-07
2971	1.3940116e-07
2972	1.3912023e-07
2973	1.3746873e-07
2974	1.3564297e-07
2975	1.3316438e-07
2976	1.308371e-07
2977	1.2918258e-07
2978	1.2836208e-07
2979	1.2847242e-07
2980	1.2934075e-07
2981	1.3144718e-07
2982	1.3369963e-07
2983	1.3540363e-07
2984	1.3569505e-07
2985	1.3584984e-07
2986	1.3618167e-07
2987	1.3636656e-07
2988	1.3665498e-07
2989	1.3706073e-07
2990	1.3735728e-07
2991	1.3731841e-07
2992	1.3650901e-07
2993	1.3538064e-07
2994	1.3539608e-07
2995	1.3593585e-07
2996	1.3843625e-07
2997	1.4044102e-07
2998	1.4163194e-07
2999	1.4290267e-07
3000	1.4196322e-07
3001	1.3762324e-07
3002	1.3460881e-07
3003	1.32546e-07
3004	1.3156323e-07
3005	1.3029809e-07
3006	1.2894084e-07
3007	1.2825707e-07
3008	1.2815303e-07
3009	1.3211122e-07
3010	1.3704868e-07
3011	1.3849014e-07
3012	1.3878982e-07
3013	1.3821651e-07
3014	1.3636953e-07
3015	1.343164e-07
3016	1.3192606e-07
3017	1.2981508e-07
3018	1.2820972e-07
3019	1.2763842e-07
3020	1.2797561e-07
3021	1.2920859e-07
3022	1.3149683e-07
3023	1.3390494e-07
3024	1.3502066e-07
3025	1.352555e-07
3026	1.3547543e-07
3027	1.3612045e-07
3028	1.3601157e-07
3029	1.3618967e-07
3030	1.367967e-07
3031	1.3704094e-07
3032	1.3698681e-07
3033	1.3584381e-07
3034	1.3487025e-07
3035	1.3509661e-07
3036	1.363973e-07
3037	1.3882243e-07
3038	1.4064308e-07
3039	1.4189419e-07
3040	1.4292187e-07
3041	1.4080528e-07
3042	1.3665108e-07
3043	1.3393043e-07
3044	1.3199065e-07
3045	1.3111454e-07
3046	1.297606e-07
3047	1.2860449e-07
3048	1.2813066e-07
3049	1.2841587e-07
3050	1.3372964e-07
3051	1.3783112e-07
3052	1.389491e-07
3053	1.3913573e-07
3054	1.3793694e-07
3055	1.3609083e-07
3056	1.3381426e-07
3057	1.3145621e-07
3058	1.2939285e-07
3059	1.2788923e-07
3060	1.2758092e-07
3061	1.2825963e-07
3062	1.3004735e-07
3063	1.3261756e-07
3064	1.3465961e-07
3065	1.3542462e-07
3066	1.357255e-07
3067	1.3605696e-07
3068	1.3672666e-07
3069	1.3658104e-07
3070	1.3670255e-07
3071	1.374447e-07
3072	1.3769149e-07
3073	1.3762871e-07
3074	1.3615979e-07
3075	1.3539461e-07
3076	1.358152e-07
3077	1.3797838e-07
3078	1.4031801e-07
3079	1.4183957e-07
3080	1.4317876e-07
3081	1.4392251e-07
3082	1.4056454e-07
3083	1.3672281e-07
3084	1.3412402e-07
3085	1.3222915e-07
3086	1.3128429e-07
3087	1.2985438e-07
3088	1.2892656e-07
3089	1.2857061e-07
3090	1.2926777e-07
3091	1.3590779e-07
3092	1.3915482e-07
3093	1.400469e-07
3094	1.4012912e-07
3095	1.3822772e-07
3096	1.3633503e-07
3097	1.3381118e-07
3098	1.3153898e-07
3099	1.29617e-07
3100	1.2821722e-07
3101	1.2815402e-07
3102	1.2929212e-07
3103	1.3155497e-07
3104	1.3432767e-07
3105	1.3608893e-07
3106	1.3641625e-07
3107	1.3688645e-07
3108	1.3735309e-07
3109	1.3792647e-07
3110	1.3775102e-07
3111	1.3783147e-07
3112	1.3860128e-07
3113	1.3880944e-07
3114	1.3865382e-07
3115	1.3693606e-07
3116	1.3627688e-07
3117	1.369444e-07
3118	1.3970173e-07
3119	1.4222058e-07
3120	1.4356821e-07
3121	1.4472519e-07
3122	1.4522068e-07
3123	1.4060249e-07
3124	1.3703928e-07
3125	1.3453133e-07
3126	1.3261311e-07
3127	1.3155795e-07
3128	1.3012503e-07
3129	1.2944644e-07
3130	1.2922747e-07
3131	1.3119964e-07
3132	1.3804009e-07
3133	1.406325e-07
3134	1.413875e-07
3135	1.413037e-07
3136	1.3858606e-07
3137	1.3664253e-07
3138	1.3405531e-07
3139	1.3182661e-07
3140	1.2996199e-07
3141	1.2870126e-07
3142	1.2888446e-07
3143	1.3027442e-07
3144	1.3289595e-07
3145	1.3579507e-07
3146	1.3725932e-07
3147	1.3736199e-07
3148	1.3787062e-07
3149	1.3865893e-07
3150	1.3893252e-07
3151	1.3858156e-07
3152	1.3869564e-07
3153	1.3944612e-07
3154	1.3963385e-07
3155	1.3909876e-07
3156	1.3746514e-07
3157	1.3703122e-07
3158	1.3800133e-07
3159	1.4120864e-07
3160	1.4379117e-07
3161	1.4505058e-07
3162	1.4601871e-07
3163	1.4515208e-07
3164	1.4046839e-07
3165	1.3717613e-07
3166	1.3486006e-07
3167	1.3292831e-07
3168	1.3163488e-07
3169	1.3034334e-07
3170	1.2991401e-07
3171	1.2978511e-07
3172	1.3392828e-07
3173	1.3967273e-07
3174	1.4162547e-07
3175	1.4205334e-07
3176	1.4169395e-07
3177	1.3879591e-07
3178	1.3651603e-07
3179	1.3385841e-07
3180	1.316942e-07
3181	1.2989855e-07
3182	1.2887121e-07
3183	1.2929686e-07
3184	1.3109068e-07
3185	1.3388976e-07
3186	1.369296e-07
3187	1.3775284e-07
3188	1.3789928e-07
3189	1.3845311e-07
3190	1.3942469e-07
3191	1.3934088e-07
3192	1.3891475e-07
3193	1.3932558e-07
3194	1.3996074e-07
3195	1.3997756e-07
3196	1.3908826e-07
3197	1.3766312e-07
3198	1.3756301e-07
3199	1.3935747e-07
3200	1.4235749e-07
3201	1.4473147e-07
3202	1.459211e-07
3203	1.4662142e-07
3204	1.4437166e-07
3205	1.3981703e-07
3206	1.366436e-07
3207	1.3437744e-07
3208	1.3262988e-07
3209	1.3126249e-07
3210	1.3012204e-07
3211	1.2977427e-07
3212	1.3007722e-07
3213	1.3577013e-07
3214	1.4059508e-07
3215	1.4201901e-07
3216	1.4226208e-07
3217	1.4115164e-07
3218	1.3837889e-07
3219	1.3592862e-07
3220	1.3319594e-07
3221	1.3110234e-07
3222	1.2935503e-07
3223	1.2862509e-07
3224	1.2949902e-07
3225	1.3176334e-07
3226	1.3476435e-07
3227	1.3731054e-07
3228	1.3782934e-07
3229	1.3822446e-07
3230	1.3868602e-07
3231	1.3950576e-07
3232	1.3924051e-07
3233	1.3880917e-07
3234	1.3944613e-07
3235	1.3985311e-07
3236	1.3967027e-07
3237	1.3840123e-07
3238	1.3720331e-07
3239	1.3754161e-07
3240	1.4011874e-07
3241	1.4293224e-07
3242	1.4480409e-07
3243	1.4607628e-07
3244	1.4673342e-07
3245	1.4300887e-07
3246	1.3861909e-07
3247	1.35559e-07
3248	1.3339574e-07
3249	1.3197191e-07
3250	1.3038408e-07
3251	1.2939124e-07
3252	1.2911536e-07
3253	1.2974593e-07
3254	1.3691973e-07
3255	1.4062132e-07
3256	1.41641e-07
3257	1.416613e-07
3258	1.3972402e-07
3259	1.3728024e-07
3260	1.3463193e-07
3261	1.319414e-07
3262	1.2982383e-07
3263	1.2816385e-07
3264	1.2791081e-07
3265	1.2908473e-07
3266	1.3162317e-07
3267	1.3468558e-07
3268	1.3681668e-07
3269	1.3710275e-07
3270	1.3761722e-07
3271	1.3809948e-07
3272	1.3869334e-07
3273	1.3826885e-07
3274	1.3796192e-07
3275	1.3868113e-07
3276	1.3886832e-07
3277	1.3854897e-07
3278	1.3686986e-07
3279	1.359932e-07
3280	1.3679574e-07
3281	1.3977386e-07
3282	1.4252661e-07
3283	1.4407459e-07
3284	1.4525642e-07
3285	1.4579257e-07
3286	1.4073593e-07
3287	1.3662903e-07
3288	1.338015e-07
3289	1.316242e-07
3290	1.3042049e-07
3291	1.2877434e-07
3292	1.2798037e-07
3293	1.276751e-07
3294	1.2953787e-07
3295	1.3693515e-07
3296	1.3965619e-07
3297	1.4034216e-07
3298	1.4009405e-07
3299	1.3743327e-07
3300	1.3539085e-07
3301	1.3248421e-07
3302	1.2989093e-07
3303	1.2780622e-07
3304	1.2635803e-07
3305	1.265298e-07
3306	1.2792312e-07
3307	1.3062249e-07
3308	1.336693e-07
3309	1.3538303e-07
3310	1.3580909e-07
3311	1.362362e-07
3312	1.3688364e-07
3313	1.3698692e-07
3314	1.3637454e-07
3315	1.3654628e-07
3316	1.3698348e-07
3317	1.3692591e-07
3318	1.3651835e-07
3319	1.3458996e-07
3320	1.3428754e-07
3321	1.3521446e-07
3322	1.3856233e-07
3323	1.4118831e-07
3324	1.4250892e-07
3325	1.4373146e-07
3326	1.4289059e-07
3327	1.3772707e-07
3328	1.3389079e-07
3329	1.3123915e-07
3330	1.2945384e-07
3331	1.2807708e-07
3332	1.2648604e-07
3333	1.2584423e-07
3334	1.2559964e-07
3335	1.2973311e-07
3336	1.3591019e-07
3337	1.377556e-07
3338	1.3807903e-07
3339	1.3779739e-07
3340	1.3483782e-07
3341	1.32601e-07
3342	1.2962488e-07
3343	1.2711501e-07
3344	1.2505133e-07
3345	1.2400806e-07
3346	1.2447584e-07
3347	1.2606457e-07
3348	1.2883918e-07
3349	1.3192129e-07
3350	1.3310918e-07
3351	1.3355705e-07
3352	1.3383638e-07
3353	1.346253e-07
3354	1.3432106e-07
3355	1.3375237e-07
3356	1.3427416e-07
3357	1.344951e-07
3358	1.3424571e-07
3359	1.334393e-07
3360	1.3162671e-07
3361	1.3202756e-07
3362	1.3354828e-07
3363	1.3651132e-07
3364	1.3879088e-07
3365	1.4009125e-07
3366	1.4131041e-07
3367	1.3898806e-07
3368	1.339413e-07
3369	1.3048682e-07
3370	1.2802339e-07
3371	1.2667241e-07
3372	1.2509226e-07
3373	1.2368111e-07
3374	1.2312558e-07
3375	1.2320212e-07
3376	1.2902366e-07
3377	1.3389667e-07
3378	1.3512247e-07
3379	1.3515995e-07
3380	1.3416666e-07
3381	1.3188779e-07
3382	1.2922037e-07
3383	1.2629534e-07
3384	1.2386623e-07
3385	1.2198611e-07
3386	1.2142448e-07
3387	1.220657e-07
3388	1.2399025e-07
3389	1.2676174e-07
3390	1.2940725e-07
3391	1.3051157e-07
3392	1.3086776e-07
3393	1.3106579e-07
3394	1.3166761e-07
3395	1.3118653e-07
3396	1.3096604e-07
3397	1.314787e-07
3398	1.3150016e-07
3399	1.3113278e-07
3400	1.2991611e-07
3401	1.2878083e-07
3402	1.2934192e-07
3403	1.3147487e-07
3404	1.3404704e-07
3405	1.3591733e-07
3406	1.3741611e-07
3407	1.3832197e-07
3408	1.3468731e-07
3409	1.3003991e-07
3410	1.2678998e-07
3411	1.2477634e-07
3412	1.2359267e-07
3413	1.2187202e-07
3414	1.2064898e-07
3415	1.2012894e-07
3416	1.2072296e-07
3417	1.2760556e-07
3418	1.3121903e-07
3419	1.3200962e-07
3420	1.3178997e-07
3421	1.3029332e-07
3422	1.284574e-07
3423	1.2550457e-07
3424	1.2267253e-07
3425	1.2034515e-07
3426	1.1872604e-07
3427	1.1863363e-07
3428	1.1949693e-07
3429	1.2155861e-07
3430	1.2438537e-07
3431	1.2650884e-07
3432	1.2755686e-07
3433	1.2776372e-07
3434	1.2795805e-07
3435	1.2831834e-07
3436	1.2780452e-07
3437	1.2797666e-07
3438	1.2829232e-07
3439	1.2816606e-07
3440	1.2770603e-07
3441	1.2625843e-07
3442	1.2588296e-07
3443	1.2627679e-07
3444	1.2883424e-07
3445	1.3123483e-07
3446	1.3284221e-07
3447	1.344675e-07
3448	1.3493573e-07
3449	1.3024372e-07
3450	1.2604507e-07
3451	1.2309109e-07
3452	1.2152565e-07
3453	1.2043863e-07
3454	1.185841e-07
3455	1.1754596e-07
3456	1.1710831e-07
3457	1.1868255e-07
3458	1.2564453e-07
3459	1.2819729e-07
3460	1.2877034e-07
3461	1.2834792e-07
3462	1.2669814e-07
3463	1.2476703e-07
3464	1.2182316e-07
3465	1.1908891e-07
3466	1.1691858e-07
3467	1.1571577e-07
3468	1.1588752e-07
3469	1.1688744e-07
3470	1.1900944e-07
3471	1.2168771e-07
3472	1.2390341e-07
3473	1.2448279e-07
3474	1.2460347e-07
3475	1.2490424e-07
3476	1.2501766e-07
3477	1.2478772e-07
3478	1.2496897e-07
3479	1.2512981e-07
3480	1.2497522e-07
3481	1.2446081e-07
3482	1.2299843e-07
3483	1.2295008e-07
3484	1.2345417e-07
3485	1.2622403e-07
3486	1.2848433e-07
3487	1.3007794e-07
3488	1.317363e-07
3489	1.3140276e-07
3490	1.2620765e-07
3491	1.2241748e-07
3492	1.1999744e-07
3493	1.1867836e-07
3494	1.1732246e-07
3495	1.156054e-07
3496	1.1472789e-07
3497	1.1440651e-07
3498	1.1764971e-07
3499	1.2367329e-07
3500	1.2555353e-07
3501	1.2575257e-07
3502	1.2540822e-07
3503	1.237086e-07
3504	1.2147966e-07
3505	1.1852933e-07
3506	1.1588667e-07
3507	1.1394932e-07
3508	1.1321628e-07
3509	1.1345569e-07
3510	1.1458787e-07
3511	1.1682546e-07
3512	1.1948949e-07
3513	1.2153038e-07
3514	1.2182232e-07
3515	1.2188849e-07
3516	1.2241582e-07
3517	1.2212486e-07
3518	1.2224422e-07
3519	1.2244404e-07
3520	1.2248151e-07
3521	1.2221696e-07
3522	1.2164894e-07
3523	1.2057961e-07
3524	1.2053979e-07
3525	1.2126753e-07
3526	1.2406707e-07
3527	1.2634322e-07
3528	1.280434e-07
3529	1.2942066e-07
3530	1.2773135e-07
3531	1.2283252e-07
3532	1.1926947e-07
3533	1.1746245e-07
3534	1.1628741e-07
3535	1.1473327e-07
3536	1.1309248e-07
3537	1.1236341e-07
3538	1.1265457e-07
3539	1.1723871e-07
3540	1.2212359e-07
3541	1.2342364e-07
3542	1.2339289e-07
3543	1.2338745e-07
3544	1.2130917e-07
3545	1.1874108e-07
3546	1.1578556e-07
3547	1.1331153e-07
3548	1.1168873e-07
3549	1.1124591e-07
3550	1.1159121e-07
3551	1.1293565e-07
3552	1.150418e-07
3553	1.1817522e-07
3554	1.1968714e-07
3555	1.1979529e-07
3556	1.1980229e-07
3557	1.2035375e-07
3558	1.2027377e-07
3559	1.2042419e-07
3560	1.2061197e-07
3561	1.2058767e-07
3562	1.2018611e-07
3563	1.1955817e-07
3564	1.1876669e-07
3565	1.1887604e-07
3566	1.2031877e-07
3567	1.2276323e-07
3568	1.2498241e-07
3569	1.2687504e-07
3570	1.2792915e-07
3571	1.2497164e-07
3572	1.201962e-07
3573	1.1711073e-07
3574	1.1566268e-07
3575	1.1446341e-07
3576	1.1269483e-07
3577	1.1122011e-07
3578	1.1062964e-07
3579	1.116212e-07
3580	1.1716876e-07
3581	1.211549e-07
3582	1.2203806e-07
3583	1.2188414e-07
3584	1.2169101e-07
3585	1.1953376e-07
3586	1.1671192e-07
3587	1.1369782e-07
3588	1.1140799e-07
3589	1.1021289e-07
3590	1.0999402e-07
3591	1.1046451e-07
3592	1.1212202e-07
3593	1.1453727e-07
3594	1.1760254e-07
3595	1.1871437e-07
3596	1.1870071e-07
3597	1.187083e-07
3598	1.1921277e-07
3599	1.1947657e-07
3600	1.1951254e-07
3601	1.1968811e-07
3602	1.1957111e-07
3603	1.1904203e-07
3604	1.1853255e-07
3605	1.1789536e-07
3606	1.1808435e-07
3607	1.2004188e-07
3608	1.2247367e-07
3609	1.2463772e-07
3610	1.2657635e-07
3611	1.2712297e-07
3612	1.2302373e-07
3613	1.1846667e-07
3614	1.1588634e-07
3615	1.1441868e-07
3616	1.1318987e-07
3617	1.1118321e-07
3618	1.0985267e-07
3619	1.0975868e-07
3620	1.1109591e-07
3621	1.1758432e-07
3622	1.2068994e-07
3623	1.2123607e-07
3624	1.2132301e-07
3625	1.204495e-07
3626	1.1819457e-07
3627	1.1506328e-07
3628	1.1207187e-07
3629	1.1011704e-07
3630	1.091187e-07
3631	1.0905724e-07
3632	1.0973459e-07
3633	1.1158434e-07
3634	1.1462026e-07
3635	1.1734629e-07
3636	1.1798131e-07
3637	1.1789217e-07
3638	1.1797477e-07
3639	1.1859894e-07
3640	1.1895429e-07
3641	1.1883632e-07
3642	1.1886009e-07
3643	1.1858621e-07
3644	1.181565e-07
3645	1.1761961e-07
3646	1.1704283e-07
3647	1.1721902e-07
3648	1.1970524e-07
3649	1.2224879e-07
3650	1.2443915e-07
3651	1.2614901e-07
3652	1.2619229e-07
3653	1.2108099e-07
3654	1.1687531e-07
3655	1.1467171e-07
3656	1.1316047e-07
3657	1.1171224e-07
3658	1.0958134e-07
3659	1.0842617e-07
3660	1.0876745e-07
3661	1.1088509e-07
3662	1.1755377e-07
3663	1.1984632e-07
3664	1.2024241e-07
3665	1.2058055e-07
3666	1.1881849e-07
3667	1.1654534e-07
3668	1.1327728e-07
3669	1.1042032e-07
3670	1.0874848e-07
3671	1.0789596e-07
3672	1.0790895e-07
3673	1.0876291e-07
3674	1.1074965e-07
3675	1.1422798e-07
3676	1.1665607e-07
3677	1.1686369e-07
3678	1.1672148e-07
3679	1.1701123e-07
3680	1.1780165e-07
3681	1.178674e-07
3682	1.1769541e-07
3683	1.1766763e-07
3684	1.1733672e-07
3685	1.1733955e-07
3686	1.1628633e-07
3687	1.1582152e-07
3688	1.1607994e-07
3689	1.189521e-07
3690	1.217069e-07
3691	1.2373982e-07
3692	1.2518867e-07
3693	1.2427952e-07
3694	1.1870652e-07
3695	1.1522882e-07
3696	1.1315762e-07
3697	1.1158909e-07
3698	1.0984694e-07
3699	1.0787276e-07
3700	1.0727022e-07
3701	1.0769616e-07
3702	1.1118778e-07
3703	1.1698486e-07
3704	1.1856432e-07
3705	1.1894773e-07
3706	1.194427e-07
3707	1.1703928e-07
3708	1.144071e-07
3709	1.1102912e-07
3710	1.0853324e-07
3711	1.0706635e-07
3712	1.0635908e-07
3713	1.0636712e-07
3714	1.0744079e-07
3715	1.0996006e-07
3716	1.1357704e-07
3717	1.1530311e-07
3718	1.151933e-07
3719	1.1508095e-07
3720	1.1583075e-07
3721	1.1638493e-07
3722	1.1625683e-07
3723	1.1623078e-07
3724	1.1605555e-07
3725	1.1561567e-07
3726	1.1575914e-07
3727	1.1446498e-07
3728	1.1416969e-07
3729	1.1478071e-07
3730	1.17767e-07
3731	1.2070482e-07
3732	1.2260825e-07
3733	1.2357846e-07
3734	1.2136394e-07
3735	1.1602106e-07
3736	1.1300232e-07
3737	1.1109181e-07
3738	1.0958314e-07
3739	1.0765979e-07
3740	1.0583815e-07
3741	1.0568902e-07
3742	1.0630113e-07
3743	1.1107883e-07
3744	1.1580539e-07
3745	1.1684699e-07
3746	1.1753334e-07
3747	1.1747813e-07
3748	1.1493706e-07
3749	1.1188529e-07
3750	1.0864066e-07
3751	1.0640832e-07
3752	1.0510386e-07
3753	1.0449136e-07
3754	1.0468302e-07
3755	1.0601889e-07
3756	1.0893053e-07
3757	1.1242048e-07
3758	1.135599e-07
3759	1.1329638e-07
3760	1.1312638e-07
3761	1.1433495e-07
3762	1.1475501e-07
3763	1.1449425e-07
3764	1.1446911e-07
3765	1.1417577e-07
3766	1.1407856e-07
3767	1.1368148e-07
3768	1.1255967e-07
3769	1.1239699e-07
3770	1.1394833e-07
3771	1.1685396e-07
3772	1.1947858e-07
3773	1.2123418e-07
3774	1.2183546e-07
3775	1.1820159e-07
3776	1.1349383e-07
3777	1.1069781e-07
3778	1.0899379e-07
3779	1.0749352e-07
3780	1.0535276e-07
3781	1.0394562e-07
3782	1.0404119e-07
3783	1.0490376e-07
3784	1.1061303e-07
3785	1.1439861e-07
3786	1.1532304e-07
3787	1.1601482e-07
3788	1.1512108e-07
3789	1.1260295e-07
3790	1.0922113e-07
3791	1.061463e-07
3792	1.0419792e-07
3793	1.031093e-07
3794	1.0266985e-07
3795	1.0306395e-07
3796	1.0480074e-07
3797	1.0816408e-07
3798	1.1107994e-07
3799	1.1171971e-07
3800	1.1140218e-07
3801	1.114931e-07
3802	1.12908e-07
3803	1.1297559e-07
3804	1.1267181e-07
3805	1.1256264e-07
3806	1.121892e-07
3807	1.1225751e-07
3808	1.1132569e-07
3809	1.1057852e-07
3810	1.1042273e-07
3811	1.1262432e-07
3812	1.1553986e-07
3813	1.179133e-07
3814	1.1940053e-07
3815	1.1958379e-07
3816	1.1479466e-07
3817	1.1084994e-07
3818	1.0828889e-07
3819	1.0655352e-07
3820	1.0509341e-07
3821	1.0278261e-07
3822	1.0192897e-07
3823	1.0204234e-07
3824	1.0326837e-07
3825	1.0993436e-07
3826	1.1266945e-07
3827	1.1368149e-07
3828	1.140428e-07
3829	1.1240484e-07
3830	1.0978573e-07
3831	1.0629306e-07
3832	1.035929e-07
3833	1.0197658e-07
3834	1.0086297e-07
3835	1.0057175e-07
3836	1.0112194e-07
3837	1.0344466e-07
3838	1.0687868e-07
3839	1.0935733e-07
3840	1.0954206e-07
3841	1.0934453e-07
3842	1.0990355e-07
3843	1.110814e-07
3844	1.1093536e-07
3845	1.1057379e-07
3846	1.1023975e-07
3847	1.1002874e-07
3848	1.1019829e-07
3849	1.088693e-07
3850	1.0818607e-07
3851	1.0812944e-07
3852	1.1104388e-07
3853	1.1388987e-07
3854	1.1588258e-07
3855	1.1704219e-07
3856	1.1690684e-07
3857	1.1145566e-07
3858	1.0785128e-07
3859	1.0549274e-07
3860	1.0379865e-07
3861	1.0212966e-07
3862	9.9918698e-08
3863	9.9541817e-08
3864	9.9750177e-08
3865	1.020449e-07
3866	1.0823507e-07
3867	1.1026191e-07
3868	1.1145584e-07
3869	1.1152217e-07
3870	1.0909793e-07
3871	1.0645404e-07
3872	1.0319022e-07
3873	1.0084817e-07
3874	9.9377012e-08
3875	9.8326889e-08
3876	9.8161273e-08
3877	9.893169e-08
3878	1.015558e-07
3879	1.0502828e-07
3880	1.0709529e-07
3881	1.0695198e-07
3882	1.0680633e-07
3883	1.0800089e-07
3884	1.0864479e-07
3885	1.0827178e-07
3886	1.0790954e-07
3887	1.0761746e-07
3888	1.0775579e-07
3889	1.0759419e-07
3890	1.0614228e-07
3891	1.0561789e-07
3892	1.0578465e-07
3893	1.0907623e-07
3894	1.1185957e-07
3895	1.1349058e-07
3896	1.1448152e-07
3897	1.1287863e-07
3898	1.0791663e-07
3899	1.0470983e-07
3900	1.0258018e-07
3901	1.0092278e-07
3902	9.8990777e-08
3903	9.7443415e-08
3904	9.7290711e-08
3905	9.7493082e-08
3906	1.0133267e-07
3907	1.0633922e-07
3908	1.0796909e-07
3909	1.0872554e-07
3910	1.0864578e-07
3911	1.059209e-07
3912	1.0291827e-07
3913	9.990548e-08
3914	9.7814141e-08
3915	9.645024e-08
3916	9.5519439e-08
3917	9.5359389e-08
3918	9.674128e-08
3919	9.9501253e-08
3920	1.0299377e-07
3921	1.0424527e-07
3922	1.0395806e-07
3923	1.0406755e-07
3924	1.055947e-07
3925	1.0567565e-07
3926	1.052665e-07
3927	1.0504391e-07
3928	1.0475913e-07
3929	1.0508374e-07
3930	1.0447373e-07
3931	1.0326759e-07
3932	1.027888e-07
3933	1.0384081e-07
3934	1.0700755e-07
3935	1.0964724e-07
3936	1.1103894e-07
3937	1.1158047e-07
3938	1.0884287e-07
3939	1.043948e-07
3940	1.0148128e-07
3941	9.9544504e-08
3942	9.8077991e-08
3943	9.6047946e-08
3944	9.501646e-08
3945	9.4905189e-08
3946	9.5496104e-08
3947	1.0018354e-07
3948	1.0414753e-07
3949	1.0564377e-07
3950	1.0617153e-07
3951	1.0543542e-07
3952	1.0274992e-07
3953	9.9568699e-08
3954	9.686116e-08
3955	9.5045638e-08
3956	9.3714039e-08
3957	9.2990979e-08
3958	9.3111262e-08
3959	9.4994313e-08
3960	9.7942019e-08
3961	1.0084805e-07
3962	1.015291e-07
3963	1.0116751e-07
3964	1.0163965e-07
3965	1.0295901e-07
3966	1.029046e-07
3967	1.0248688e-07
3968	1.0221262e-07
3969	1.0224682e-07
3970	1.0234142e-07
3971	1.0132594e-07
3972	1.0030854e-07
3973	9.9930393e-08
3974	1.0210911e-07
3975	1.0499496e-07
3976	1.0724475e-07
3977	1.0852476e-07
3978	1.0869702e-07
3979	1.0503922e-07
3980	1.0095073e-07
3981	9.8323765e-08
3982	9.6707795e-08
3983	9.5363374e-08
3984	9.33606e-08
3985	9.2696148e-08
3986	9.2660709e-08
3987	9.3577884e-08
3988	9.897482e-08
3989	1.0218841e-07
3990	1.0366953e-07
3991	1.0392665e-07
3992	1.0241271e-07
3993	9.9777039e-08
3994	9.6621998e-08
3995	9.4211825e-08
3996	9.2609676e-08
3997	9.1377485e-08
3998	9.1004945e-08
3999	9.1569542e-08
4000	9.3678555e-08
4001	9.6832852e-08
4002	9.9227197e-08
4003	9.938433e-08
4004	9.913054e-08
4005	1.0012446e-07
4006	1.011916e-07
4007	1.0097274e-07
4008	1.0052901e-07
4009	1.0032809e-07
4010	1.0068358e-07
4011	1.0055266e-07
4012	9.9288892e-08
4013	9.8507301e-08
4014	9.8369262e-08
4015	1.0123025e-07
4016	1.0405498e-07
4017	1.0585966e-07
4018	1.0690792e-07
4019	1.0675903e-07
4020	1.0215301e-07
4021	9.8559009e-08
4022	9.6163305e-08
4023	9.453719e-08
4024	9.3095944e-08
4025	9.1342873e-08
4026	9.0805383e-08
4027	9.0824826e-08
4028	9.2427873e-08
4029	9.8236491e-08
4030	1.0095674e-07
4031	1.0203629e-07
4032	1.0208861e-07
4033	9.977172e-08
4034	9.727476e-08
4035	9.428678e-08
4036	9.2165395e-08
4037	9.0729536e-08
4038	8.9606995e-08
4039	8.9321929e-08
4040	9.0543214e-08
4041	9.2833238e-08
4042	9.6003968e-08
4043	9.7995284e-08
4044	9.7877047e-08
4045	9.8126742e-08
4046	9.9369821e-08
4047	9.997575e-08
4048	9.9660526e-08
4049	9.9221976e-08
4050	9.9218197e-08
4051	9.9659395e-08
4052	9.9512382e-08
4053	9.8096805e-08
4054	9.7343161e-08
4055	9.7666632e-08
4056	1.0113001e-07
4057	1.0392013e-07
4058	1.0538606e-07
4059	1.0628172e-07
4060	1.0541432e-07
4061	1.0060336e-07
4062	9.7324574e-08
4063	9.5152733e-08
4064	9.362256e-08
4065	9.1836205e-08
4066	9.0550707e-08
4067	9.0234081e-08
4068	9.0401828e-08
4069	9.3543283e-08
4070	9.8612496e-08
4071	1.009702e-07
4072	1.0165115e-07
4073	1.0162785e-07
4074	9.8671499e-08
4075	9.5780183e-08
4076	9.3081133e-08
4077	9.109045e-08
4078	8.9654679e-08
4079	8.8708002e-08
4080	8.8589805e-08
4081	9.0221021e-08
4082	9.2686932e-08
4083	9.6040212e-08
4084	9.7258449e-08
4085	9.6981243e-08
4086	9.7579669e-08
4087	9.903989e-08
4088	9.9066809e-08
4089	9.861211e-08
4090	9.8323214e-08
4091	9.8689473e-08
4092	9.8879173e-08
4093	9.8354631e-08
4094	9.7008573e-08
4095	9.6589175e-08
4096	9.7799908e-08
4097	1.0122928e-07
4098	1.0387344e-07
4099	1.0524678e-07
4100	1.0584622e-07
4101	1.0382703e-07
4102	9.9147336e-08
4103	9.610404e-08
4104	9.4096119e-08
4105	9.2584239e-08
4106	9.0888285e-08
4107	8.9870975e-08
4108	8.9715435e-08
4109	9.0300892e-08
4110	9.4678578e-08
4111	9.9377762e-08
4112	1.0126882e-07
4113	1.016882e-07
4114	1.008732e-07
4115	9.7982421e-08
4116	9.5007649e-08
4117	9.2390413e-08
4118	9.0489566e-08
4119	8.906859e-08
4120	8.8312799e-08
4121	8.8769107e-08
4122	9.0727487e-08
4123	9.3541795e-08
4124	9.6618958e-08
4125	9.7362494e-08
4126	9.7190226e-08
4127	9.8098661e-08
4128	9.9348915e-08
4129	9.9210437e-08
4130	9.8683797e-08
4131	9.8545435e-08
4132	9.9189896e-08
4133	9.9125456e-08
4134	9.8117485e-08
4135	9.6940458e-08
4136	9.6559567e-08
4137	9.9004424e-08
4138	1.02133e-07
4139	1.0437055e-07
4140	1.0569164e-07
4141	1.0592932e-07
4142	1.0261926e-07
4143	9.810005e-08
4144	9.5062927e-08
4145	9.3166255e-08
4146	9.1642035e-08
4147	8.9956223e-08
4148	8.9078754e-08
4149	8.8987652e-08
4150	8.9883577e-08
4151	9.529354e-08
4152	9.9540854e-08
4153	1.0082815e-07
4154	1.0105074e-07
4155	9.9419413e-08
4156	9.6574609e-08
4157	9.3475011e-08
4158	9.1090572e-08
4159	8.9279386e-08
4160	8.7909755e-08
4161	8.7438206e-08
4162	8.8495227e-08
4163	9.0662193e-08
4164	9.3823784e-08
4165	9.6345704e-08
4166	9.6632286e-08
4167	9.6963684e-08
4168	9.7919969e-08
4169	9.8905476e-08
4170	9.8687747e-08
4171	9.8176323e-08
4172	9.845282e-08
4173	9.8864292e-08
4174	9.872679e-08
4175	9.736864e-08
4176	9.6337603e-08
4177	9.6380528e-08
4178	9.9619678e-08
4179	1.0264045e-07
4180	1.0454971e-07
4181	1.0564125e-07
4182	1.0603636e-07
4183	1.0128503e-07
4184	9.7144403e-08
4185	9.4359396e-08
4186	9.2599016e-08
4187	9.1260271e-08
4188	8.9633622e-08
4189	8.8962617e-08
4190	8.9000731e-08
4191	9.0338143e-08
4192	9.648159e-08
4193	9.9927476e-08
4194	1.0088769e-07
4195	1.0079276e-07
4196	9.8276429e-08
4197	9.5574356e-08
4198	9.2661555e-08
4199	9.0260112e-08
4200	8.8528059e-08
4201	8.7287182e-08
4202	8.7100669e-08
4203	8.8523375e-08
4204	9.0742991e-08
4205	9.3935642e-08
4206	9.6001063e-08
4207	9.5930427e-08
4208	9.6559441e-08
4209	9.7575976e-08
4210	9.8207263e-08
4211	9.7734308e-08
4212	9.722963e-08
4213	9.7780791e-08
4214	9.7906415e-08
4215	9.7730473e-08
4216	9.5968395e-08
4217	9.5089849e-08
4218	9.5682302e-08
4219	9.9336187e-08
4220	1.0213715e-07
4221	1.037449e-07
4222	1.0465202e-07
4223	1.0446386e-07
4224	9.9028993e-08
4225	9.5256189e-08
4226	9.2762262e-08
4227	9.1053901e-08
4228	8.9738665e-08
4229	8.8303712e-08
4230	8.7883125e-08
4231	8.8029482e-08
4232	9.0725025e-08
4233	9.673171e-08
4234	9.9288849e-08
4235	9.9933966e-08
4236	9.981274e-08
4237	9.6654767e-08
4238	9.39748e-08
4239	9.1187372e-08
4240	8.8949921e-08
4241	8.7397255e-08
4242	8.633495e-08
4243	8.6637645e-08
4244	8.8297981e-08
4245	9.0571417e-08
4246	9.3864988e-08
4247	9.518986e-08
4248	9.5228703e-08
4249	9.6006845e-08
4250	9.7272929e-08
4251	9.7182311e-08
4252	9.6541799e-08
4253	9.6418643e-08
4254	9.7031352e-08
4255	9.6979054e-08
4256	9.6381632e-08
4257	9.4788681e-08
4258	9.4257406e-08
4259	9.5525874e-08
4260	9.9009227e-08
4261	1.015707e-07
4262	1.0283949e-07
4263	1.0359055e-07
4264	1.0201099e-07
4265	9.691066e-08
4266	9.3503197e-08
4267	9.132241e-08
4268	8.9717536e-08
4269	8.8444449e-08
4270	8.7213757e-08
4271	8.6895637e-08
4272	8.7189105e-08
4273	9.0949291e-08
4274	9.6247771e-08
4275	9.7852567e-08
4276	9.8154462e-08
4277	9.7364255e-08
4278	9.4397394e-08
4279	9.1699618e-08
4280	8.9046807e-08
4281	8.6978702e-08
4282	8.546653e-08
4283	8.4636778e-08
4284	8.5276927e-08
4285	8.7089505e-08
4286	8.9367101e-08
4287	9.2339136e-08
4288	9.316393e-08
4289	9.3495146e-08
4290	9.4133761e-08
4291	9.5185429e-08
4292	9.4933357e-08
4293	9.424487e-08
4294	9.4601488e-08
4295	9.4912586e-08
4296	9.4778082e-08
4297	9.379661e-08
4298	9.2483124e-08
4299	9.2318911e-08
4300	9.4587851e-08
4301	9.7519129e-08
4302	9.9626954e-08
4303	1.0080348e-07
4304	1.0166622e-07
4305	9.8664618e-08
4306	9.3957585e-08
4307	9.0895168e-08
4308	8.9081413e-08
4309	8.7967859e-08
4310	8.6531681e-08
4311	8.5598479e-08
4312	8.5467204e-08
4313	8.5972048e-08
4314	9.071881e-08
4315	9.514549e-08
4316	9.6287791e-08
4317	9.6287749e-08
4318	9.4770263e-08
4319	9.2235428e-08
4320	8.95331e-08
4321	8.6992653e-08
4322	8.5119017e-08
4323	8.373639e-08
4324	8.3432392e-08
4325	8.4314297e-08
4326	8.6011092e-08
4327	8.8538814e-08
4328	9.0857091e-08
4329	9.1301878e-08
4330	9.1877306e-08
4331	9.2436321e-08
4332	9.3219963e-08
4333	9.2722989e-08
4334	9.2101827e-08
4335	9.2826425e-08
4336	9.2884312e-08
4337	9.2589565e-08
4338	9.1339112e-08
4339	9.0307853e-08
4340	9.0560092e-08
4341	9.3284504e-08
4342	9.5836734e-08
4343	9.7538794e-08
4344	9.8600568e-08
4345	9.9389029e-08
4346	9.5117416e-08
4347	9.0967142e-08
4348	8.8279809e-08
4349	8.6597699e-08
4350	8.5932087e-08
4351	8.4333633e-08
4352	8.3569503e-08
4353	8.3466562e-08
4354	8.4176598e-08
4355	8.9903843e-08
4356	9.2948643e-08
4357	9.375971e-08
4358	9.356486e-08
4359	9.1472672e-08
4360	8.9254949e-08
4361	8.6610281e-08
4362	8.4280646e-08
4363	8.2649435e-08
4364	8.1343576e-08
4365	8.1515362e-08
4366	8.2695505e-08
4367	8.4300458e-08
4368	8.6873722e-08
4369	8.87037e-08
4370	8.9174148e-08
4371	8.9732166e-08
4372	9.0287308e-08
4373	9.0820279e-08
4374	9.0247577e-08
4375	9.01734e-08
4376	9.0691618e-08
4377	9.0737012e-08
4378	9.0470264e-08
4379	8.8968568e-08
4380	8.8278029e-08
4381	8.8873697e-08
4382	9.1935754e-08
4383	9.4274945e-08
4384	9.5589364e-08
4385	9.6833683e-08
4386	9.7269551e-08
4387	9.2153471e-08
4388	8.8484057e-08
4389	8.6210694e-08
4390	8.4867387e-08
4391	8.4145792e-08
4392	8.2707608e-08
4393	8.2195582e-08
4394	8.2096761e-08
4395	8.3638948e-08
4396	8.9292284e-08
4397	9.1518809e-08
4398	9.2013834e-08
4399	9.1671168e-08
4400	8.9117817e-08
4401	8.7131046e-08
4402	8.4579719e-08
4403	8.2361533e-08
4404	8.0853341e-08
4405	7.9880716e-08
4406	8.0267067e-08
4407	8.1594969e-08
4408	8.3008421e-08
4409	8.5616871e-08
4410	8.6948598e-08
4411	8.7510834e-08
4412	8.7887587e-08
4413	8.8719675e-08
4414	8.8686311e-08
4415	8.802132e-08
4416	8.8473277e-08
4417	8.8746005e-08
4418	8.8736606e-08
4419	8.8268008e-08
4420	8.6807185e-08
4421	8.6591982e-08
4422	8.7394746e-08
4423	9.0437073e-08
4424	9.2627111e-08
4425	9.3683476e-08
4426	9.5056712e-08
4427	9.3985304e-08
4428	8.920671e-08
4429	8.6020221e-08
4430	8.4060938e-08
4431	8.3201279e-08
4432	8.2175532e-08
4433	8.0939547e-08
4434	8.0589984e-08
4435	8.0465825e-08
4436	8.3536094e-08
4437	8.8330956e-08
4438	8.9882943e-08
4439	9.0041011e-08
4440	8.9516074e-08
4441	8.7135566e-08
4442	8.4929154e-08
4443	8.2413661e-08
4444	8.0404875e-08
4445	7.8958381e-08
4446	7.8549227e-08
4447	7.9081338e-08
4448	8.0534613e-08
4449	8.1909361e-08
4450	8.4580715e-08
4451	8.5725569e-08
4452	8.6238367e-08
4453	8.6579396e-08
4454	8.7502127e-08
4455	8.7132075e-08
4456	8.6821685e-08
4457	8.7498341e-08
4458	8.7666531e-08
4459	8.7488389e-08
4460	8.6709929e-08
4461	8.5628942e-08
4462	8.5739222e-08
4463	8.7332936e-08
4464	8.993362e-08
4465	9.1811678e-08
4466	9.3114361e-08
4467	9.4303498e-08
4468	9.1944594e-08
4469	8.7422932e-08
4470	8.4552666e-08
4471	8.2861906e-08
4472	8.2423181e-08
4473	8.1147048e-08
4474	8.0107014e-08
4475	7.9818546e-08
4476	7.9925829e-08
4477	8.4248699e-08
4478	8.8226402e-08
4479	8.9270804e-08
4480	8.9212386e-08
4481	8.8111199e-08
4482	8.6084014e-08
4483	8.3624975e-08
4484	8.1088969e-08
4485	7.9284828e-08
4486	7.7933523e-08
4487	7.7912746e-08
4488	7.8672857e-08
4489	7.998434e-08
4490	8.18188e-08
4491	8.3987309e-08
4492	8.521834e-08
4493	8.5579505e-08
4494	8.5884082e-08
4495	8.663996e-08
4496	8.62225e-08
4497	8.6420101e-08
4498	8.6829613e-08
4499	8.6942278e-08
4500	8.6658033e-08
4501	8.5640398e-08
4502	8.4939526e-08
4503	8.5174595e-08
4504	8.7373088e-08
4505	8.9706353e-08
4506	9.1192113e-08
4507	9.2873005e-08
4508	9.3786505e-08
4509	9.0038772e-08
4510	8.5769055e-08
4511	8.3029642e-08
4512	8.1875882e-08
4513	8.1397186e-08
4514	7.9808554e-08
4515	7.8958718e-08
4516	7.8734621e-08
4517	7.9583087e-08
4518	8.4780617e-08
4519	8.7984759e-08
4520	8.87021e-08
4521	8.8441339e-08
4522	8.6981603e-08
4523	8.5108573e-08
4524	8.2429605e-08
4525	7.9885475e-08
4526	7.8165892e-08
4527	7.7209797e-08
4528	7.7411357e-08
4529	7.8365286e-08
4530	7.9612986e-08
4531	8.1919111e-08
4532	8.402014e-08
4533	8.4992465e-08
4534	8.5235242e-08
4535	8.5637083e-08
4536	8.6144159e-08
4537	8.5809025e-08
4538	8.6313028e-08
4539	8.6596188e-08
4540	8.6593377e-08
4541	8.6189121e-08
4542	8.5014133e-08
4543	8.475109e-08
4544	8.5121912e-08
4545	8.7759464e-08
4546	9.0016068e-08
4547	9.1506147e-08
4548	9.3251197e-08
4549	9.3752803e-08
4550	8.8756261e-08
4551	8.4859358e-08
4552	8.2344036e-08
4553	8.1545744e-08
4554	8.0886137e-08
4555	7.9235301e-08
4556	7.8550673e-08
4557	7.8231914e-08
4558	8.0146816e-08
4559	8.5474649e-08
4560	8.7819315e-08
4561	8.8250629e-08
4562	8.7887917e-08
4563	8.6057656e-08
4564	8.4146575e-08
4565	8.1341286e-08
4566	7.8936576e-08
4567	7.7341935e-08
4568	7.6759228e-08
4569	7.7103931e-08
4570	7.8215872e-08
4571	7.9418147e-08
4572	8.178167e-08
4573	8.3928331e-08
4574	8.442981e-08
4575	8.456614e-08
4576	8.5107994e-08
4577	8.5183429e-08
4578	8.5251465e-08
4579	8.5509662e-08
4580	8.5665678e-08
4581	8.5480276e-08
4582	8.5048919e-08
4583	8.3917525e-08
4584	8.3730829e-08
4585	8.4154086e-08
4586	8.7019476e-08
4587	8.9120229e-08
4588	9.0728442e-08
4589	9.2204935e-08
4590	9.1470529e-08
4591	8.6332866e-08
4592	8.2855466e-08
4593	8.1023607e-08
4594	8.0395954e-08
4595	7.936882e-08
4596	7.7940069e-08
4597	7.7385851e-08
4598	7.7300897e-08
4599	8.0319441e-08
4600	8.5002318e-08
4601	8.6515989e-08
4602	8.6563672e-08
4603	8.6502204e-08
4604	8.4378204e-08
4605	8.2113158e-08
4606	7.932462e-08
4607	7.710851e-08
4608	7.5850128e-08
4609	7.5542146e-08
4610	7.592875e-08
4611	7.7203168e-08
4612	7.8272932e-08
4613	8.0832414e-08
4614	8.2644245e-08
4615	8.2832044e-08
4616	8.2943131e-08
4617	8.3738449e-08
4618	8.3506695e-08
4619	8.3938229e-08
4620	8.4142687e-08
4621	8.4187845e-08
4622	8.387225e-08
4623	8.3232111e-08
4624	8.2531356e-08
4625	8.254505e-08
4626	8.3493577e-08
4627	8.6026105e-08
4628	8.7849833e-08
4629	8.959532e-08
4630	9.0718154e-08
4631	8.8614752e-08
4632	8.3864428e-08
4633	8.0814964e-08
4634	7.9718924e-08
4635	7.9198747e-08
4636	7.7882018e-08
4637	7.6673429e-08
4638	7.6155428e-08
4639	7.678602e-08
4640	8.0230377e-08
4641	8.4184808e-08
4642	8.515596e-08
4643	8.5073387e-08
4644	8.4603225e-08
4645	8.2678813e-08
4646	8.0147177e-08
4647	7.7447088e-08
4648	7.5484441e-08
4649	7.465064e-08
4650	7.4571354e-08
4651	7.5054907e-08
4652	7.6081526e-08
4653	7.726278e-08
4654	7.9862077e-08
4655	8.1102843e-08
4656	8.1102878e-08
4657	8.1204557e-08
4658	8.182327e-08
4659	8.1936862e-08
4660	8.2110801e-08
4661	8.2297008e-08
4662	8.220666e-08
4663	8.1738415e-08
4664	8.1070232e-08
4665	8.0740933e-08
4666	8.0735483e-08
4667	8.2287188e-08
4668	8.4267503e-08
4669	8.607436e-08
4670	8.7754892e-08
4671	8.8463696e-08
4672	8.5122826e-08
4673	8.0928357e-08
4674	7.8411902e-08
4675	7.7707726e-08
4676	7.7231808e-08
4677	7.5692344e-08
4678	7.4617994e-08
4679	7.4223615e-08
4680	7.5393768e-08
4681	7.9227454e-08
4682	8.2267192e-08
4683	8.2754007e-08
4684	8.2668872e-08
4685	8.1941619e-08
4686	8.0075918e-08
4687	7.7364769e-08
4688	7.4876334e-08
4689	7.338217e-08
4690	7.2772218e-08
4691	7.2849345e-08
4692	7.3483995e-08
4693	7.4294776e-08
4694	7.5825732e-08
4695	7.8302161e-08
4696	7.9044562e-08
4697	7.9042501e-08
4698	7.9148225e-08
4699	7.955387e-08
4700	8.0075566e-08
4701	8.0046074e-08
4702	8.0164258e-08
4703	7.9978374e-08
4704	7.9568646e-08
4705	7.9083586e-08
4706	7.8887486e-08
4707	7.8821949e-08
4708	8.0814114e-08
4709	8.2684335e-08
4710	8.4548283e-08
4711	8.6054708e-08
4712	8.6471779e-08
4713	8.2176773e-08
4714	7.8428339e-08
4715	7.6676619e-08
4716	7.6121203e-08
4717	7.5654096e-08
4718	7.3972206e-08
4719	7.3124595e-08
4720	7.3309912e-08
4721	7.457323e-08
4722	7.878835e-08
4723	8.0825741e-08
4724	8.1164213e-08
4725	8.1206752e-08
4726	7.992152e-08
4727	7.8023639e-08
4728	7.5394302e-08
4729	7.3133202e-08
4730	7.2143009e-08
4731	7.1621652e-08
4732	7.1792536e-08
4733	7.2529874e-08
4734	7.307341e-08
4735	7.5173005e-08
4736	7.7344795e-08
4737	7.7593211e-08
4738	7.7526013e-08
4739	7.7671583e-08
4740	7.8328995e-08
4741	7.8608143e-08
4742	7.8489413e-08
4743	7.8493207e-08
4744	7.8243501e-08
4745	7.8077796e-08
4746	7.7535479e-08
4747	7.7303391e-08
4748	7.7273627e-08
4749	7.9423132e-08
4750	8.1440626e-08
4751	8.3182089e-08
4752	8.4518074e-08
4753	8.4097534e-08
4754	7.9299427e-08
4755	7.6110813e-08
4756	7.4976634e-08
4757	7.4427501e-08
4758	7.3571113e-08
4759	7.2025089e-08
4760	7.133798e-08
4761	7.1921667e-08
4762	7.3745219e-08
4763	7.7668923e-08
4764	7.9025181e-08
4765	7.9159001e-08
4766	7.9588692e-08
4767	7.779093e-08
4768	7.5629509e-08
4769	7.3015473e-08
4770	7.1011866e-08
4771	7.0304159e-08
4772	6.993242e-08
4773	7.0067344e-08
4774	7.1001301e-08
4775	7.1426479e-08
4776	7.4209786e-08
4777	7.5782726e-08
4778	7.5740922e-08
4779	7.570792e-08
4780	7.6247346e-08
4781	7.6881908e-08
4782	7.6845215e-08
4783	7.6937252e-08
4784	7.6884752e-08
4785	7.6582273e-08
4786	7.6558053e-08
4787	7.6146894e-08
4788	7.5834181e-08
4789	7.6089403e-08
4790	7.8296563e-08
4791	8.0673694e-08
4792	8.2282656e-08
4793	8.3301956e-08
4794	8.1571877e-08
4795	7.7016285e-08
4796	7.461361e-08
4797	7.3697521e-08
4798	7.3233325e-08
4799	7.2088143e-08
4800	7.0741822e-08
4801	7.0637415e-08
4802	7.1230721e-08
4803	7.3878769e-08
4804	7.7378941e-08
4805	7.8239046e-08
4806	7.8624602e-08
4807	7.8802968e-08
4808	7.6877429e-08
4809	7.4364906e-08
4810	7.1766558e-08
4811	7.0363222e-08
4812	6.9668541e-08
4813	6.9458293e-08
4814	6.9758656e-08
4815	7.0651109e-08
4816	7.1570279e-08
4817	7.4480937e-08
4818	7.5601171e-08
4819	7.5492115e-08
4820	7.5378444e-08
4821	7.6305935e-08
4822	7.6967066e-08
4823	7.6817672e-08
4824	7.6813171e-08
4825	7.6580122e-08
4826	7.6421407e-08
4827	7.6386345e-08
4828	7.5961383e-08
4829	7.558378e-08
4830	7.6651817e-08
4831	7.8807528e-08
4832	8.1007002e-08
4833	8.2494566e-08
4834	8.308906e-08
4835	8.0118795e-08
4836	7.5765529e-08
4837	7.392572e-08
4838	7.3199726e-08
4839	7.2675699e-08
4840	7.1127228e-08
4841	6.981779e-08
4842	7.0304867e-08
4843	7.099517e-08
4844	7.4218245e-08
4845	7.7173592e-08
4846	7.782792e-08
4847	7.8396432e-08
4848	7.7851249e-08
4849	7.5741538e-08
4850	7.2976894e-08
4851	7.0370986e-08
4852	6.9330014e-08
4853	6.8671658e-08
4854	6.8594143e-08
4855	6.9051621e-08
4856	6.9650671e-08
4857	7.1635648e-08
4858	7.4149187e-08
4859	7.480164e-08
4860	7.4620554e-08
4861	7.4646414e-08
4862	7.6076887e-08
4863	7.6285086e-08
4864	7.6061363e-08
4865	7.6038904e-08
4866	7.57988e-08
4867	7.5809661e-08
4868	7.5552197e-08
4869	7.5112532e-08
4870	7.4764789e-08
4871	7.6430032e-08
4872	7.8902982e-08
4873	8.0905978e-08
4874	8.2304697e-08
4875	8.250987e-08
4876	7.8299648e-08
4877	7.47912e-08
4878	7.3096522e-08
4879	7.2327106e-08
4880	7.1778008e-08
4881	6.9897711e-08
4882	6.9220547e-08
4883	6.9628725e-08
4884	7.0645278e-08
4885	7.4579447e-08
4886	7.6704664e-08
4887	7.7394997e-08
4888	7.7946319e-08
4889	7.6696073e-08
4890	7.4491517e-08
4891	7.1567883e-08
4892	6.9581202e-08
4893	6.8746055e-08
4894	6.8142718e-08
4895	6.8176519e-08
4896	6.8826819e-08
4897	6.9476421e-08
4898	7.2097565e-08
4899	7.4237237e-08
4900	7.4453132e-08
4901	7.4324472e-08
4902	7.4731714e-08
4903	7.6205844e-08
4904	7.6190264e-08
4905	7.591934e-08
4906	7.5763905e-08
4907	7.5624739e-08
4908	7.6056349e-08
4909	7.5593602e-08
4910	7.5055932e-08
4911	7.4812261e-08
4912	7.7049836e-08
4913	7.9715653e-08
4914	8.1402716e-08
4915	8.2501111e-08
4916	8.2393655e-08
4917	7.7319994e-08
4918	7.4601406e-08
4919	7.3205996e-08
4920	7.2531764e-08
4921	7.1657287e-08
4922	6.9822163e-08
4923	6.9934899e-08
4924	7.0196165e-08
4925	7.167754e-08
4926	7.5349005e-08
4927	7.6849837e-08
4928	7.7667898e-08
4929	7.8064029e-08
4930	7.6024513e-08
4931	7.3709209e-08
4932	7.0941026e-08
4933	6.9449777e-08
4934	6.8652881e-08
4935	6.8093621e-08
4936	6.8071218e-08
4937	6.8686815e-08
4938	6.9490492e-08
4939	7.2155448e-08
4940	7.3691808e-08
4941	7.3573031e-08
4942	7.3315652e-08
4943	7.4520447e-08
4944	7.517596e-08
4945	7.4900926e-08
4946	7.4608587e-08
4947	7.4422905e-08
4948	7.4578965e-08
4949	7.4919471e-08
4950	7.4291351e-08
4951	7.3657979e-08
4952	7.3440546e-08
4953	7.6171701e-08
4954	7.8543871e-08
4955	7.9915453e-08
4956	8.0765212e-08
4957	7.9220415e-08
4958	7.492822e-08
4959	7.2739364e-08
4960	7.1640954e-08
4961	7.10135e-08
4962	6.9774652e-08
4963	6.8527248e-08
4964	6.8814865e-08
4965	6.903806e-08
4966	7.0987879e-08
4967	7.4078881e-08
4968	7.5232053e-08
4969	7.6021689e-08
4970	7.6186759e-08
4971	7.4000043e-08
4972	7.1472984e-08
4973	6.9173964e-08
4974	6.7977124e-08
4975	6.7221878e-08
4976	6.676861e-08
4977	6.6767469e-08
4978	6.7401691e-08
4979	6.8403906e-08
4980	7.1042483e-08
4981	7.1907472e-08
4982	7.1586795e-08
4983	7.1503238e-08
4984	7.3148034e-08
4985	7.3260915e-08
4986	7.2869806e-08
4987	7.2714563e-08
4988	7.2608108e-08
4989	7.3041949e-08
4990	7.3209258e-08
4991	7.2546583e-08
4992	7.1901494e-08
4993	7.2451723e-08
4994	7.5086331e-08
4995	7.7200846e-08
4996	7.838864e-08
4997	7.8854679e-08
4998	7.623741e-08
4999	7.2804227e-08
5000	7.1006842e-08
