1	1
2	0.43354095
3	0.13055561
4	0.092952909
5	0.10534204
6	0.037323742
7	0.031423999
8	0.022823912
9	0.009984735
10	0.0079427346
11	0.0066815021
12	0.0060550985
13	0.0059501721
14	0.0051164694
15	0.0044978823
16	0.0043549257
17	0.00441903
18	0.004493533
19	0.0045437679
20	0.0046097201
21	0.0046948194
22	0.0047291211
23	0.0046470327
24	0.0045936868
25	0.0046160992
26	0.004673236
27	0.004716853
28	0.0047390549
29	0.0047235399
30	0.0046926541
31	0.0046838204
32	0.0046953064
33	0.0047031529
34	0.0046944455
35	0.0046688498
36	0.0046454138
37	0.0046281827
38	0.0046041003
39	0.0045776899
40	0.0045488569
41	0.0045176675
42	0.0044871667
43	0.004456394
44	0.0044234959
45	0.0043867098
46	0.0043482597
47	0.0043109047
48	0.0042747267
49	0.0042375985
50	0.004199715
51	0.0041616083
52	0.0041244522
53	0.004088023
54	0.0040506677
55	0.0040136103
56	0.0039769571
57	0.00394092
58	0.0039051539
59	0.0038699775
60	0.0038352686
61	0.003801501
62	0.0037678271
63	0.0037343826
64	0.0037018839
65	0.0036696078
66	0.0036377399
67	0.0036060426
68	0.0035749526
69	0.0035441991
70	0.0035139826
71	0.0034837983
72	0.003454513
73	0.0034252666
74	0.0033963798
75	0.0033680668
76	0.0033402554
77	0.003312774
78	0.0032855581
79	0.0032590426
80	0.0032328599
81	0.0032066719
82	0.0031812297
83	0.003156238
84	0.0031313868
85	0.0031070846
86	0.0030828619
87	0.00305939
88	0.0030361237
89	0.0030129748
90	0.0029901666
91	0.0029678962
92	0.0029460335
93	0.0029237095
94	0.0029017264
95	0.0028791557
96	0.0028522726
97	0.00282732
98	0.0028061746
99	0.0027865357
100	0.0027674528
101	0.0027483886
102	0.0027295277
103	0.002711009
104	0.0026927987
105	0.0026748444
106	0.0026570361
107	0.0026394657
108	0.0026221255
109	0.0026049275
110	0.0025879992
111	0.0025712062
112	0.002554655
113	0.0025383226
114	0.0025220568
115	0.0025060017
116	0.0024901162
117	0.0024744651
118	0.0024589691
119	0.0024436044
120	0.0024285662
121	0.0024135931
122	0.0023988042
123	0.0023842255
124	0.0023697187
125	0.0023554705
126	0.0023412527
127	0.0023272511
128	0.0023134344
129	0.0022997226
130	0.0022862746
131	0.002273036
132	0.0022600172
133	0.0022471243
134	0.0022342912
135	0.0022216848
136	0.0022091597
137	0.00219675
138	0.0021845123
139	0.0021723532
140	0.0021603169
141	0.0021483823
142	0.002136524
143	0.0021248543
144	0.0021132462
145	0.0021017499
146	0.0020904211
147	0.0020773198
148	0.0020654097
149	0.0020538795
150	0.0020424365
151	0.0020313545
152	0.0020203935
153	0.002009632
154	0.0019990321
155	0.0019885071
156	0.001978148
157	0.0019677996
158	0.0019575989
159	0.0019474754
160	0.0019373383
161	0.0019274482
162	0.0019175786
163	0.0019076685
164	0.0018979827
165	0.0018882906
166	0.0018786879
167	0.001869224
168	0.0018597776
169	0.0018505182
170	0.0018412984
171	0.0018320381
172	0.0018229894
173	0.0018139279
174	0.001804902
175	0.0017960776
176	0.001787255
177	0.0017784705
178	0.001769868
179	0.0017612508
180	0.0017528449
181	0.0017443886
182	0.0017359457
183	0.0017277087
184	0.0017193766
185	0.0017113154
186	0.0017032329
187	0.0016951678
188	0.0016873081
189	0.0016794605
190	0.0016716087
191	0.001663982
192	0.0016563836
193	0.0016489386
194	0.0016415429
195	0.0016341029
196	0.0016268984
197	0.0016197056
198	0.0016125447
199	0.0016056098
200	0.0015986012
201	0.0015918268
202	0.0015850824
203	0.0015783497
204	0.0015718359
205	0.0015653536
206	0.0015588911
207	0.0015527568
208	0.0015465923
209	0.0015403974
210	0.0015344028
211	0.0015284062
212	0.0015224308
213	0.0015166399
214	0.0015108438
215	0.0015050833
216	0.0014994812
217	0.0014938717
218	0.0014882933
219	0.0014828583
220	0.0014775774
221	0.0014722646
222	0.0014670093
223	0.0014617719
224	0.0014565959
225	0.0014514294
226	0.001446366
227	0.0014413414
228	0.0014363591
229	0.0014313908
230	0.0014265193
231	0.0014216698
232	0.0014169735
233	0.0014122692
234	0.0014075719
235	0.0014028727
236	0.0013982157
237	0.0013935828
238	0.0013889701
239	0.0013844386
240	0.0013799251
241	0.0013754544
242	0.0013710511
243	0.0013666733
244	0.0013624903
245	0.0013582683
246	0.0013540133
247	0.0013497725
248	0.0013455642
249	0.0013413938
250	0.0013372482
251	0.0013330991
252	0.0013289936
253	0.0013249296
254	0.0013209168
255	0.0013169037
256	0.0013130762
257	0.0013091906
258	0.0013052926
259	0.0013014026
260	0.0012975231
261	0.0012936595
262	0.0012898288
263	0.0012860492
264	0.0012822837
265	0.0012785346
266	0.0012748217
267	0.001271302
268	0.0012677071
269	0.001264115
270	0.0012605171
271	0.0012569221
272	0.0012533717
273	0.0012498303
274	0.0012463025
275	0.0012428039
276	0.0012393275
277	0.0012360553
278	0.0012327046
279	0.0012293198
280	0.001225911
281	0.0012225057
282	0.0012191523
283	0.0012158125
284	0.0012125108
285	0.0012092459
286	0.0012061867
287	0.0012030543
288	0.0011999022
289	0.0011967331
290	0.0011935856
291	0.0011904765
292	0.0011873641
293	0.0011842842
294	0.0011813986
295	0.0011784111
296	0.0011753762
297	0.0011723414
298	0.0011692485
299	0.0011661659
300	0.0011631096
301	0.0011603042
302	0.0011573839
303	0.0011544082
304	0.0011514243
305	0.0011484301
306	0.0011454444
307	0.0011424859
308	0.0011397472
309	0.0011368488
310	0.0011339614
311	0.0011310657
312	0.0011281137
313	0.0011251646
314	0.0011222587
315	0.001119545
316	0.0011166963
317	0.0011138232
318	0.0011109127
319	0.0011079637
320	0.0011050244
321	0.0011023286
322	0.0010995463
323	0.0010967142
324	0.0010938553
325	0.0010909913
326	0.0010881347
327	0.0010855231
328	0.0010827952
329	0.0010800165
330	0.0010772061
331	0.0010743693
332	0.0010717518
333	0.0010690384
334	0.0010662823
335	0.0010634875
336	0.0010606915
337	0.0010581308
338	0.0010554526
339	0.0010527307
340	0.0010499834
341	0.0010472036
342	0.0010446555
343	0.0010419949
344	0.001039307
345	0.0010365593
346	0.0010337716
347	0.0010312571
348	0.0010286121
349	0.0010259616
350	0.0010232448
351	0.0010204925
352	0.0010180037
353	0.0010154138
354	0.0010127449
355	0.0010100537
356	0.0010073458
357	0.0010048952
358	0.0010023286
359	0.00099967614
360	0.00099700574
361	0.00099431411
362	0.00099194768
363	0.00098941784
364	0.00098679403
365	0.0009841848
366	0.00098155983
367	0.00097920061
368	0.0009766834
369	0.00097414391
370	0.00097152915
371	0.00096882763
372	0.00096649675
373	0.00096401443
374	0.00096144674
375	0.00095888731
376	0.00095628168
377	0.00095367549
378	0.00095140065
379	0.00094895822
380	0.00094643254
381	0.00094391147
382	0.00094136825
383	0.00093911458
384	0.00093670359
385	0.00093427383
386	0.00093178248
387	0.0009293379
388	0.00092686897
389	0.00092478311
390	0.0009225081
391	0.00092019139
392	0.00091780736
393	0.00091542102
394	0.00091304522
395	0.00091067794
396	0.00090835182
397	0.00090629409
398	0.00090408368
399	0.00090184969
400	0.00089951989
401	0.00089720279
402	0.0008949002
403	0.0008926025
404	0.00089031344
405	0.00088804059
406	0.00088578257
407	0.00088381854
408	0.0008817236
409	0.00087959932
410	0.00087739993
411	0.00087518602
412	0.00087295862
413	0.00087074332
414	0.00086856025
415	0.00086638306
416	0.00086420898
417	0.00086205024
418	0.0008598488
419	0.0008577028
420	0.00085554176
421	0.00085341502
422	0.00085131376
423	0.0008491757
424	0.00084707988
425	0.00084495956
426	0.00084287509
427	0.00084076362
428	0.00083897042
429	0.00083702249
430	0.00083502315
431	0.00083296278
432	0.00083085886
433	0.00082876087
434	0.00082667575
435	0.00082459944
436	0.00082254306
437	0.00082048026
438	0.0008184111
439	0.00081634817
440	0.00081428934
441	0.00081247065
442	0.00081058353
443	0.00080857989
444	0.00080652932
445	0.00080445437
446	0.00080232213
447	0.0008002087
448	0.00079808912
449	0.00079599579
450	0.00079411157
451	0.00079213147
452	0.00079011889
453	0.0007879901
454	0.00078581964
455	0.00078360942
456	0.00078142451
457	0.00077921847
458	0.00077729109
459	0.00077522242
460	0.0007730533
461	0.00077085173
462	0.00076856723
463	0.0007662783
464	0.00076396608
465	0.00076193887
466	0.00075978373
467	0.00075757122
468	0.00075523629
469	0.00075288944
470	0.00075051793
471	0.00074844605
472	0.00074623927
473	0.00074399538
474	0.00074165578
475	0.00073929893
476	0.0007368989
477	0.00073477243
478	0.00073258387
479	0.00073031634
480	0.00072793754
481	0.00072554057
482	0.00072337173
483	0.00072115803
484	0.00071887647
485	0.00071647792
486	0.00071406809
487	0.00071191705
488	0.0007096459
489	0.00070735419
490	0.00070496733
491	0.00070255509
492	0.00070038062
493	0.00069815488
494	0.00069585343
495	0.0006934685
496	0.00069101759
497	0.00068885048
498	0.000686634
499	0.00068435055
500	0.0006819514
501	0.00067953304
502	0.00067739148
503	0.00067515898
504	0.00067289011
505	0.00067055162
506	0.00066844688
507	0.00066623975
508	0.00066394215
509	0.00066162703
510	0.00065924179
511	0.00065718878
512	0.00065504983
513	0.00065282354
514	0.00065054188
515	0.00064853963
516	0.00064639843
517	0.00064420574
518	0.00064195642
519	0.00063961431
520	0.00063764394
521	0.00063557692
522	0.00063343866
523	0.00063118954
524	0.00062927853
525	0.00062723726
526	0.00062509624
527	0.00062291108
528	0.00062064911
529	0.00061876427
530	0.00061678293
531	0.00061472913
532	0.00061255893
533	0.00061075813
534	0.0006087785
535	0.00060672018
536	0.00060462009
537	0.0006028437
538	0.00060092095
539	0.00059893267
540	0.00059683244
541	0.00059469927
542	0.00059294687
543	0.00059108398
544	0.00058915716
545	0.00058713418
546	0.00058544653
547	0.00058358979
548	0.00058168334
549	0.00057967562
550	0.00057804814
551	0.00057624613
552	0.00057437632
553	0.00057240127
554	0.00057037949
555	0.00056874783
556	0.00056702091
557	0.00056522227
558	0.00056331873
559	0.00056175147
560	0.00056001945
561	0.00055824171
562	0.00055635347
563	0.00055485559
564	0.0005531876
565	0.00055144981
566	0.00054959483
567	0.00054813713
568	0.00054650724
569	0.00054481537
570	0.0005429964
571	0.00054111033
572	0.00053965916
573	0.00053811638
574	0.00053648574
575	0.00053471994
576	0.00053335487
577	0.00053181431
578	0.00053017798
579	0.00052845518
580	0.00052711436
581	0.00052564897
582	0.00052407191
583	0.00052238551
584	0.00052061322
585	0.00051928766
586	0.00051786635
587	0.00051638151
588	0.00051472939
589	0.00051347144
590	0.00051206374
591	0.00051056608
592	0.0005089453
593	0.00050771944
594	0.00050633477
595	0.00050486952
596	0.00050324961
597	0.000501538
598	0.00050029941
599	0.0004989758
600	0.00049754728
601	0.00049596348
602	0.00049477983
603	0.00049342334
604	0.00049197343
605	0.00049038071
606	0.00048869431
607	0.00048749378
608	0.00048617178
609	0.000484776
610	0.00048322585
611	0.00048204074
612	0.00048070669
613	0.0004792889
614	0.00047773293
615	0.00047602802
616	0.00047483975
617	0.00047355022
618	0.00047218248
619	0.00047064637
620	0.00046947056
621	0.00046817116
622	0.00046677383
623	0.00046522244
624	0.0004635327
625	0.00046236201
626	0.00046111868
627	0.000459774
628	0.00045823794
629	0.00045711757
630	0.00045584717
631	0.00045447804
632	0.00045294066
633	0.00045123599
634	0.00045010949
635	0.00044888979
636	0.00044756005
637	0.00044605301
638	0.00044496688
639	0.00044368756
640	0.00044234019
641	0.00044082366
642	0.00043914425
643	0.00043802289
644	0.00043684332
645	0.0004355824
646	0.00043408382
647	0.00043303747
648	0.00043182285
649	0.00043054582
650	0.00042908945
651	0.00042746327
652	0.00042642691
653	0.00042532405
654	0.00042411536
655	0.00042270542
656	0.00042175116
657	0.00042059249
658	0.00041936116
659	0.00041794564
660	0.00041634661
661	0.0004153797
662	0.00041433183
663	0.00041318028
664	0.00041176963
665	0.00041087173
666	0.00040975999
667	0.00040857761
668	0.00040715226
669	0.00040555951
670	0.00040466222
671	0.00040363281
672	0.00040251068
673	0.00040111253
674	0.00040025653
675	0.00039917364
676	0.00039798072
677	0.00039659859
678	0.00039500879
679	0.0003941296
680	0.00039316516
681	0.00039208452
682	0.00039072656
683	0.00038994705
684	0.00038894292
685	0.00038778794
686	0.0003864797
687	0.00038497305
688	0.00038421382
689	0.00038331458
690	0.0003822758
691	0.00038096585
692	0.00038025508
693	0.00037932197
694	0.00037825679
695	0.00037694762
696	0.00037547086
697	0.00037480619
698	0.00037397138
699	0.00037296512
700	0.00037167895
701	0.00037021451
702	0.0003695845
703	0.00036877633
704	0.00036776937
705	0.00036651607
706	0.00036594925
707	0.00036508859
708	0.00036406511
709	0.00036281323
710	0.00036139586
711	0.00036085281
712	0.00036010249
713	0.00035913597
714	0.00035790707
715	0.00035740236
716	0.00035660263
717	0.00035561637
718	0.00035440304
719	0.00035302826
720	0.00035255977
721	0.00035185847
722	0.00035092075
723	0.00034972044
724	0.00034930915
725	0.00034856308
726	0.00034760908
727	0.00034642374
728	0.000345087
729	0.00034472757
730	0.00034411461
731	0.00034324644
732	0.0003420822
733	0.00034173486
734	0.00034105644
735	0.00034016019
736	0.00033900174
737	0.00033770222
738	0.0003374392
739	0.00033688243
740	0.00033602453
741	0.00033488478
742	0.00033465231
743	0.00033406097
744	0.00033321079
745	0.00033208666
746	0.00033081704
747	0.00033065019
748	0.00033016553
749	0.00032935778
750	0.00032825041
751	0.00032810179
752	0.00032757197
753	0.00032674575
754	0.00032565094
755	0.00032445071
756	0.00032436275
757	0.00032391139
758	0.00032312243
759	0.0003220393
760	0.00032194268
761	0.00032146033
762	0.00032065694
763	0.00031959635
764	0.00031843949
765	0.00031839697
766	0.00031798809
767	0.00031721535
768	0.00031612642
769	0.00031606172
770	0.00031560521
771	0.00031483311
772	0.00031376328
773	0.00031377169
774	0.00031335468
775	0.00031257929
776	0.00031151231
777	0.00031153537
778	0.00031111666
779	0.00031035534
780	0.00030926789
781	0.00030929319
782	0.0003088821
783	0.00030812051
784	0.00030703686
785	0.00030708621
786	0.00030667639
787	0.00030590727
788	0.00030481971
789	0.00030486242
790	0.00030446096
791	0.00030370996
792	0.00030261949
793	0.00030267506
794	0.00030227274
795	0.00030151125
796	0.00030040718
797	0.00030043167
798	0.0003000272
799	0.00029925673
800	0.00029814326
801	0.00029814951
802	0.00029770571
803	0.0002969114
804	0.00029578543
805	0.00029575569
806	0.00029530378
807	0.00029448429
808	0.00029336665
809	0.00029327141
810	0.00029274045
811	0.00029188587
812	0.00029178047
813	0.00029116001
814	0.00029020337
815	0.00028904008
816	0.00028877794
817	0.0002881234
818	0.0002871764
819	0.00028684029
820	0.00028605607
821	0.0002850462
822	0.00028459459
823	0.00028370311
824	0.00028261885
825	0.00028192337
826	0.00028086069
827	0.00027965148
828	0.00027865745
829	0.00027745772
830	0.00027618341
831	0.00027489219
832	0.00027370911
833	0.00027258338
834	0.00027150809
835	0.00027047552
836	0.00026944741
837	0.00026845706
838	0.00026748461
839	0.00026651569
840	0.00026553188
841	0.00026456489
842	0.0002635975
843	0.00026265848
844	0.00026172327
845	0.0002608011
846	0.00025986641
847	0.00025894284
848	0.00025801914
849	0.00025711669
850	0.00025621459
851	0.00025533774
852	0.00025443148
853	0.00025354168
854	0.00025266007
855	0.0002517917
856	0.00025091088
857	0.00025003917
858	0.00024917001
859	0.00024830902
860	0.00024744964
861	0.00024659149
862	0.00024573926
863	0.00024489828
864	0.00024405319
865	0.00024322297
866	0.00024238095
867	0.00024156332
868	0.00024073417
869	0.00023990895
870	0.0002390805
871	0.00023828231
872	0.00023747672
873	0.00023667538
874	0.00023587491
875	0.00023508341
876	0.00023429741
877	0.00023352435
878	0.00023274772
879	0.00023198317
880	0.00023122422
881	0.00023048288
882	0.00022972979
883	0.00022899216
884	0.00022823941
885	0.00022747018
886	0.00022670214
887	0.00022596733
888	0.00022523906
889	0.0002245177
890	0.00022378147
891	0.00022305623
892	0.00022232043
893	0.00022161686
894	0.00022091182
895	0.00022020893
896	0.00021950266
897	0.00021881225
898	0.00021811804
899	0.00021743278
900	0.00021675839
901	0.00021609566
902	0.00021541243
903	0.00021474451
904	0.00021408846
905	0.00021344351
906	0.00021277922
907	0.00021213342
908	0.00021148762
909	0.00021086667
910	0.00021024796
911	0.00020963126
912	0.00020901723
913	0.00020842164
914	0.00020781104
915	0.00020721412
916	0.00020661818
917	0.00020603473
918	0.00020544346
919	0.0002048619
920	0.00020428326
921	0.00020372362
922	0.00020315268
923	0.00020259277
924	0.00020203706
925	0.00020150724
926	0.00020098883
927	0.0002004423
928	0.00019989747
929	0.00019936704
930	0.00019882221
931	0.00019827685
932	0.00019776249
933	0.00019725222
934	0.00019674916
935	0.00019623326
936	0.00019570917
937	0.00019521352
938	0.00019472046
939	0.00019422749
940	0.00019372048
941	0.00019324278
942	0.00019276979
943	0.00019228833
944	0.00019181483
945	0.00019135367
946	0.00019090986
947	0.00019043482
948	0.00018998315
949	0.0001895505
950	0.00018909732
951	0.00018865514
952	0.00018820927
953	0.00018778851
954	0.00018737341
955	0.00018694904
956	0.00018652834
957	0.00018611495
958	0.00018573318
959	0.00018533419
960	0.00018492465
961	0.0001845125
962	0.00018411079
963	0.00018371383
964	0.00018331499
965	0.00018294894
966	0.00018258768
967	0.00018219074
968	0.00018182012
969	0.00018146395
970	0.00018112552
971	0.00018078206
972	0.00018041408
973	0.00018005254
974	0.0001797114
975	0.00017934957
976	0.00017899079
977	0.00017862565
978	0.00017828576
979	0.00017793845
980	0.00017757572
981	0.00017723815
982	0.00017691152
983	0.00017659649
984	0.00017625788
985	0.00017591525
986	0.00017560234
987	0.00017527973
988	0.0001749763
989	0.00017465304
990	0.00017433124
991	0.00017404688
992	0.00017374421
993	0.00017341625
994	0.00017312206
995	0.00017282223
996	0.00017253998
997	0.00017223813
998	0.00017195131
999	0.00017168699
1000	0.00017141782
1001	0.00017114682
1002	0.00017087789
1003	0.00017060444
1004	0.00017034247
1005	0.00017006641
1006	0.00016977291
1007	0.00016953054
1008	0.0001692953
1009	0.00016903316
1010	0.00016877249
1011	0.00016853595
1012	0.00016830691
1013	0.00016807078
1014	0.00016783189
1015	0.00016758746
1016	0.00016735925
1017	0.00016712483
1018	0.00016687572
1019	0.00016663174
1020	0.00016637986
1021	0.00016613102
1022	0.00016587694
1023	0.00016563307
1024	0.00016542469
1025	0.00016520654
1026	0.00016495936
1027	0.00016472322
1028	0.00016450769
1029	0.00016427167
1030	0.00016404377
1031	0.00016382985
1032	0.00016360248
1033	0.00016338559
1034	0.0001631613
1035	0.00016292669
1036	0.00016272887
1037	0.0001625181
1038	0.00016228602
1039	0.00016207632
1040	0.00016188498
1041	0.00016168841
1042	0.00016149535
1043	0.00016128675
1044	0.00016108797
1045	0.00016089545
1046	0.00016069455
1047	0.00016047515
1048	0.0001602749
1049	0.00016008878
1050	0.0001599004
1051	0.00015971513
1052	0.00015953307
1053	0.00015934677
1054	0.00015917052
1055	0.00015899866
1056	0.00015880673
1057	0.00015863279
1058	0.00015845885
1059	0.00015827134
1060	0.00015807487
1061	0.00015787352
1062	0.00015767785
1063	0.00015747288
1064	0.00015727061
1065	0.00015707449
1066	0.00015690845
1067	0.00015672833
1068	0.00015654875
1069	0.00015637691
1070	0.00015619714
1071	0.00015601508
1072	0.00015583657
1073	0.00015566813
1074	0.00015548977
1075	0.00015530489
1076	0.00015511871
1077	0.00015493287
1078	0.00015478279
1079	0.00015460755
1080	0.00015442288
1081	0.00015426593
1082	0.0001541175
1083	0.00015394855
1084	0.00015379634
1085	0.00015364595
1086	0.00015347106
1087	0.0001533157
1088	0.00015315393
1089	0.00015297432
1090	0.00015282263
1091	0.00015268015
1092	0.00015251649
1093	0.00015236622
1094	0.00015223094
1095	0.00015208302
1096	0.00015194513
1097	0.00015179832
1098	0.00015164708
1099	0.00015150776
1100	0.00015136062
1101	0.00015121834
1102	0.0001510377
1103	0.00015087486
1104	0.0001507
1105	0.00015053213
1106	0.00015036863
1107	0.00015021199
1108	0.00015008012
1109	0.00014992752
1110	0.00014976648
1111	0.00014963249
1112	0.00014949031
1113	0.00014933702
1114	0.00014919587
1115	0.00014904514
1116	0.00014887217
1117	0.00014872065
1118	0.00014858491
1119	0.00014842818
1120	0.00014829213
1121	0.00014814272
1122	0.00014799749
1123	0.00014785708
1124	0.00014773358
1125	0.00014760343
1126	0.00014744908
1127	0.00014730917
1128	0.00014716937
1129	0.00014701464
1130	0.00014687004
1131	0.00014674762
1132	0.00014661341
1133	0.00014646999
1134	0.00014635916
1135	0.00014623972
1136	0.00014611548
1137	0.00014599511
1138	0.0001458738
1139	0.00014574183
1140	0.00014561211
1141	0.00014550301
1142	0.00014537444
1143	0.00014518257
1144	0.00014504576
1145	0.0001449008
1146	0.00014474456
1147	0.00014458599
1148	0.00014446827
1149	0.00014434168
1150	0.0001442072
1151	0.00014408079
1152	0.00014396042
1153	0.0001438445
1154	0.00014370254
1155	0.00014356639
1156	0.00014343351
1157	0.00014328638
1158	0.00014315519
1159	0.00014302778
1160	0.0001428899
1161	0.00014275724
1162	0.00014264037
1163	0.00014251659
1164	0.00014239611
1165	0.00014226287
1166	0.00014215246
1167	0.00014203267
1168	0.00014189671
1169	0.00014177395
1170	0.00014164911
1171	0.00014152637
1172	0.00014141611
1173	0.00014131712
1174	0.0001412201
1175	0.00014111014
1176	0.00014098769
1177	0.00014089445
1178	0.00014080457
1179	0.00014069049
1180	0.00014057488
1181	0.00014047774
1182	0.00014037979
1183	0.00014024453
1184	0.00014010367
1185	0.00013998599
1186	0.00013985312
1187	0.00013970688
1188	0.00013959036
1189	0.00013949622
1190	0.00013939001
1191	0.00013927547
1192	0.0001391625
1193	0.00013905486
1194	0.00013895112
1195	0.00013882753
1196	0.00013870208
1197	0.00013858002
1198	0.00013845546
1199	0.00013833885
1200	0.00013823116
1201	0.00013812149
1202	0.00013802054
1203	0.00013790413
1204	0.00013779812
1205	0.00013769785
1206	0.0001375987
1207	0.00013748401
1208	0.00013737035
1209	0.00013724632
1210	0.00013712509
1211	0.00013699978
1212	0.00013690652
1213	0.00013681654
1214	0.00013671926
1215	0.00013660829
1216	0.00013651722
1217	0.00013643034
1218	0.00013634288
1219	0.00013622957
1220	0.00013613052
1221	0.00013604867
1222	0.00013596034
1223	0.00013585522
1224	0.00013570762
1225	0.00013558389
1226	0.00013544768
1227	0.00013530405
1228	0.00013518584
1229	0.00013508887
1230	0.00013498426
1231	0.00013487461
1232	0.00013476557
1233	0.00013465653
1234	0.00013455441
1235	0.00013444024
1236	0.00013431828
1237	0.00013420476
1238	0.00013409154
1239	0.00013396702
1240	0.0001338672
1241	0.00013376109
1242	0.00013363665
1243	0.00013352739
1244	0.00013344665
1245	0.00013334298
1246	0.00013322903
1247	0.00013311158
1248	0.00013299095
1249	0.00013287314
1250	0.00013275456
1251	0.00013262675
1252	0.00013252371
1253	0.00013243277
1254	0.00013235144
1255	0.00013223466
1256	0.00013213311
1257	0.00013204979
1258	0.00013194977
1259	0.00013183708
1260	0.00013173382
1261	0.00013164244
1262	0.00013154642
1263	0.0001314418
1264	0.00013130399
1265	0.0001311698
1266	0.00013103188
1267	0.00013088394
1268	0.0001307552
1269	0.0001306575
1270	0.00013056154
1271	0.00013043743
1272	0.00013032633
1273	0.0001302186
1274	0.00013011623
1275	0.00012998738
1276	0.0001298604
1277	0.00012972852
1278	0.0001296062
1279	0.00012947562
1280	0.00012936486
1281	0.00012925012
1282	0.00012914414
1283	0.00012902831
1284	0.00012892582
1285	0.00012881572
1286	0.00012870374
1287	0.00012859002
1288	0.000128466
1289	0.00012834713
1290	0.00012822086
1291	0.00012809827
1292	0.00012795853
1293	0.00012786707
1294	0.00012777133
1295	0.00012765944
1296	0.00012752838
1297	0.00012742519
1298	0.00012733184
1299	0.00012724302
1300	0.00012711429
1301	0.00012699802
1302	0.00012690314
1303	0.00012681542
1304	0.00012667473
1305	0.00012649636
1306	0.00012636155
1307	0.00012623137
1308	0.00012609149
1309	0.00012596525
1310	0.00012584138
1311	0.00012573825
1312	0.00012560844
1313	0.00012547252
1314	0.00012534502
1315	0.00012523671
1316	0.00012511587
1317	0.00012495883
1318	0.00012480926
1319	0.00012467748
1320	0.00012457611
1321	0.00012444574
1322	0.00012432418
1323	0.00012421381
1324	0.00012409301
1325	0.00012397955
1326	0.00012385458
1327	0.00012373546
1328	0.00012360472
1329	0.00012343799
1330	0.00012330036
1331	0.00012317587
1332	0.00012305963
1333	0.00012294592
1334	0.00012280367
1335	0.00012270325
1336	0.00012259319
1337	0.00012247933
1338	0.00012236553
1339	0.00012224328
1340	0.00012213304
1341	0.00012201968
1342	0.00012189408
1343	0.00012177619
1344	0.00012165847
1345	0.00012147399
1346	0.00012131342
1347	0.00012115862
1348	0.00012102898
1349	0.00012088349
1350	0.00012074171
1351	0.00012061267
1352	0.00012049312
1353	0.00012035037
1354	0.00012019658
1355	0.00012007073
1356	0.0001199433
1357	0.00011980497
1358	0.00011964334
1359	0.00011947254
1360	0.00011935497
1361	0.00011922664
1362	0.00011909176
1363	0.00011894368
1364	0.00011881772
1365	0.0001187117
1366	0.00011857981
1367	0.00011843389
1368	0.00011828681
1369	0.00011813584
1370	0.00011798966
1371	0.00011784372
1372	0.00011769869
1373	0.00011759414
1374	0.00011745418
1375	0.00011731398
1376	0.00011718918
1377	0.00011706114
1378	0.0001169436
1379	0.00011679845
1380	0.00011666932
1381	0.00011656262
1382	0.00011643241
1383	0.00011629163
1384	0.00011615016
1385	0.00011596956
1386	0.00011581082
1387	0.00011564356
1388	0.00011548182
1389	0.00011533647
1390	0.00011519587
1391	0.00011505399
1392	0.00011490247
1393	0.00011475032
1394	0.00011458572
1395	0.00011443997
1396	0.00011428534
1397	0.00011412685
1398	0.00011396314
1399	0.00011378011
1400	0.00011363212
1401	0.00011348803
1402	0.00011335243
1403	0.00011321849
1404	0.00011307615
1405	0.00011295007
1406	0.00011283469
1407	0.0001126897
1408	0.0001125372
1409	0.00011236812
1410	0.00011221114
1411	0.00011206498
1412	0.0001119121
1413	0.00011177165
1414	0.00011163863
1415	0.00011150412
1416	0.00011136552
1417	0.00011121419
1418	0.00011108524
1419	0.00011096133
1420	0.00011083671
1421	0.00011071755
1422	0.00011059506
1423	0.00011045845
1424	0.00011032552
1425	0.00011014137
1426	0.00010994958
1427	0.00010978556
1428	0.00010962116
1429	0.0001094618
1430	0.00010929551
1431	0.00010915176
1432	0.00010900175
1433	0.00010883628
1434	0.00010866472
1435	0.00010850969
1436	0.00010835427
1437	0.0001082005
1438	0.00010804257
1439	0.00010788099
1440	0.00010774109
1441	0.00010760955
1442	0.00010745412
1443	0.00010733108
1444	0.00010722059
1445	0.00010711208
1446	0.00010698922
1447	0.00010686678
1448	0.00010672314
1449	0.00010658788
1450	0.00010643818
1451	0.00010629239
1452	0.00010616963
1453	0.00010604294
1454	0.00010591895
1455	0.00010580386
1456	0.0001056914
1457	0.00010557724
1458	0.00010545573
1459	0.00010534873
1460	0.00010522426
1461	0.00010512007
1462	0.0001050324
1463	0.00010491395
1464	0.00010480989
1465	0.00010469489
1466	0.00010449452
1467	0.00010435384
1468	0.00010421373
1469	0.00010408786
1470	0.00010396479
1471	0.00010384702
1472	0.00010371741
1473	0.00010359114
1474	0.00010346386
1475	0.00010332877
1476	0.00010319174
1477	0.00010307617
1478	0.00010293543
1479	0.00010278075
1480	0.00010263116
1481	0.00010252154
1482	0.00010239349
1483	0.00010228452
1484	0.00010215137
1485	0.00010205589
1486	0.00010195013
1487	0.00010185931
1488	0.00010173811
1489	0.00010161428
1490	0.00010146358
1491	0.00010134828
1492	0.00010122061
1493	0.00010108944
1494	0.00010099429
1495	0.00010090248
1496	0.00010077608
1497	0.0001006745
1498	0.00010056282
1499	0.00010046385
1500	0.0001003634
1501	0.00010025717
1502	0.00010016547
1503	0.00010007967
1504	9.9979263e-05
1505	9.9861893e-05
1506	9.9729866e-05
1507	9.9576391e-05
1508	9.9422835e-05
1509	9.9276515e-05
1510	9.9164255e-05
1511	9.9050867e-05
1512	9.894739e-05
1513	9.8813295e-05
1514	9.8670262e-05
1515	9.8543541e-05
1516	9.8415054e-05
1517	9.8297141e-05
1518	9.8171802e-05
1519	9.8034992e-05
1520	9.7882969e-05
1521	9.7756943e-05
1522	9.763733e-05
1523	9.7521241e-05
1524	9.7427664e-05
1525	9.7316747e-05
1526	9.7199482e-05
1527	9.7120622e-05
1528	9.7043123e-05
1529	9.6909374e-05
1530	9.6759649e-05
1531	9.664187e-05
1532	9.6525255e-05
1533	9.6393826e-05
1534	9.6269688e-05
1535	9.6182611e-05
1536	9.6090403e-05
1537	9.5992949e-05
1538	9.588107e-05
1539	9.5760005e-05
1540	9.5680641e-05
1541	9.5587244e-05
1542	9.5477373e-05
1543	9.5395796e-05
1544	9.5318866e-05
1545	9.5229759e-05
1546	9.5088058e-05
1547	9.4917172e-05
1548	9.4791281e-05
1549	9.4654857e-05
1550	9.4524211e-05
1551	9.4409486e-05
1552	9.4306659e-05
1553	9.4194282e-05
1554	9.4064961e-05
1555	9.393935e-05
1556	9.3822404e-05
1557	9.3708053e-05
1558	9.3593214e-05
1559	9.3455732e-05
1560	9.3305293e-05
1561	9.3185807e-05
1562	9.3073434e-05
1563	9.2939341e-05
1564	9.2839251e-05
1565	9.2754114e-05
1566	9.265194e-05
1567	9.2542305e-05
1568	9.2460218e-05
1569	9.2380667e-05
1570	9.2259208e-05
1571	9.211904e-05
1572	9.2005864e-05
1573	9.1900184e-05
1574	9.177108e-05
1575	9.1662764e-05
1576	9.1572245e-05
1577	9.1489887e-05
1578	9.1400895e-05
1579	9.1289344e-05
1580	9.1187008e-05
1581	9.1101698e-05
1582	9.1008914e-05
1583	9.0912835e-05
1584	9.0820685e-05
1585	9.0758607e-05
1586	9.0669611e-05
1587	9.0551948e-05
1588	9.0365267e-05
1589	9.0249863e-05
1590	9.0129364e-05
1591	9.0015155e-05
1592	8.9889252e-05
1593	8.9791276e-05
1594	8.9696631e-05
1595	8.9565651e-05
1596	8.9432087e-05
1597	8.9324251e-05
1598	8.9225613e-05
1599	8.9094386e-05
1600	8.8951752e-05
1601	8.8815222e-05
1602	8.8690849e-05
1603	8.8589238e-05
1604	8.8466751e-05
1605	8.8380503e-05
1606	8.8291138e-05
1607	8.8204453e-05
1608	8.8105209e-05
1609	8.8010013e-05
1610	8.7924172e-05
1611	8.7794459e-05
1612	8.7666459e-05
1613	8.7546191e-05
1614	8.7441605e-05
1615	8.7332788e-05
1616	8.7221343e-05
1617	8.7129371e-05
1618	8.7044277e-05
1619	8.6942011e-05
1620	8.6829806e-05
1621	8.6748923e-05
1622	8.6670544e-05
1623	8.6562043e-05
1624	8.6487435e-05
1625	8.639739e-05
1626	8.6323138e-05
1627	8.6225627e-05
1628	8.6066232e-05
1629	8.5913001e-05
1630	8.57903e-05
1631	8.5677471e-05
1632	8.5572653e-05
1633	8.5460479e-05
1634	8.5374134e-05
1635	8.5280066e-05
1636	8.5160887e-05
1637	8.5035717e-05
1638	8.4940761e-05
1639	8.484676e-05
1640	8.4728992e-05
1641	8.4589732e-05
1642	8.4467152e-05
1643	8.4367028e-05
1644	8.4259794e-05
1645	8.4139101e-05
1646	8.4058279e-05
1647	8.3977915e-05
1648	8.3890712e-05
1649	8.3797636e-05
1650	8.3723532e-05
1651	8.3612187e-05
1652	8.3479927e-05
1653	8.3352349e-05
1654	8.3250228e-05
1655	8.315211e-05
1656	8.3067703e-05
1657	8.2987844e-05
1658	8.2905983e-05
1659	8.2831243e-05
1660	8.2739029e-05
1661	8.2633836e-05
1662	8.2560709e-05
1663	8.2484858e-05
1664	8.240167e-05
1665	8.2329867e-05
1666	8.2258467e-05
1667	8.2185434e-05
1668	8.2090281e-05
1669	8.1898115e-05
1670	8.1777063e-05
1671	8.1660137e-05
1672	8.1551775e-05
1673	8.143955e-05
1674	8.1336427e-05
1675	8.1252551e-05
1676	8.1152049e-05
1677	8.1024424e-05
1678	8.0921363e-05
1679	8.0825389e-05
1680	8.0728645e-05
1681	8.0597375e-05
1682	8.0463288e-05
1683	8.0348929e-05
1684	8.0259924e-05
1685	8.0140539e-05
1686	8.0044121e-05
1687	7.9964436e-05
1688	7.989301e-05
1689	7.9807394e-05
1690	7.9719869e-05
1691	7.9649908e-05
1692	7.9527151e-05
1693	7.9388355e-05
1694	7.9273805e-05
1695	7.9171001e-05
1696	7.9076638e-05
1697	7.899276e-05
1698	7.890084e-05
1699	7.8818586e-05
1700	7.8738871e-05
1701	7.8634506e-05
1702	7.8546861e-05
1703	7.8467788e-05
1704	7.8383146e-05
1705	7.8313863e-05
1706	7.8229993e-05
1707	7.8158623e-05
1708	7.8071961e-05
1709	7.794211e-05
1710	7.7775704e-05
1711	7.7652242e-05
1712	7.7539404e-05
1713	7.7452565e-05
1714	7.7340308e-05
1715	7.7240884e-05
1716	7.7150135e-05
1717	7.7040463e-05
1718	7.6926836e-05
1719	7.6814408e-05
1720	7.6723731e-05
1721	7.6614404e-05
1722	7.6479617e-05
1723	7.6340326e-05
1724	7.6229849e-05
1725	7.6128651e-05
1726	7.6020102e-05
1727	7.5938265e-05
1728	7.5851925e-05
1729	7.5787688e-05
1730	7.5713991e-05
1731	7.5634248e-05
1732	7.5546e-05
1733	7.5424487e-05
1734	7.5302735e-05
1735	7.5187215e-05
1736	7.5080631e-05
1737	7.4986962e-05
1738	7.4904732e-05
1739	7.4813249e-05
1740	7.4729449e-05
1741	7.4636411e-05
1742	7.4548524e-05
1743	7.4466998e-05
1744	7.4387683e-05
1745	7.4299665e-05
1746	7.4247687e-05
1747	7.417914e-05
1748	7.4097523e-05
1749	7.4006451e-05
1750	7.3851651e-05
1751	7.3719162e-05
1752	7.3587334e-05
1753	7.3479438e-05
1754	7.3379289e-05
1755	7.3275177e-05
1756	7.3189796e-05
1757	7.3090742e-05
1758	7.2984747e-05
1759	7.2881418e-05
1760	7.2780074e-05
1761	7.2666057e-05
1762	7.2554183e-05
1763	7.2436678e-05
1764	7.2305554e-05
1765	7.2197508e-05
1766	7.2098515e-05
1767	7.2010692e-05
1768	7.1922664e-05
1769	7.1844848e-05
1770	7.1770536e-05
1771	7.1713021e-05
1772	7.1652397e-05
1773	7.1542258e-05
1774	7.1420104e-05
1775	7.1321065e-05
1776	7.1215531e-05
1777	7.1107307e-05
1778	7.1024067e-05
1779	7.0956104e-05
1780	7.0879738e-05
1781	7.0784602e-05
1782	7.068622e-05
1783	7.0616278e-05
1784	7.0552055e-05
1785	7.0471971e-05
1786	7.0404981e-05
1787	7.0351073e-05
1788	7.0289131e-05
1789	7.0213122e-05
1790	7.0113765e-05
1791	6.9942103e-05
1792	6.9825504e-05
1793	6.9714781e-05
1794	6.9609436e-05
1795	6.9513378e-05
1796	6.9436117e-05
1797	6.9350129e-05
1798	6.9233795e-05
1799	6.9136137e-05
1800	6.9047812e-05
1801	6.8964054e-05
1802	6.8864133e-05
1803	6.8744358e-05
1804	6.8628036e-05
1805	6.8517252e-05
1806	6.842341e-05
1807	6.8315656e-05
1808	6.8240184e-05
1809	6.8167383e-05
1810	6.8098923e-05
1811	6.8022838e-05
1812	6.797551e-05
1813	6.7922212e-05
1814	6.7796006e-05
1815	6.7677448e-05
1816	6.7583458e-05
1817	6.7496435e-05
1818	6.7400013e-05
1819	6.7324148e-05
1820	6.7251368e-05
1821	6.7181247e-05
1822	6.7095784e-05
1823	6.6997363e-05
1824	6.6935685e-05
1825	6.6878672e-05
1826	6.6806237e-05
1827	6.6745098e-05
1828	6.6681743e-05
1829	6.6639145e-05
1830	6.6565708e-05
1831	6.6431228e-05
1832	6.6289883e-05
1833	6.6190437e-05
1834	6.608605e-05
1835	6.5986634e-05
1836	6.5889928e-05
1837	6.5825942e-05
1838	6.5743916e-05
1839	6.5643615e-05
1840	6.5542168e-05
1841	6.5466996e-05
1842	6.5396195e-05
1843	6.529588e-05
1844	6.5172787e-05
1845	6.5068792e-05
1846	6.4988286e-05
1847	6.4903558e-05
1848	6.4798562e-05
1849	6.4744284e-05
1850	6.4691173e-05
1851	6.4634758e-05
1852	6.4572106e-05
1853	6.4528956e-05
1854	6.4472732e-05
1855	6.4357812e-05
1856	6.4249249e-05
1857	6.4165984e-05
1858	6.4087389e-05
1859	6.4026309e-05
1860	6.3959326e-05
1861	6.38893e-05
1862	6.383546e-05
1863	6.3766812e-05
1864	6.3693343e-05
1865	6.3628254e-05
1866	6.3578007e-05
1867	6.3522118e-05
1868	6.3472475e-05
1869	6.3423689e-05
1870	6.3387193e-05
1871	6.3326165e-05
1872	6.3172572e-05
1873	6.3062066e-05
1874	6.2980233e-05
1875	6.2900201e-05
1876	6.2820888e-05
1877	6.273268e-05
1878	6.2669549e-05
1879	6.2601175e-05
1880	6.2509547e-05
1881	6.241496e-05
1882	6.2342129e-05
1883	6.2280706e-05
1884	6.2191005e-05
1885	6.2083907e-05
1886	6.1992293e-05
1887	6.1930864e-05
1888	6.1857617e-05
1889	6.1789202e-05
1890	6.1736282e-05
1891	6.1694215e-05
1892	6.1652309e-05
1893	6.160277e-05
1894	6.1551987e-05
1895	6.1476229e-05
1896	6.1373625e-05
1897	6.1286905e-05
1898	6.1196028e-05
1899	6.1138081e-05
1900	6.1102548e-05
1901	6.105449e-05
1902	6.0995551e-05
1903	6.094975e-05
1904	6.0889376e-05
1905	6.0842394e-05
1906	6.0792278e-05
1907	6.0743961e-05
1908	6.0708213e-05
1909	6.0672297e-05
1910	6.0631808e-05
1911	6.0584795e-05
1912	6.0526086e-05
1913	6.0377758e-05
1914	6.0272453e-05
1915	6.0185132e-05
1916	6.0135137e-05
1917	6.0070493e-05
1918	6.0007428e-05
1919	5.9953506e-05
1920	5.9890565e-05
1921	5.9817542e-05
1922	5.9744069e-05
1923	5.9690079e-05
1924	5.96339e-05
1925	5.9542564e-05
1926	5.9448493e-05
1927	5.9356251e-05
1928	5.9299901e-05
1929	5.9230852e-05
1930	5.9184558e-05
1931	5.9133679e-05
1932	5.9104706e-05
1933	5.9079569e-05
1934	5.9051999e-05
1935	5.9031198e-05
1936	5.8943433e-05
1937	5.885911e-05
1938	5.8796624e-05
1939	5.8726922e-05
1940	5.8676096e-05
1941	5.8642156e-05
1942	5.8607606e-05
1943	5.8560091e-05
1944	5.8507065e-05
1945	5.845621e-05
1946	5.8429716e-05
1947	5.8386094e-05
1948	5.8329387e-05
1949	5.8314666e-05
1950	5.8305205e-05
1951	5.8280833e-05
1952	5.8242561e-05
1953	5.8154936e-05
1954	5.8055063e-05
1955	5.7978562e-05
1956	5.7904915e-05
1957	5.7863585e-05
1958	5.781628e-05
1959	5.7771716e-05
1960	5.7709342e-05
1961	5.7643655e-05
1962	5.759359e-05
1963	5.7544324e-05
1964	5.7495402e-05
1965	5.7423775e-05
1966	5.7351271e-05
1967	5.7275361e-05
1968	5.7223471e-05
1969	5.7185649e-05
1970	5.7147546e-05
1971	5.7125983e-05
1972	5.7087097e-05
1973	5.7071906e-05
1974	5.7064392e-05
1975	5.7055669e-05
1976	5.7024546e-05
1977	5.6939385e-05
1978	5.6879487e-05
1979	5.6823776e-05
1980	5.6768858e-05
1981	5.6738416e-05
1982	5.6713272e-05
1983	5.6688345e-05
1984	5.6656181e-05
1985	5.6617222e-05
1986	5.6597598e-05
1987	5.6586267e-05
1988	5.6558485e-05
1989	5.6534728e-05
1990	5.6538769e-05
1991	5.6533135e-05
1992	5.6508562e-05
1993	5.6478892e-05
1994	5.6372518e-05
1995	5.6302708e-05
1996	5.6243581e-05
1997	5.6196523e-05
1998	5.6139509e-05
1999	5.6092896e-05
2000	5.605944e-05
2001	5.6017351e-05
2002	5.5965401e-05
2003	5.5924177e-05
2004	5.5899137e-05
2005	5.5867748e-05
2006	5.5814981e-05
2007	5.5748589e-05
2008	5.5692236e-05
2009	5.5660183e-05
2010	5.5621982e-05
2011	5.5587958e-05
2012	5.5568806e-05
2013	5.5556359e-05
2014	5.5543291e-05
2015	5.5524011e-05
2016	5.5532086e-05
2017	5.5492979e-05
2018	5.5410073e-05
2019	5.5361694e-05
2020	5.533526e-05
2021	5.5305894e-05
2022	5.5292847e-05
2023	5.52915e-05
2024	5.527243e-05
2025	5.5258553e-05
2026	5.5228261e-05
2027	5.5219696e-05
2028	5.5208631e-05
2029	5.5197572e-05
2030	5.5199069e-05
2031	5.5189361e-05
2032	5.5190657e-05
2033	5.5184223e-05
2034	5.5145693e-05
2035	5.5019883e-05
2036	5.4966238e-05
2037	5.4922406e-05
2038	5.4888004e-05
2039	5.4853051e-05
2040	5.4830343e-05
2041	5.4820379e-05
2042	5.4790492e-05
2043	5.4756972e-05
2044	5.4724681e-05
2045	5.4712122e-05
2046	5.4683269e-05
2047	5.4623167e-05
2048	5.4552333e-05
2049	5.4508226e-05
2050	5.4485996e-05
2051	5.4440037e-05
2052	5.4425038e-05
2053	5.4420377e-05
2054	5.4411925e-05
2055	5.4398496e-05
2056	5.4412321e-05
2057	5.4431083e-05
2058	5.4391044e-05
2059	5.433298e-05
2060	5.4298712e-05
2061	5.4272803e-05
2062	5.4265656e-05
2063	5.4256133e-05
2064	5.4239927e-05
2065	5.4229911e-05
2066	5.4219441e-05
2067	5.4198093e-05
2068	5.4190934e-05
2069	5.4187854e-05
2070	5.4175793e-05
2071	5.4178508e-05
2072	5.4176229e-05
2073	5.4178138e-05
2074	5.4166282e-05
2075	5.4108243e-05
2076	5.4023994e-05
2077	5.3976958e-05
2078	5.3958222e-05
2079	5.3942509e-05
2080	5.3904768e-05
2081	5.3894015e-05
2082	5.3882088e-05
2083	5.3851262e-05
2084	5.3814055e-05
2085	5.3788141e-05
2086	5.3775806e-05
2087	5.3735801e-05
2088	5.3669299e-05
2089	5.3611868e-05
2090	5.3575964e-05
2091	5.3564846e-05
2092	5.35374e-05
2093	5.3532112e-05
2094	5.35272e-05
2095	5.3552379e-05
2096	5.3553843e-05
2097	5.3567659e-05
2098	5.358105e-05
2099	5.352381e-05
2100	5.3475252e-05
2101	5.3431729e-05
2102	5.3409985e-05
2103	5.3416494e-05
2104	5.3419961e-05
2105	5.3400403e-05
2106	5.3396206e-05
2107	5.3385131e-05
2108	5.3387893e-05
2109	5.3377022e-05
2110	5.3362774e-05
2111	5.3369942e-05
2112	5.338591e-05
2113	5.3376983e-05
2114	5.3383195e-05
2115	5.3386007e-05
2116	5.3300712e-05
2117	5.3234922e-05
2118	5.3193656e-05
2119	5.3171659e-05
2120	5.3167337e-05
2121	5.3137087e-05
2122	5.3116051e-05
2123	5.3105059e-05
2124	5.3085591e-05
2125	5.3057575e-05
2126	5.3031918e-05
2127	5.302392e-05
2128	5.2996318e-05
2129	5.2929828e-05
2130	5.2866249e-05
2131	5.2850119e-05
2132	5.2829093e-05
2133	5.2816902e-05
2134	5.2809287e-05
2135	5.2815326e-05
2136	5.2841686e-05
2137	5.2851451e-05
2138	5.2861846e-05
2139	5.2853044e-05
2140	5.2810317e-05
2141	5.2790113e-05
2142	5.2751351e-05
2143	5.2728202e-05
2144	5.2744256e-05
2145	5.2749754e-05
2146	5.2719686e-05
2147	5.2711849e-05
2148	5.2700991e-05
2149	5.2706912e-05
2150	5.2702238e-05
2151	5.2685916e-05
2152	5.270189e-05
2153	5.2731437e-05
2154	5.274022e-05
2155	5.2734719e-05
2156	5.273265e-05
2157	5.2640685e-05
2158	5.2592928e-05
2159	5.2546181e-05
2160	5.2540738e-05
2161	5.2531324e-05
2162	5.250893e-05
2163	5.2487772e-05
2164	5.2467911e-05
2165	5.2445037e-05
2166	5.2422795e-05
2167	5.2402248e-05
2168	5.2381063e-05
2169	5.2350718e-05
2170	5.2287497e-05
2171	5.2221686e-05
2172	5.2203944e-05
2173	5.2192494e-05
2174	5.2201841e-05
2175	5.2204272e-05
2176	5.2215905e-05
2177	5.22462e-05
2178	5.2271053e-05
2179	5.2279602e-05
2180	5.2236877e-05
2181	5.2190271e-05
2182	5.2164265e-05
2183	5.2130956e-05
2184	5.2103951e-05
2185	5.2119241e-05
2186	5.2122377e-05
2187	5.2110443e-05
2188	5.2095263e-05
2189	5.2091159e-05
2190	5.210752e-05
2191	5.2099014e-05
2192	5.2075472e-05
2193	5.2099041e-05
2194	5.2114883e-05
2195	5.2126291e-05
2196	5.2109815e-05
2197	5.2077914e-05
2198	5.199731e-05
2199	5.1951323e-05
2200	5.190553e-05
2201	5.1895183e-05
2202	5.1884971e-05
2203	5.1866612e-05
2204	5.184409e-05
2205	5.1814255e-05
2206	5.1790024e-05
2207	5.1767507e-05
2208	5.1752188e-05
2209	5.1726562e-05
2210	5.1682863e-05
2211	5.1628013e-05
2212	5.1578738e-05
2213	5.1555603e-05
2214	5.1532967e-05
2215	5.1532874e-05
2216	5.1529366e-05
2217	5.1533611e-05
2218	5.1552846e-05
2219	5.1576581e-05
2220	5.1589381e-05
2221	5.1521033e-05
2222	5.1485454e-05
2223	5.1467197e-05
2224	5.1442837e-05
2225	5.143625e-05
2226	5.1444872e-05
2227	5.1434436e-05
2228	5.1423419e-05
2229	5.1399467e-05
2230	5.1391543e-05
2231	5.1399527e-05
2232	5.1381057e-05
2233	5.1359756e-05
2234	5.13832e-05
2235	5.1398632e-05
2236	5.1398727e-05
2237	5.1382622e-05
2238	5.1317455e-05
2239	5.125199e-05
2240	5.1205287e-05
2241	5.1170334e-05
2242	5.115426e-05
2243	5.1137649e-05
2244	5.1120746e-05
2245	5.1100995e-05
2246	5.1072362e-05
2247	5.104496e-05
2248	5.1024175e-05
2249	5.1004606e-05
2250	5.0965992e-05
2251	5.0916293e-05
2252	5.0859033e-05
2253	5.0821221e-05
2254	5.0796388e-05
2255	5.0787246e-05
2256	5.0781062e-05
2257	5.0776937e-05
2258	5.0797543e-05
2259	5.0817755e-05
2260	5.0831989e-05
2261	5.0835146e-05
2262	5.0762025e-05
2263	5.0721806e-05
2264	5.0697178e-05
2265	5.0670925e-05
2266	5.067436e-05
2267	5.0683819e-05
2268	5.0671058e-05
2269	5.0666708e-05
2270	5.0640592e-05
2271	5.0642552e-05
2272	5.065223e-05
2273	5.0639491e-05
2274	5.0631994e-05
2275	5.0654175e-05
2276	5.0667864e-05
2277	5.0664818e-05
2278	5.0650348e-05
2279	5.0546912e-05
2280	5.0502618e-05
2281	5.0462466e-05
2282	5.0425229e-05
2283	5.0403967e-05
2284	5.0389514e-05
2285	5.0381869e-05
2286	5.0351587e-05
2287	5.0317461e-05
2288	5.0311455e-05
2289	5.0297896e-05
2290	5.0270015e-05
2291	5.0230425e-05
2292	5.0192695e-05
2293	5.0148879e-05
2294	5.0115425e-05
2295	5.009003e-05
2296	5.0098594e-05
2297	5.0101103e-05
2298	5.008735e-05
2299	5.0109292e-05
2300	5.0144429e-05
2301	5.016265e-05
2302	5.0133791e-05
2303	5.0065313e-05
2304	5.0042561e-05
2305	5.0021408e-05
2306	4.9994967e-05
2307	5.0001935e-05
2308	5.0024936e-05
2309	5.0009336e-05
2310	4.9988131e-05
2311	4.997497e-05
2312	4.9993676e-05
2313	4.9990034e-05
2314	4.9970021e-05
2315	4.998399e-05
2316	5.0015489e-05
2317	5.0028713e-05
2318	5.0022068e-05
2319	5.00114e-05
2320	4.9907385e-05
2321	4.9854102e-05
2322	4.9815504e-05
2323	4.9810634e-05
2324	4.9787102e-05
2325	4.9762232e-05
2326	4.9748238e-05
2327	4.9727509e-05
2328	4.9702302e-05
2329	4.9675844e-05
2330	4.9660447e-05
2331	4.9637826e-05
2332	4.9587741e-05
2333	4.9527759e-05
2334	4.9479983e-05
2335	4.9478226e-05
2336	4.944772e-05
2337	4.9440983e-05
2338	4.9453977e-05
2339	4.9467076e-05
2340	4.9474712e-05
2341	4.9497271e-05
2342	4.9525078e-05
2343	4.949288e-05
2344	4.9419433e-05
2345	4.9386742e-05
2346	4.9364015e-05
2347	4.9355965e-05
2348	4.9345937e-05
2349	4.9334333e-05
2350	4.933759e-05
2351	4.9335865e-05
2352	4.9316046e-05
2353	4.9311591e-05
2354	4.9317316e-05
2355	4.9316164e-05
2356	4.9332854e-05
2357	4.9327539e-05
2358	4.9347974e-05
2359	4.9341937e-05
2360	4.9280337e-05
2361	4.9175746e-05
2362	4.9140523e-05
2363	4.9113743e-05
2364	4.908627e-05
2365	4.9035752e-05
2366	4.9036298e-05
2367	4.9024637e-05
2368	4.8977526e-05
2369	4.8938248e-05
2370	4.8935409e-05
2371	4.8932982e-05
2372	4.8887123e-05
2373	4.8830629e-05
2374	4.8783127e-05
2375	4.8755595e-05
2376	4.8736477e-05
2377	4.8701189e-05
2378	4.8713152e-05
2379	4.8714526e-05
2380	4.8708187e-05
2381	4.8713744e-05
2382	4.8735379e-05
2383	4.8760742e-05
2384	4.8678524e-05
2385	4.8631757e-05
2386	4.8612303e-05
2387	4.8578894e-05
2388	4.8563773e-05
2389	4.8583141e-05
2390	4.8572998e-05
2391	4.8558271e-05
2392	4.8534474e-05
2393	4.854485e-05
2394	4.8545571e-05
2395	4.8529628e-05
2396	4.8511632e-05
2397	4.8549715e-05
2398	4.8544666e-05
2399	4.8529998e-05
2400	4.8508921e-05
2401	4.8446157e-05
2402	4.8370686e-05
2403	4.830544e-05
2404	4.8270908e-05
2405	4.8280734e-05
2406	4.8250097e-05
2407	4.8206581e-05
2408	4.8193743e-05
2409	4.8184254e-05
2410	4.8143067e-05
2411	4.8104393e-05
2412	4.8108316e-05
2413	4.8096862e-05
2414	4.8027856e-05
2415	4.7942508e-05
2416	4.7931439e-05
2417	4.7931228e-05
2418	4.7905318e-05
2419	4.787936e-05
2420	4.7876009e-05
2421	4.7916684e-05
2422	4.7924974e-05
2423	4.7919627e-05
2424	4.7931069e-05
2425	4.7865453e-05
2426	4.780436e-05
2427	4.7753971e-05
2428	4.7734984e-05
2429	4.7743334e-05
2430	4.7733903e-05
2431	4.7714379e-05
2432	4.7718172e-05
2433	4.771059e-05
2434	4.7714497e-05
2435	4.7704595e-05
2436	4.7702786e-05
2437	4.7703291e-05
2438	4.7734071e-05
2439	4.7736456e-05
2440	4.7734584e-05
2441	4.7715966e-05
2442	4.7610013e-05
2443	4.7556365e-05
2444	4.751272e-05
2445	4.7476893e-05
2446	4.7458711e-05
2447	4.7426032e-05
2448	4.7409697e-05
2449	4.7367241e-05
2450	4.7349404e-05
2451	4.7329201e-05
2452	4.7322998e-05
2453	4.7298668e-05
2454	4.7276276e-05
2455	4.722076e-05
2456	4.7162047e-05
2457	4.7142532e-05
2458	4.713104e-05
2459	4.712792e-05
2460	4.7120759e-05
2461	4.7109751e-05
2462	4.7135036e-05
2463	4.7155035e-05
2464	4.7165924e-05
2465	4.7144568e-05
2466	4.7071953e-05
2467	4.705165e-05
2468	4.7011084e-05
2469	4.6993577e-05
2470	4.6986349e-05
2471	4.6995703e-05
2472	4.6971957e-05
2473	4.6975766e-05
2474	4.6960471e-05
2475	4.6974792e-05
2476	4.6979271e-05
2477	4.6970145e-05
2478	4.6974463e-05
2479	4.6994755e-05
2480	4.7010146e-05
2481	4.7009963e-05
2482	4.6968891e-05
2483	4.6866789e-05
2484	4.6831585e-05
2485	4.6788639e-05
2486	4.675771e-05
2487	4.67376e-05
2488	4.6741002e-05
2489	4.6733921e-05
2490	4.6692317e-05
2491	4.6669003e-05
2492	4.6661481e-05
2493	4.6649377e-05
2494	4.6609299e-05
2495	4.6571197e-05
2496	4.653209e-05
2497	4.6481657e-05
2498	4.6452607e-05
2499	4.643585e-05
2500	4.6469219e-05
2501	4.6465925e-05
2502	4.6445522e-05
2503	4.6483698e-05
2504	4.6528732e-05
2505	4.6555278e-05
2506	4.6499332e-05
2507	4.6453005e-05
2508	4.6448076e-05
2509	4.6422598e-05
2510	4.6395169e-05
2511	4.641585e-05
2512	4.6426806e-05
2513	4.6404377e-05
2514	4.6391796e-05
2515	4.6395884e-05
2516	4.6419009e-05
2517	4.6409532e-05
2518	4.6389963e-05
2519	4.6426006e-05
2520	4.6450414e-05
2521	4.6442759e-05
2522	4.6446108e-05
2523	4.6415857e-05
2524	4.6338614e-05
2525	4.6273868e-05
2526	4.6253205e-05
2527	4.6247707e-05
2528	4.6229254e-05
2529	4.6206335e-05
2530	4.6215316e-05
2531	4.6203514e-05
2532	4.6174578e-05
2533	4.6151343e-05
2534	4.6162539e-05
2535	4.6142129e-05
2536	4.6085815e-05
2537	4.6018464e-05
2538	4.6003735e-05
2539	4.6006522e-05
2540	4.5970618e-05
2541	4.5976238e-05
2542	4.5999599e-05
2543	4.6020576e-05
2544	4.6022133e-05
2545	4.6044616e-05
2546	4.6091718e-05
2547	4.6044093e-05
2548	4.597396e-05
2549	4.5956213e-05
2550	4.5951136e-05
2551	4.5960681e-05
2552	4.5960407e-05
2553	4.5948666e-05
2554	4.596727e-05
2555	4.597542e-05
2556	4.5977166e-05
2557	4.59885e-05
2558	4.600962e-05
2559	4.600862e-05
2560	4.601972e-05
2561	4.6037656e-05
2562	4.6058429e-05
2563	4.6055924e-05
2564	4.5979045e-05
2565	4.5914954e-05
2566	4.5895108e-05
2567	4.5871888e-05
2568	4.5853397e-05
2569	4.5836042e-05
2570	4.5836431e-05
2571	4.5840748e-05
2572	4.582174e-05
2573	4.5801373e-05
2574	4.5803673e-05
2575	4.5807116e-05
2576	4.578657e-05
2577	4.574368e-05
2578	4.5698437e-05
2579	4.5691913e-05
2580	4.5679439e-05
2581	4.5681128e-05
2582	4.5698787e-05
2583	4.5708505e-05
2584	4.5737944e-05
2585	4.5776454e-05
2586	4.5795554e-05
2587	4.5816481e-05
2588	4.5758686e-05
2589	4.5740356e-05
2590	4.5716189e-05
2591	4.5711753e-05
2592	4.5722368e-05
2593	4.5745622e-05
2594	4.5735951e-05
2595	4.5751058e-05
2596	4.5760166e-05
2597	4.5791485e-05
2598	4.5808771e-05
2599	4.5807319e-05
2600	4.5817426e-05
2601	4.5870109e-05
2602	4.5900706e-05
2603	4.5903849e-05
2604	4.5912594e-05
2605	4.5829981e-05
2606	4.5792075e-05
2607	4.5762774e-05
2608	4.5751967e-05
2609	4.5751589e-05
2610	4.5741218e-05
2611	4.573208e-05
2612	4.5735383e-05
2613	4.5729255e-05
2614	4.5725135e-05
2615	4.5721791e-05
2616	4.5723533e-05
2617	4.5714312e-05
2618	4.5681778e-05
2619	4.5623364e-05
2620	4.5627986e-05
2621	4.5636205e-05
2622	4.5659217e-05
2623	4.5659188e-05
2624	4.5682109e-05
2625	4.5727711e-05
2626	4.5775637e-05
2627	4.5793054e-05
2628	4.579445e-05
2629	4.5757026e-05
2630	4.5748488e-05
2631	4.5725271e-05
2632	4.5719799e-05
2633	4.5752167e-05
2634	4.5783204e-05
2635	4.5762887e-05
2636	4.5765571e-05
2637	4.5787563e-05
2638	4.5833465e-05
2639	4.5838906e-05
2640	4.5840723e-05
2641	4.5898707e-05
2642	4.5942864e-05
2643	4.5963397e-05
2644	4.5969658e-05
2645	4.5989517e-05
2646	4.5892307e-05
2647	4.5840627e-05
2648	4.5814465e-05
2649	4.5830305e-05
2650	4.5836625e-05
2651	4.5825932e-05
2652	4.5826953e-05
2653	4.5839794e-05
2654	4.5832896e-05
2655	4.5819425e-05
2656	4.5819162e-05
2657	4.5829109e-05
2658	4.5802102e-05
2659	4.574642e-05
2660	4.5701213e-05
2661	4.5718925e-05
2662	4.5708279e-05
2663	4.5726688e-05
2664	4.5756477e-05
2665	4.5793833e-05
2666	4.5837289e-05
2667	4.5876053e-05
2668	4.5920441e-05
2669	4.5905329e-05
2670	4.5863184e-05
2671	4.5855826e-05
2672	4.5846627e-05
2673	4.5849932e-05
2674	4.5869548e-05
2675	4.5883302e-05
2676	4.5890662e-05
2677	4.5902369e-05
2678	4.5914309e-05
2679	4.5956785e-05
2680	4.5974656e-05
2681	4.5973873e-05
2682	4.6011617e-05
2683	4.6054995e-05
2684	4.6077298e-05
2685	4.6082061e-05
2686	4.6044445e-05
2687	4.5977746e-05
2688	4.5947414e-05
2689	4.5930876e-05
2690	4.5925865e-05
2691	4.5945545e-05
2692	4.595395e-05
2693	4.5944402e-05
2694	4.5938991e-05
2695	4.5951817e-05
2696	4.5962215e-05
2697	4.5958014e-05
2698	4.5939076e-05
2699	4.5941176e-05
2700	4.5899665e-05
2701	4.5865375e-05
2702	4.5858614e-05
2703	4.5872703e-05
2704	4.5902656e-05
2705	4.5909658e-05
2706	4.5932689e-05
2707	4.5994899e-05
2708	4.6049713e-05
2709	4.6071659e-05
2710	4.6014903e-05
2711	4.5999949e-05
2712	4.5999187e-05
2713	4.5978519e-05
2714	4.5985987e-05
2715	4.6048865e-05
2716	4.6075759e-05
2717	4.6067705e-05
2718	4.6068861e-05
2719	4.6101077e-05
2720	4.6140267e-05
2721	4.6137855e-05
2722	4.6148417e-05
2723	4.6195974e-05
2724	4.6242521e-05
2725	4.6247857e-05
2726	4.625412e-05
2727	4.6206023e-05
2728	4.6161454e-05
2729	4.6129553e-05
2730	4.6117475e-05
2731	4.612783e-05
2732	4.6139833e-05
2733	4.6133505e-05
2734	4.6131977e-05
2735	4.612607e-05
2736	4.6118059e-05
2737	4.6110226e-05
2738	4.6124203e-05
2739	4.6107753e-05
2740	4.6068636e-05
2741	4.6033914e-05
2742	4.6032947e-05
2743	4.6025606e-05
2744	4.6032049e-05
2745	4.6057541e-05
2746	4.6082056e-05
2747	4.6103572e-05
2748	4.6140788e-05
2749	4.618935e-05
2750	4.6224002e-05
2751	4.6163432e-05
2752	4.613664e-05
2753	4.6136448e-05
2754	4.6144491e-05
2755	4.6156974e-05
2756	4.6170209e-05
2757	4.618778e-05
2758	4.6208007e-05
2759	4.6197799e-05
2760	4.6206153e-05
2761	4.6245351e-05
2762	4.6272378e-05
2763	4.6279531e-05
2764	4.6312904e-05
2765	4.6360724e-05
2766	4.6390587e-05
2767	4.638255e-05
2768	4.626697e-05
2769	4.6234824e-05
2770	4.6227483e-05
2771	4.6214426e-05
2772	4.6192926e-05
2773	4.6192203e-05
2774	4.6213765e-05
2775	4.6200685e-05
2776	4.6173089e-05
2777	4.6180107e-05
2778	4.6198021e-05
2779	4.6195657e-05
2780	4.6157569e-05
2781	4.612593e-05
2782	4.6100437e-05
2783	4.6095184e-05
2784	4.6065913e-05
2785	4.6071226e-05
2786	4.6089921e-05
2787	4.611042e-05
2788	4.61341e-05
2789	4.6176174e-05
2790	4.6224379e-05
2791	4.622184e-05
2792	4.6156151e-05
2793	4.6135821e-05
2794	4.6131607e-05
2795	4.6125275e-05
2796	4.6132902e-05
2797	4.6162802e-05
2798	4.616236e-05
2799	4.6182287e-05
2800	4.6177196e-05
2801	4.6208593e-05
2802	4.6218571e-05
2803	4.6222858e-05
2804	4.6246693e-05
2805	4.6283588e-05
2806	4.630505e-05
2807	4.6315395e-05
2808	4.6309987e-05
2809	4.6209983e-05
2810	4.6156599e-05
2811	4.6131038e-05
2812	4.6128703e-05
2813	4.612858e-05
2814	4.6113626e-05
2815	4.610915e-05
2816	4.6100177e-05
2817	4.6089971e-05
2818	4.6063514e-05
2819	4.6045979e-05
2820	4.6051923e-05
2821	4.6014672e-05
2822	4.5956697e-05
2823	4.591188e-05
2824	4.5939689e-05
2825	4.5935854e-05
2826	4.5934222e-05
2827	4.5939864e-05
2828	4.5968625e-05
2829	4.6004286e-05
2830	4.6028072e-05
2831	4.6034898e-05
2832	4.602205e-05
2833	4.5981956e-05
2834	4.5960381e-05
2835	4.5921058e-05
2836	4.5937424e-05
2837	4.5965857e-05
2838	4.5960818e-05
2839	4.5934646e-05
2840	4.5947875e-05
2841	4.5956226e-05
2842	4.5972508e-05
2843	4.5965093e-05
2844	4.5977533e-05
2845	4.6028694e-05
2846	4.6060704e-05
2847	4.6069853e-05
2848	4.6086004e-05
2849	4.6055598e-05
2850	4.5967255e-05
2851	4.5900226e-05
2852	4.5875712e-05
2853	4.5878446e-05
2854	4.5854271e-05
2855	4.5839985e-05
2856	4.5831669e-05
2857	4.5826532e-05
2858	4.5805099e-05
2859	4.5793181e-05
2860	4.5794333e-05
2861	4.57742e-05
2862	4.573343e-05
2863	4.5677216e-05
2864	4.5640927e-05
2865	4.5636167e-05
2866	4.5616641e-05
2867	4.5634205e-05
2868	4.563483e-05
2869	4.5651392e-05
2870	4.5684836e-05
2871	4.5720151e-05
2872	4.5739e-05
2873	4.5668564e-05
2874	4.5632308e-05
2875	4.562339e-05
2876	4.5589254e-05
2877	4.557753e-05
2878	4.560703e-05
2879	4.5628834e-05
2880	4.5623394e-05
2881	4.5606007e-05
2882	4.5619044e-05
2883	4.5652649e-05
2884	4.5641453e-05
2885	4.5620468e-05
2886	4.5649021e-05
2887	4.5688556e-05
2888	4.5689525e-05
2889	4.5661256e-05
2890	4.5588186e-05
2891	4.5538243e-05
2892	4.549076e-05
2893	4.5429205e-05
2894	4.5408678e-05
2895	4.5421634e-05
2896	4.5411543e-05
2897	4.5379773e-05
2898	4.5352664e-05
2899	4.5365512e-05
2900	4.5353358e-05
2901	4.5325415e-05
2902	4.5280473e-05
2903	4.5250391e-05
2904	4.5196623e-05
2905	4.516197e-05
2906	4.5139142e-05
2907	4.5148324e-05
2908	4.5159329e-05
2909	4.5137688e-05
2910	4.5148183e-05
2911	4.5194728e-05
2912	4.5223859e-05
2913	4.5201436e-05
2914	4.5111608e-05
2915	4.5097823e-05
2916	4.5075842e-05
2917	4.5037702e-05
2918	4.5029821e-05
2919	4.5054589e-05
2920	4.5059456e-05
2921	4.5045049e-05
2922	4.502259e-05
2923	4.5041253e-05
2924	4.5063056e-05
2925	4.5050033e-05
2926	4.504688e-05
2927	4.5073063e-05
2928	4.5100892e-05
2929	4.5090484e-05
2930	4.5071277e-05
2931	4.4960522e-05
2932	4.4922516e-05
2933	4.487993e-05
2934	4.4850163e-05
2935	4.4816245e-05
2936	4.4800762e-05
2937	4.4785647e-05
2938	4.4764022e-05
2939	4.471688e-05
2940	4.470022e-05
2941	4.468828e-05
2942	4.4677258e-05
2943	4.4616241e-05
2944	4.4546111e-05
2945	4.4500313e-05
2946	4.4491936e-05
2947	4.4449975e-05
2948	4.4448989e-05
2949	4.4464133e-05
2950	4.4486998e-05
2951	4.4488953e-05
2952	4.4504578e-05
2953	4.4537673e-05
2954	4.4519523e-05
2955	4.4430251e-05
2956	4.4380473e-05
2957	4.4364849e-05
2958	4.4355398e-05
2959	4.4344235e-05
2960	4.4335961e-05
2961	4.4337284e-05
2962	4.4350017e-05
2963	4.4306e-05
2964	4.4299874e-05
2965	4.4312567e-05
2966	4.4317813e-05
2967	4.4318725e-05
2968	4.4321263e-05
2969	4.4352344e-05
2970	4.4365431e-05
2971	4.4332876e-05
2972	4.4185048e-05
2973	4.4143485e-05
2974	4.4111056e-05
2975	4.4076552e-05
2976	4.4023573e-05
2977	4.4020095e-05
2978	4.4028919e-05
2979	4.3990438e-05
2980	4.3939674e-05
2981	4.3932561e-05
2982	4.3931752e-05
2983	4.3895344e-05
2984	4.3815925e-05
2985	4.3749006e-05
2986	4.3700726e-05
2987	4.3690907e-05
2988	4.3648343e-05
2989	4.3658626e-05
2990	4.367911e-05
2991	4.3677012e-05
2992	4.3677573e-05
2993	4.370145e-05
2994	4.3720891e-05
2995	4.3666461e-05
2996	4.3586563e-05
2997	4.3562814e-05
2998	4.3538362e-05
2999	4.3524183e-05
3000	4.3514431e-05
3001	4.3508492e-05
3002	4.3487103e-05
3003	4.3472536e-05
3004	4.345885e-05
3005	4.3468818e-05
3006	4.3470795e-05
3007	4.3456506e-05
3008	4.3483259e-05
3009	4.3500165e-05
3010	4.3499942e-05
3011	4.3489518e-05
3012	4.3424646e-05
3013	4.3327412e-05
3014	4.3264265e-05
3015	4.3224827e-05
3016	4.3203182e-05
3017	4.3165013e-05
3018	4.3132485e-05
3019	4.310815e-05
3020	4.3084983e-05
3021	4.3056778e-05
3022	4.3037479e-05
3023	4.3026175e-05
3024	4.2991895e-05
3025	4.293229e-05
3026	4.2854441e-05
3027	4.2807806e-05
3028	4.2794251e-05
3029	4.2768348e-05
3030	4.2765699e-05
3031	4.2757066e-05
3032	4.2785236e-05
3033	4.2798283e-05
3034	4.2811331e-05
3035	4.2815492e-05
3036	4.2749342e-05
3037	4.2703241e-05
3038	4.267134e-05
3039	4.2635285e-05
3040	4.2644284e-05
3041	4.2658762e-05
3042	4.2636436e-05
3043	4.2616698e-05
3044	4.261118e-05
3045	4.260425e-05
3046	4.2591912e-05
3047	4.2558408e-05
3048	4.2572127e-05
3049	4.2594109e-05
3050	4.2598543e-05
3051	4.2579445e-05
3052	4.2576318e-05
3053	4.2487152e-05
3054	4.2400955e-05
3055	4.2350967e-05
3056	4.2325433e-05
3057	4.2308105e-05
3058	4.2264937e-05
3059	4.2232095e-05
3060	4.2225758e-05
3061	4.2194421e-05
3062	4.2149977e-05
3063	4.2119399e-05
3064	4.2120679e-05
3065	4.2083854e-05
3066	4.1995648e-05
3067	4.1922896e-05
3068	4.189576e-05
3069	4.187972e-05
3070	4.1849488e-05
3071	4.1865855e-05
3072	4.1870182e-05
3073	4.1890879e-05
3074	4.1887657e-05
3075	4.1906248e-05
3076	4.1908929e-05
3077	4.1818081e-05
3078	4.1759419e-05
3079	4.1730664e-05
3080	4.1715603e-05
3081	4.1722408e-05
3082	4.1713262e-05
3083	4.1706419e-05
3084	4.1702069e-05
3085	4.167737e-05
3086	4.1665198e-05
3087	4.167352e-05
3088	4.1671092e-05
3089	4.1662609e-05
3090	4.1683423e-05
3091	4.1703475e-05
3092	4.1699885e-05
3093	4.167249e-05
3094	4.1535807e-05
3095	4.1492488e-05
3096	4.1448829e-05
3097	4.1416237e-05
3098	4.1378821e-05
3099	4.1362633e-05
3100	4.1353208e-05
3101	4.1313332e-05
3102	4.1272923e-05
3103	4.1244396e-05
3104	4.1232672e-05
3105	4.1190099e-05
3106	4.1145404e-05
3107	4.1086823e-05
3108	4.1021138e-05
3109	4.0993319e-05
3110	4.0960944e-05
3111	4.097316e-05
3112	4.0972888e-05
3113	4.0968719e-05
3114	4.0985329e-05
3115	4.1018104e-05
3116	4.1043361e-05
3117	4.0995062e-05
3118	4.0911299e-05
3119	4.0881837e-05
3120	4.0850876e-05
3121	4.0819779e-05
3122	4.0814613e-05
3123	4.0833859e-05
3124	4.0809339e-05
3125	4.0798871e-05
3126	4.0779797e-05
3127	4.0795754e-05
3128	4.0795336e-05
3129	4.0766857e-05
3130	4.0787042e-05
3131	4.0811928e-05
3132	4.0824696e-05
3133	4.0797473e-05
3134	4.0770743e-05
3135	4.0661316e-05
3136	4.0601602e-05
3137	4.0547155e-05
3138	4.0523147e-05
3139	4.0505707e-05
3140	4.0483105e-05
3141	4.0463008e-05
3142	4.0446632e-05
3143	4.0427718e-05
3144	4.041394e-05
3145	4.03891e-05
3146	4.0382536e-05
3147	4.032751e-05
3148	4.0253709e-05
3149	4.0188884e-05
3150	4.0181182e-05
3151	4.0148814e-05
3152	4.0142952e-05
3153	4.0145092e-05
3154	4.0158004e-05
3155	4.0179116e-05
3156	4.0211088e-05
3157	4.0228719e-05
3158	4.0197371e-05
3159	4.0117359e-05
3160	4.0091352e-05
3161	4.0068047e-05
3162	4.0073468e-05
3163	4.0084563e-05
3164	4.0076848e-05
3165	4.0067571e-05
3166	4.0067062e-05
3167	4.0055187e-05
3168	4.003743e-05
3169	4.0044679e-05
3170	4.0052432e-05
3171	4.0075038e-05
3172	4.0090293e-05
3173	4.0108577e-05
3174	4.0119326e-05
3175	4.0047663e-05
3176	3.9933134e-05
3177	3.9896735e-05
3178	3.9872047e-05
3179	3.9850396e-05
3180	3.9796246e-05
3181	3.9799094e-05
3182	3.9800103e-05
3183	3.9766132e-05
3184	3.9724063e-05
3185	3.9724675e-05
3186	3.9748608e-05
3187	3.970725e-05
3188	3.9640869e-05
3189	3.959413e-05
3190	3.9571025e-05
3191	3.955331e-05
3192	3.9502505e-05
3193	3.9526484e-05
3194	3.9548463e-05
3195	3.9563214e-05
3196	3.9557637e-05
3197	3.9600913e-05
3198	3.9645975e-05
3199	3.9571137e-05
3200	3.9506387e-05
3201	3.9482966e-05
3202	3.949052e-05
3203	3.9494238e-05
3204	3.9493774e-05
3205	3.9500799e-05
3206	3.9515721e-05
3207	3.9504775e-05
3208	3.9486254e-05
3209	3.9496997e-05
3210	3.950674e-05
3211	3.9502283e-05
3212	3.951636e-05
3213	3.9538002e-05
3214	3.9568654e-05
3215	3.9565453e-05
3216	3.9481231e-05
3217	3.9409345e-05
3218	3.9384052e-05
3219	3.9369572e-05
3220	3.9342063e-05
3221	3.9321295e-05
3222	3.9322855e-05
3223	3.9318877e-05
3224	3.9285171e-05
3225	3.9254026e-05
3226	3.9244011e-05
3227	3.9244246e-05
3228	3.9223922e-05
3229	3.9159134e-05
3230	3.9102028e-05
3231	3.9091934e-05
3232	3.9091925e-05
3233	3.9090254e-05
3234	3.9096342e-05
3235	3.9131977e-05
3236	3.9177689e-05
3237	3.9205635e-05
3238	3.9230385e-05
3239	3.9256574e-05
3240	3.9190573e-05
3241	3.9139666e-05
3242	3.911788e-05
3243	3.9110259e-05
3244	3.9154649e-05
3245	3.9174497e-05
3246	3.9148537e-05
3247	3.9162101e-05
3248	3.9172207e-05
3249	3.9196119e-05
3250	3.9175614e-05
3251	3.918156e-05
3252	3.923334e-05
3253	3.9266322e-05
3254	3.9282564e-05
3255	3.9300211e-05
3256	3.934204e-05
3257	3.9231364e-05
3258	3.9165958e-05
3259	3.9140108e-05
3260	3.9154485e-05
3261	3.9151185e-05
3262	3.9108201e-05
3263	3.9112342e-05
3264	3.9134505e-05
3265	3.9112038e-05
3266	3.9071851e-05
3267	3.9054052e-05
3268	3.9087295e-05
3269	3.9059128e-05
3270	3.8998506e-05
3271	3.8950981e-05
3272	3.8991964e-05
3273	3.8995124e-05
3274	3.8981047e-05
3275	3.9005291e-05
3276	3.9044138e-05
3277	3.9101434e-05
3278	3.9119292e-05
3279	3.9154965e-05
3280	3.9171556e-05
3281	3.9106678e-05
3282	3.9070659e-05
3283	3.9053659e-05
3284	3.9079228e-05
3285	3.9115572e-05
3286	3.9125701e-05
3287	3.912174e-05
3288	3.9137295e-05
3289	3.9164081e-05
3290	3.9175675e-05
3291	3.9190744e-05
3292	3.9207516e-05
3293	3.9247004e-05
3294	3.9280733e-05
3295	3.9305805e-05
3296	3.9326081e-05
3297	3.9328428e-05
3298	3.9228685e-05
3299	3.918194e-05
3300	3.9161299e-05
3301	3.9169338e-05
3302	3.9154184e-05
3303	3.9156149e-05
3304	3.9156088e-05
3305	3.9153061e-05
3306	3.9133106e-05
3307	3.9117979e-05
3308	3.9132853e-05
3309	3.9126442e-05
3310	3.9110958e-05
3311	3.9071234e-05
3312	3.9031949e-05
3313	3.9041148e-05
3314	3.9041344e-05
3315	3.9077702e-05
3316	3.9085262e-05
3317	3.9108152e-05
3318	3.9150777e-05
3319	3.9207006e-05
3320	3.9240322e-05
3321	3.9198698e-05
3322	3.9143541e-05
3323	3.9134745e-05
3324	3.9125162e-05
3325	3.9119925e-05
3326	3.9157003e-05
3327	3.9196749e-05
3328	3.9198181e-05
3329	3.9205099e-05
3330	3.9227925e-05
3331	3.9277983e-05
3332	3.9269121e-05
3333	3.9262458e-05
3334	3.9310805e-05
3335	3.9365915e-05
3336	3.9390924e-05
3337	3.9385745e-05
3338	3.9362635e-05
3339	3.9286886e-05
3340	3.9230271e-05
3341	3.9187998e-05
3342	3.9187334e-05
3343	3.9187029e-05
3344	3.9164361e-05
3345	3.9161089e-05
3346	3.9157071e-05
3347	3.9163503e-05
3348	3.9160504e-05
3349	3.9167003e-05
3350	3.9179629e-05
3351	3.9150185e-05
3352	3.9105137e-05
3353	3.9070133e-05
3354	3.9089317e-05
3355	3.9095705e-05
3356	3.9098231e-05
3357	3.911249e-05
3358	3.9138579e-05
3359	3.917377e-05
3360	3.9198346e-05
3361	3.923194e-05
3362	3.9187763e-05
3363	3.9134555e-05
3364	3.9120158e-05
3365	3.9100152e-05
3366	3.913589e-05
3367	3.9161354e-05
3368	3.9164621e-05
3369	3.9184162e-05
3370	3.9204516e-05
3371	3.9224086e-05
3372	3.922801e-05
3373	3.9246039e-05
3374	3.9272242e-05
3375	3.9311917e-05
3376	3.9335584e-05
3377	3.9350241e-05
3378	3.9369779e-05
3379	3.9281844e-05
3380	3.9206902e-05
3381	3.9165088e-05
3382	3.9151284e-05
3383	3.9137082e-05
3384	3.9099551e-05
3385	3.9119274e-05
3386	3.9128117e-05
3387	3.9107662e-05
3388	3.9083001e-05
3389	3.9088464e-05
3390	3.9118747e-05
3391	3.9083412e-05
3392	3.9031911e-05
3393	3.8981127e-05
3394	3.8979557e-05
3395	3.8964127e-05
3396	3.894801e-05
3397	3.8981366e-05
3398	3.9004347e-05
3399	3.9035838e-05
3400	3.9050549e-05
3401	3.9106733e-05
3402	3.9157162e-05
3403	3.9063501e-05
3404	3.9012811e-05
3405	3.8995814e-05
3406	3.8998703e-05
3407	3.8997324e-05
3408	3.9009745e-05
3409	3.9022897e-05
3410	3.9042293e-05
3411	3.9038666e-05
3412	3.9042405e-05
3413	3.9073531e-05
3414	3.9078555e-05
3415	3.9091715e-05
3416	3.9119042e-05
3417	3.9146278e-05
3418	3.9163826e-05
3419	3.9146025e-05
3420	3.9049632e-05
3421	3.9004496e-05
3422	3.8978761e-05
3423	3.8963613e-05
3424	3.8938359e-05
3425	3.8933984e-05
3426	3.8919156e-05
3427	3.8919299e-05
3428	3.8891872e-05
3429	3.8878192e-05
3430	3.8875566e-05
3431	3.8868348e-05
3432	3.8845394e-05
3433	3.8782147e-05
3434	3.8726833e-05
3435	3.872343e-05
3436	3.8715095e-05
3437	3.8721649e-05
3438	3.8717448e-05
3439	3.8742104e-05
3440	3.8777773e-05
3441	3.8811928e-05
3442	3.8836856e-05
3443	3.8845558e-05
3444	3.8781194e-05
3445	3.8743276e-05
3446	3.8719746e-05
3447	3.8721828e-05
3448	3.875375e-05
3449	3.8764151e-05
3450	3.8738734e-05
3451	3.8755283e-05
3452	3.8754442e-05
3453	3.8779907e-05
3454	3.8752784e-05
3455	3.8758958e-05
3456	3.8789345e-05
3457	3.8821884e-05
3458	3.883532e-05
3459	3.8828985e-05
3460	3.8848379e-05
3461	3.8722006e-05
3462	3.86456e-05
3463	3.8610043e-05
3464	3.8619769e-05
3465	3.860174e-05
3466	3.8560544e-05
3467	3.8565478e-05
3468	3.8572958e-05
3469	3.8545647e-05
3470	3.8506589e-05
3471	3.8493811e-05
3472	3.8511937e-05
3473	3.8454278e-05
3474	3.8376682e-05
3475	3.8316955e-05
3476	3.8347444e-05
3477	3.8332144e-05
3478	3.8315836e-05
3479	3.8329151e-05
3480	3.8365298e-05
3481	3.8393835e-05
3482	3.8398535e-05
3483	3.8413928e-05
3484	3.8422063e-05
3485	3.8335911e-05
3486	3.8297062e-05
3487	3.8249793e-05
3488	3.8284683e-05
3489	3.829354e-05
3490	3.8280647e-05
3491	3.8268026e-05
3492	3.8277421e-05
3493	3.8288288e-05
3494	3.8287265e-05
3495	3.8284397e-05
3496	3.8303153e-05
3497	3.8343442e-05
3498	3.835358e-05
3499	3.8351104e-05
3500	3.8356337e-05
3501	3.8328085e-05
3502	3.820447e-05
3503	3.8127493e-05
3504	3.8090907e-05
3505	3.8091488e-05
3506	3.8037912e-05
3507	3.8015325e-05
3508	3.7997089e-05
3509	3.7981261e-05
3510	3.7939619e-05
3511	3.7919782e-05
3512	3.7919334e-05
3513	3.7921922e-05
3514	3.7882402e-05
3515	3.7807629e-05
3516	3.7759286e-05
3517	3.7767056e-05
3518	3.773869e-05
3519	3.7744168e-05
3520	3.7730984e-05
3521	3.7756832e-05
3522	3.7767229e-05
3523	3.7793055e-05
3524	3.7803814e-05
3525	3.7751691e-05
3526	3.7677417e-05
3527	3.7638827e-05
3528	3.7595669e-05
3529	3.7600919e-05
3530	3.763145e-05
3531	3.7635283e-05
3532	3.761483e-05
3533	3.761958e-05
3534	3.7627654e-05
3535	3.7646403e-05
3536	3.7620688e-05
3537	3.7606196e-05
3538	3.7658182e-05
3539	3.767046e-05
3540	3.7654849e-05
3541	3.7622957e-05
3542	3.7575317e-05
3543	3.7479544e-05
3544	3.7388658e-05
3545	3.7334645e-05
3546	3.7334004e-05
3547	3.7325854e-05
3548	3.728339e-05
3549	3.726149e-05
3550	3.7251875e-05
3551	3.7243269e-05
3552	3.7217462e-05
3553	3.7194167e-05
3554	3.7185651e-05
3555	3.7132574e-05
3556	3.7041483e-05
3557	3.6974062e-05
3558	3.6976492e-05
3559	3.6966912e-05
3560	3.6942371e-05
3561	3.6929981e-05
3562	3.6959468e-05
3563	3.7000806e-05
3564	3.7008209e-05
3565	3.7002648e-05
3566	3.6945999e-05
3567	3.6896405e-05
3568	3.686795e-05
3569	3.681959e-05
3570	3.6844554e-05
3571	3.6880364e-05
3572	3.6861752e-05
3573	3.6841846e-05
3574	3.6835152e-05
3575	3.6855511e-05
3576	3.6842621e-05
3577	3.6815952e-05
3578	3.6825625e-05
3579	3.6862299e-05
3580	3.6871822e-05
3581	3.6846841e-05
3582	3.6840379e-05
3583	3.6740153e-05
3584	3.6647048e-05
3585	3.6574874e-05
3586	3.6549329e-05
3587	3.6535924e-05
3588	3.6501022e-05
3589	3.6474887e-05
3590	3.6455243e-05
3591	3.6427594e-05
3592	3.6402204e-05
3593	3.637818e-05
3594	3.6385028e-05
3595	3.6339704e-05
3596	3.6283082e-05
3597	3.6213226e-05
3598	3.6198149e-05
3599	3.6174142e-05
3600	3.6151277e-05
3601	3.6159118e-05
3602	3.6162206e-05
3603	3.6181732e-05
3604	3.6199396e-05
3605	3.6224018e-05
3606	3.6227389e-05
3607	3.6108757e-05
3608	3.605402e-05
3609	3.6014701e-05
3610	3.5990723e-05
3611	3.5981438e-05
3612	3.5985651e-05
3613	3.5998679e-05
3614	3.6004556e-05
3615	3.5983898e-05
3616	3.5986964e-05
3617	3.6014218e-05
3618	3.601677e-05
3619	3.6018791e-05
3620	3.6036508e-05
3621	3.6068532e-05
3622	3.6064615e-05
3623	3.6021005e-05
3624	3.5880929e-05
3625	3.5822699e-05
3626	3.5765315e-05
3627	3.5724284e-05
3628	3.5672436e-05
3629	3.5660338e-05
3630	3.5635317e-05
3631	3.5600757e-05
3632	3.5545345e-05
3633	3.5529143e-05
3634	3.5529212e-05
3635	3.5518619e-05
3636	3.5478849e-05
3637	3.542418e-05
3638	3.5368123e-05
3639	3.5350347e-05
3640	3.5309202e-05
3641	3.5316258e-05
3642	3.5310563e-05
3643	3.5317707e-05
3644	3.5334255e-05
3645	3.5357529e-05
3646	3.5376769e-05
3647	3.5357762e-05
3648	3.5271402e-05
3649	3.5222257e-05
3650	3.5188495e-05
3651	3.5171496e-05
3652	3.5179594e-05
3653	3.5171339e-05
3654	3.5143027e-05
3655	3.5150115e-05
3656	3.513855e-05
3657	3.5153094e-05
3658	3.5146292e-05
3659	3.5142562e-05
3660	3.5178088e-05
3661	3.5194051e-05
3662	3.5206374e-05
3663	3.5204037e-05
3664	3.5213631e-05
3665	3.5084237e-05
3666	3.4992416e-05
3667	3.4950743e-05
3668	3.4951266e-05
3669	3.4927476e-05
3670	3.4872083e-05
3671	3.4861863e-05
3672	3.4860196e-05
3673	3.4813086e-05
3674	3.4765507e-05
3675	3.4733661e-05
3676	3.4740669e-05
3677	3.4680732e-05
3678	3.4582825e-05
3679	3.4535946e-05
3680	3.4575044e-05
3681	3.45518e-05
3682	3.4518794e-05
3683	3.4520576e-05
3684	3.457548e-05
3685	3.4605612e-05
3686	3.4607487e-05
3687	3.4625863e-05
3688	3.4638081e-05
3689	3.4550921e-05
3690	3.4494187e-05
3691	3.4444662e-05
3692	3.4468096e-05
3693	3.4476681e-05
3694	3.4440916e-05
3695	3.4421812e-05
3696	3.4448647e-05
3697	3.4451245e-05
3698	3.4437106e-05
3699	3.4417625e-05
3700	3.445055e-05
3701	3.4491584e-05
3702	3.450311e-05
3703	3.4492549e-05
3704	3.451245e-05
3705	3.4477303e-05
3706	3.4332784e-05
3707	3.4247371e-05
3708	3.421904e-05
3709	3.4233616e-05
3710	3.4195398e-05
3711	3.4169313e-05
3712	3.4179016e-05
3713	3.4170776e-05
3714	3.413562e-05
3715	3.4102384e-05
3716	3.4093068e-05
3717	3.4075769e-05
3718	3.4016431e-05
3719	3.3948524e-05
3720	3.389137e-05
3721	3.3906945e-05
3722	3.387457e-05
3723	3.3879634e-05
3724	3.3871506e-05
3725	3.3918541e-05
3726	3.3958851e-05
3727	3.3988214e-05
3728	3.4004165e-05
3729	3.3968471e-05
3730	3.3913066e-05
3731	3.3886918e-05
3732	3.3835702e-05
3733	3.3844543e-05
3734	3.3873597e-05
3735	3.3884407e-05
3736	3.384929e-05
3737	3.3853547e-05
3738	3.3869682e-05
3739	3.3891568e-05
3740	3.3865745e-05
3741	3.3863922e-05
3742	3.3933439e-05
3743	3.3970297e-05
3744	3.3966884e-05
3745	3.3962121e-05
3746	3.3928841e-05
3747	3.3851679e-05
3748	3.3760518e-05
3749	3.3715083e-05
3750	3.3735132e-05
3751	3.3734429e-05
3752	3.3690618e-05
3753	3.3652265e-05
3754	3.3672804e-05
3755	3.3669929e-05
3756	3.3637295e-05
3757	3.3605148e-05
3758	3.3613529e-05
3759	3.3586566e-05
3760	3.3497185e-05
3761	3.3453429e-05
3762	3.3478854e-05
3763	3.3499622e-05
3764	3.3485345e-05
3765	3.3472127e-05
3766	3.3520691e-05
3767	3.3580356e-05
3768	3.3611014e-05
3769	3.3618498e-05
3770	3.357833e-05
3771	3.3560241e-05
3772	3.3534721e-05
3773	3.3484489e-05
3774	3.3521308e-05
3775	3.3562993e-05
3776	3.3542433e-05
3777	3.3523242e-05
3778	3.3526248e-05
3779	3.3557071e-05
3780	3.3559581e-05
3781	3.3533029e-05
3782	3.3569291e-05
3783	3.3624638e-05
3784	3.3670358e-05
3785	3.3670922e-05
3786	3.3688525e-05
3787	3.3604347e-05
3788	3.3529714e-05
3789	3.3474535e-05
3790	3.3466022e-05
3791	3.3478402e-05
3792	3.3463447e-05
3793	3.3456325e-05
3794	3.3453579e-05
3795	3.3435156e-05
3796	3.3433588e-05
3797	3.3421517e-05
3798	3.3427379e-05
3799	3.3389808e-05
3800	3.3340517e-05
3801	3.328945e-05
3802	3.3276887e-05
3803	3.3263186e-05
3804	3.3266472e-05
3805	3.3292626e-05
3806	3.3305371e-05
3807	3.3336051e-05
3808	3.3374668e-05
3809	3.3432126e-05
3810	3.345683e-05
3811	3.3368593e-05
3812	3.3353092e-05
3813	3.3361876e-05
3814	3.3356539e-05
3815	3.3371824e-05
3816	3.3391305e-05
3817	3.3417053e-05
3818	3.3416547e-05
3819	3.3399749e-05
3820	3.3426996e-05
3821	3.3467534e-05
3822	3.3469724e-05
3823	3.3477718e-05
3824	3.3525809e-05
3825	3.3582662e-05
3826	3.359555e-05
3827	3.3578105e-05
3828	3.344959e-05
3829	3.341654e-05
3830	3.3375498e-05
3831	3.3359239e-05
3832	3.333517e-05
3833	3.3338548e-05
3834	3.3333034e-05
3835	3.3332557e-05
3836	3.3324467e-05
3837	3.3346953e-05
3838	3.3355135e-05
3839	3.3343521e-05
3840	3.3314319e-05
3841	3.3272464e-05
3842	3.3220682e-05
3843	3.3221142e-05
3844	3.320308e-05
3845	3.3233635e-05
3846	3.3239712e-05
3847	3.326188e-05
3848	3.3308889e-05
3849	3.3352411e-05
3850	3.3388591e-05
3851	3.3376399e-05
3852	3.3317687e-05
3853	3.3290707e-05
3854	3.3263906e-05
3855	3.3256766e-05
3856	3.3285114e-05
3857	3.3304331e-05
3858	3.3289103e-05
3859	3.3309673e-05
3860	3.3340752e-05
3861	3.3382703e-05
3862	3.3399785e-05
3863	3.3402674e-05
3864	3.3465169e-05
3865	3.3504064e-05
3866	3.3528792e-05
3867	3.3539925e-05
3868	3.3560954e-05
3869	3.3430574e-05
3870	3.3356783e-05
3871	3.3316136e-05
3872	3.3340339e-05
3873	3.3324661e-05
3874	3.3292043e-05
3875	3.3289429e-05
3876	3.3305822e-05
3877	3.3272484e-05
3878	3.3243908e-05
3879	3.3231808e-05
3880	3.3251493e-05
3881	3.3210158e-05
3882	3.3126921e-05
3883	3.3082016e-05
3884	3.3137072e-05
3885	3.314354e-05
3886	3.3143984e-05
3887	3.3177952e-05
3888	3.3240497e-05
3889	3.3279622e-05
3890	3.3302476e-05
3891	3.3329811e-05
3892	3.3330234e-05
3893	3.3262421e-05
3894	3.3218343e-05
3895	3.3200323e-05
3896	3.3230206e-05
3897	3.3263783e-05
3898	3.3246998e-05
3899	3.3230428e-05
3900	3.3241833e-05
3901	3.3251368e-05
3902	3.3253275e-05
3903	3.3250481e-05
3904	3.3286493e-05
3905	3.3348056e-05
3906	3.3384646e-05
3907	3.3416e-05
3908	3.3444935e-05
3909	3.3410179e-05
3910	3.3302063e-05
3911	3.3248735e-05
3912	3.323149e-05
3913	3.3248824e-05
3914	3.3226074e-05
3915	3.3213953e-05
3916	3.3209799e-05
3917	3.3205688e-05
3918	3.3194275e-05
3919	3.3172909e-05
3920	3.3174351e-05
3921	3.316028e-05
3922	3.3107712e-05
3923	3.3045566e-05
3924	3.3005486e-05
3925	3.3016493e-05
3926	3.3005184e-05
3927	3.3023551e-05
3928	3.3032133e-05
3929	3.3085651e-05
3930	3.3142883e-05
3931	3.3186715e-05
3932	3.3208901e-05
3933	3.3153307e-05
3934	3.3123476e-05
3935	3.3110249e-05
3936	3.3059678e-05
3937	3.3081802e-05
3938	3.3116831e-05
3939	3.3133367e-05
3940	3.3110986e-05
3941	3.311572e-05
3942	3.3151765e-05
3943	3.318583e-05
3944	3.3163949e-05
3945	3.3169069e-05
3946	3.3230998e-05
3947	3.3261626e-05
3948	3.3247004e-05
3949	3.3243747e-05
3950	3.3186331e-05
3951	3.3126475e-05
3952	3.3062737e-05
3953	3.3037711e-05
3954	3.3058744e-05
3955	3.305418e-05
3956	3.3016861e-05
3957	3.3002603e-05
3958	3.3001195e-05
3959	3.2989549e-05
3960	3.2965508e-05
3961	3.294886e-05
3962	3.2955879e-05
3963	3.291775e-05
3964	3.2841605e-05
3965	3.2803644e-05
3966	3.2818938e-05
3967	3.2830605e-05
3968	3.2823447e-05
3969	3.2800364e-05
3970	3.2862177e-05
3971	3.2916425e-05
3972	3.2943449e-05
3973	3.2938871e-05
3974	3.2890696e-05
3975	3.2862381e-05
3976	3.2829442e-05
3977	3.2776956e-05
3978	3.2806793e-05
3979	3.2850425e-05
3980	3.2842005e-05
3981	3.2826597e-05
3982	3.28357e-05
3983	3.2881955e-05
3984	3.2891395e-05
3985	3.2874341e-05
3986	3.2895139e-05
3987	3.2946772e-05
3988	3.2969173e-05
3989	3.2945064e-05
3990	3.2948985e-05
3991	3.2826918e-05
3992	3.2759424e-05
3993	3.2698365e-05
3994	3.2682637e-05
3995	3.2693562e-05
3996	3.2665579e-05
3997	3.2641212e-05
3998	3.2635448e-05
3999	3.2627353e-05
4000	3.2618775e-05
4001	3.2597154e-05
4002	3.2589901e-05
4003	3.25582e-05
4004	3.2509799e-05
4005	3.2441436e-05
4006	3.2425358e-05
4007	3.2407282e-05
4008	3.2401828e-05
4009	3.2404634e-05
4010	3.2401482e-05
4011	3.2430703e-05
4012	3.2467041e-05
4013	3.2486381e-05
4014	3.2454968e-05
4015	3.2358196e-05
4016	3.2341507e-05
4017	3.2326021e-05
4018	3.2319318e-05
4019	3.2339146e-05
4020	3.237657e-05
4021	3.2378473e-05
4022	3.2365381e-05
4023	3.2356302e-05
4024	3.2381482e-05
4025	3.2393178e-05
4026	3.2362683e-05
4027	3.2364114e-05
4028	3.2405817e-05
4029	3.2433923e-05
4030	3.241608e-05
4031	3.2382111e-05
4032	3.2243876e-05
4033	3.21965e-05
4034	3.213961e-05
4035	3.2115474e-05
4036	3.2088588e-05
4037	3.2089933e-05
4038	3.2069145e-05
4039	3.2048184e-05
4040	3.2027387e-05
4041	3.2025829e-05
4042	3.2004889e-05
4043	3.1972979e-05
4044	3.1927385e-05
4045	3.1885596e-05
4046	3.1812413e-05
4047	3.1793524e-05
4048	3.1754383e-05
4049	3.1772786e-05
4050	3.1762662e-05
4051	3.1766223e-05
4052	3.1782143e-05
4053	3.1831325e-05
4054	3.1862813e-05
4055	3.1804291e-05
4056	3.1725764e-05
4057	3.169684e-05
4058	3.1659433e-05
4059	3.1624611e-05
4060	3.1636745e-05
4061	3.1662356e-05
4062	3.1644829e-05
4063	3.1627229e-05
4064	3.1626869e-05
4065	3.1652338e-05
4066	3.1645452e-05
4067	3.161942e-05
4068	3.1656126e-05
4069	3.1682284e-05
4070	3.1709318e-05
4071	3.1688186e-05
4072	3.1639369e-05
4073	3.1522937e-05
4074	3.1456851e-05
4075	3.1392287e-05
4076	3.1367299e-05
4077	3.133667e-05
4078	3.1314266e-05
4079	3.1282118e-05
4080	3.1253743e-05
4081	3.1222861e-05
4082	3.1198986e-05
4083	3.1170712e-05
4084	3.115813e-05
4085	3.1107519e-05
4086	3.1046229e-05
4087	3.0992282e-05
4088	3.0995105e-05
4089	3.0964389e-05
4090	3.0958182e-05
4091	3.0947809e-05
4092	3.0958502e-05
4093	3.0970459e-05
4094	3.0982959e-05
4095	3.0994635e-05
4096	3.0922124e-05
4097	3.0851369e-05
4098	3.0804309e-05
4099	3.0751407e-05
4100	3.0758872e-05
4101	3.07706e-05
4102	3.0746485e-05
4103	3.073532e-05
4104	3.0745651e-05
4105	3.0759654e-05
4106	3.0763141e-05
4107	3.0754438e-05
4108	3.0762764e-05
4109	3.0785551e-05
4110	3.0793779e-05
4111	3.0788955e-05
4112	3.07827e-05
4113	3.0673965e-05
4114	3.0561215e-05
4115	3.0490697e-05
4116	3.0453814e-05
4117	3.0434042e-05
4118	3.0383804e-05
4119	3.035768e-05
4120	3.0345502e-05
4121	3.0313142e-05
4122	3.0254034e-05
4123	3.0224233e-05
4124	3.0218619e-05
4125	3.017217e-05
4126	3.0099401e-05
4127	3.0030551e-05
4128	3.0017378e-05
4129	3.0005399e-05
4130	2.9967956e-05
4131	2.9971142e-05
4132	2.9975312e-05
4133	3.0008003e-05
4134	3.0017915e-05
4135	3.0042903e-05
4136	3.0056338e-05
4137	2.996603e-05
4138	2.9892883e-05
4139	2.9833909e-05
4140	2.9792726e-05
4141	2.9787802e-05
4142	2.977953e-05
4143	2.9757148e-05
4144	2.9733357e-05
4145	2.9714026e-05
4146	2.9699881e-05
4147	2.9711129e-05
4148	2.9684578e-05
4149	2.9696285e-05
4150	2.9739248e-05
4151	2.9784125e-05
4152	2.9779733e-05
4153	2.9768369e-05
4154	2.9638004e-05
4155	2.9566729e-05
4156	2.9498028e-05
4157	2.9462733e-05
4158	2.943502e-05
4159	2.9403053e-05
4160	2.9356177e-05
4161	2.932542e-05
4162	2.9295557e-05
4163	2.9267869e-05
4164	2.9222894e-05
4165	2.9182608e-05
4166	2.9147701e-05
4167	2.9078913e-05
4168	2.8994472e-05
4169	2.8956913e-05
4170	2.8947754e-05
4171	2.894295e-05
4172	2.8916108e-05
4173	2.8899475e-05
4174	2.8927142e-05
4175	2.8969887e-05
4176	2.8980454e-05
4177	2.895024e-05
4178	2.8898001e-05
4179	2.8878894e-05
4180	2.8834734e-05
4181	2.8777514e-05
4182	2.8812927e-05
4183	2.8841463e-05
4184	2.8802774e-05
4185	2.8752206e-05
4186	2.8751713e-05
4187	2.8785806e-05
4188	2.8751569e-05
4189	2.8696024e-05
4190	2.8735007e-05
4191	2.8788703e-05
4192	2.879528e-05
4193	2.8741404e-05
4194	2.8738754e-05
4195	2.8619857e-05
4196	2.8541772e-05
4197	2.8445083e-05
4198	2.8437982e-05
4199	2.8430585e-05
4200	2.8389192e-05
4201	2.834113e-05
4202	2.8319931e-05
4203	2.8317449e-05
4204	2.8282678e-05
4205	2.8242099e-05
4206	2.8241749e-05
4207	2.8205759e-05
4208	2.8132358e-05
4209	2.8032551e-05
4210	2.8035194e-05
4211	2.8031018e-05
4212	2.8028315e-05
4213	2.800915e-05
4214	2.8006593e-05
4215	2.803976e-05
4216	2.8057871e-05
4217	2.8062081e-05
4218	2.802301e-05
4219	2.7943434e-05
4220	2.7905232e-05
4221	2.7846079e-05
4222	2.7836489e-05
4223	2.7852482e-05
4224	2.7858779e-05
4225	2.7832846e-05
4226	2.7812847e-05
4227	2.7802486e-05
4228	2.7812554e-05
4229	2.7809206e-05
4230	2.7782579e-05
4231	2.7821536e-05
4232	2.7865708e-05
4233	2.7907502e-05
4234	2.7900525e-05
4235	2.7839431e-05
4236	2.7722629e-05
4237	2.7665304e-05
4238	2.7605633e-05
4239	2.7572262e-05
4240	2.7532907e-05
4241	2.7533286e-05
4242	2.7486457e-05
4243	2.7427871e-05
4244	2.738443e-05
4245	2.7397197e-05
4246	2.7374539e-05
4247	2.7323906e-05
4248	2.726749e-05
4249	2.7225033e-05
4250	2.717862e-05
4251	2.7152384e-05
4252	2.7110611e-05
4253	2.715666e-05
4254	2.7147921e-05
4255	2.7142754e-05
4256	2.7150445e-05
4257	2.7234241e-05
4258	2.7262322e-05
4259	2.7171176e-05
4260	2.7092088e-05
4261	2.7105238e-05
4262	2.7080221e-05
4263	2.704187e-05
4264	2.7043788e-05
4265	2.7064945e-05
4266	2.7047384e-05
4267	2.7004236e-05
4268	2.6989355e-05
4269	2.703409e-05
4270	2.7036333e-05
4271	2.7012365e-05
4272	2.704176e-05
4273	2.7098588e-05
4274	2.7118046e-05
4275	2.7072285e-05
4276	2.6986085e-05
4277	2.6903807e-05
4278	2.6860622e-05
4279	2.677889e-05
4280	2.675837e-05
4281	2.6745536e-05
4282	2.6744803e-05
4283	2.6712579e-05
4284	2.6693466e-05
4285	2.6676234e-05
4286	2.6662258e-05
4287	2.6632326e-05
4288	2.6610778e-05
4289	2.6555115e-05
4290	2.6491339e-05
4291	2.6436836e-05
4292	2.6442852e-05
4293	2.6430209e-05
4294	2.6452623e-05
4295	2.6444939e-05
4296	2.6485417e-05
4297	2.651741e-05
4298	2.6539227e-05
4299	2.6553087e-05
4300	2.6482479e-05
4301	2.6426614e-05
4302	2.6373743e-05
4303	2.6325377e-05
4304	2.6355562e-05
4305	2.6359075e-05
4306	2.6340317e-05
4307	2.6336121e-05
4308	2.6364749e-05
4309	2.6387244e-05
4310	2.637935e-05
4311	2.6390346e-05
4312	2.6416448e-05
4313	2.6455835e-05
4314	2.6458096e-05
4315	2.6472444e-05
4316	2.6500269e-05
4317	2.638622e-05
4318	2.6287541e-05
4319	2.6242007e-05
4320	2.6246222e-05
4321	2.6219375e-05
4322	2.6160074e-05
4323	2.6151925e-05
4324	2.6148446e-05
4325	2.6111531e-05
4326	2.6033769e-05
4327	2.6040627e-05
4328	2.6066017e-05
4329	2.6039233e-05
4330	2.5949029e-05
4331	2.5886118e-05
4332	2.5903479e-05
4333	2.5891849e-05
4334	2.5869247e-05
4335	2.5879101e-05
4336	2.5906086e-05
4337	2.594494e-05
4338	2.5955943e-05
4339	2.6013911e-05
4340	2.6024789e-05
4341	2.5956713e-05
4342	2.5896562e-05
4343	2.587194e-05
4344	2.586691e-05
4345	2.58847e-05
4346	2.5890047e-05
4347	2.5878727e-05
4348	2.5888823e-05
4349	2.5893678e-05
4350	2.5912427e-05
4351	2.5926711e-05
4352	2.5906312e-05
4353	2.5931002e-05
4354	2.5955667e-05
4355	2.5986248e-05
4356	2.5966025e-05
4357	2.5946972e-05
4358	2.5823241e-05
4359	2.5768391e-05
4360	2.5729427e-05
4361	2.5716143e-05
4362	2.5720883e-05
4363	2.5721862e-05
4364	2.5707824e-05
4365	2.5704719e-05
4366	2.5698425e-05
4367	2.5703066e-05
4368	2.5660493e-05
4369	2.5645129e-05
4370	2.5628044e-05
4371	2.5574335e-05
4372	2.5490694e-05
4373	2.5461007e-05
4374	2.5477077e-05
4375	2.5485829e-05
4376	2.5459026e-05
4377	2.5436082e-05
4378	2.548795e-05
4379	2.5532136e-05
4380	2.5529709e-05
4381	2.5489737e-05
4382	2.5466337e-05
4383	2.5474221e-05
4384	2.5436566e-05
4385	2.5405623e-05
4386	2.5482394e-05
4387	2.5512033e-05
4388	2.5481976e-05
4389	2.5458448e-05
4390	2.5510496e-05
4391	2.5563752e-05
4392	2.5534033e-05
4393	2.5482026e-05
4394	2.554461e-05
4395	2.5603212e-05
4396	2.5580785e-05
4397	2.5530781e-05
4398	2.553605e-05
4399	2.5433572e-05
4400	2.5353262e-05
4401	2.5266237e-05
4402	2.5297473e-05
4403	2.5298022e-05
4404	2.5262775e-05
4405	2.5214148e-05
4406	2.5213151e-05
4407	2.5227184e-05
4408	2.5194707e-05
4409	2.5176017e-05
4410	2.5181588e-05
4411	2.5167396e-05
4412	2.5091596e-05
4413	2.5003372e-05
4414	2.5020939e-05
4415	2.5022868e-05
4416	2.5035985e-05
4417	2.5025731e-05
4418	2.5043153e-05
4419	2.5097636e-05
4420	2.5125064e-05
4421	2.5144889e-05
4422	2.5075714e-05
4423	2.5015577e-05
4424	2.4987574e-05
4425	2.4953448e-05
4426	2.4946763e-05
4427	2.4964422e-05
4428	2.4973311e-05
4429	2.495553e-05
4430	2.494578e-05
4431	2.4949153e-05
4432	2.4983328e-05
4433	2.498905e-05
4434	2.4973084e-05
4435	2.5021114e-05
4436	2.5061079e-05
4437	2.5091824e-05
4438	2.5067936e-05
4439	2.5003546e-05
4440	2.4913217e-05
4441	2.4866962e-05
4442	2.4806411e-05
4443	2.4764869e-05
4444	2.4750978e-05
4445	2.4749668e-05
4446	2.4720258e-05
4447	2.4675872e-05
4448	2.4661125e-05
4449	2.468104e-05
4450	2.4651165e-05
4451	2.4606667e-05
4452	2.4550874e-05
4453	2.4496777e-05
4454	2.4432733e-05
4455	2.4391428e-05
4456	2.4392241e-05
4457	2.4426329e-05
4458	2.4419533e-05
4459	2.440694e-05
4460	2.4445627e-05
4461	2.4521428e-05
4462	2.4528796e-05
4463	2.4421566e-05
4464	2.4370982e-05
4465	2.4383765e-05
4466	2.4351417e-05
4467	2.4345294e-05
4468	2.4360541e-05
4469	2.4384374e-05
4470	2.4369406e-05
4471	2.4331e-05
4472	2.4346387e-05
4473	2.4378795e-05
4474	2.4361536e-05
4475	2.4330199e-05
4476	2.4349243e-05
4477	2.4395977e-05
4478	2.4363415e-05
4479	2.4327945e-05
4480	2.4225371e-05
4481	2.4158524e-05
4482	2.4107544e-05
4483	2.4049071e-05
4484	2.4044387e-05
4485	2.4024008e-05
4486	2.4008766e-05
4487	2.39775e-05
4488	2.3954363e-05
4489	2.3952231e-05
4490	2.3933145e-05
4491	2.3920215e-05
4492	2.3881235e-05
4493	2.3817135e-05
4494	2.3739157e-05
4495	2.3692581e-05
4496	2.3689137e-05
4497	2.3665687e-05
4498	2.3667492e-05
4499	2.3643645e-05
4500	2.3681473e-05
4501	2.3702306e-05
4502	2.3717625e-05
4503	2.3700099e-05
4504	2.3604425e-05
4505	2.3553704e-05
4506	2.3505953e-05
4507	2.3484307e-05
4508	2.3509577e-05
4509	2.3530909e-05
4510	2.3529479e-05
4511	2.3523991e-05
4512	2.3545777e-05
4513	2.3559162e-05
4514	2.3555794e-05
4515	2.3541045e-05
4516	2.3565932e-05
4517	2.3600491e-05
4518	2.3597053e-05
4519	2.3581574e-05
4520	2.3555519e-05
4521	2.3406856e-05
4522	2.3313989e-05
4523	2.3242115e-05
4524	2.3231511e-05
4525	2.3192163e-05
4526	2.3149894e-05
4527	2.3130621e-05
4528	2.313106e-05
4529	2.3105466e-05
4530	2.3061667e-05
4531	2.3048405e-05
4532	2.303849e-05
4533	2.3004449e-05
4534	2.291536e-05
4535	2.2835988e-05
4536	2.2826381e-05
4537	2.2807432e-05
4538	2.2799603e-05
4539	2.2791065e-05
4540	2.2800853e-05
4541	2.2831428e-05
4542	2.2854182e-05
4543	2.287108e-05
4544	2.2833095e-05
4545	2.2748569e-05
4546	2.268817e-05
4547	2.2640824e-05
4548	2.2610469e-05
4549	2.2623401e-05
4550	2.2627821e-05
4551	2.260405e-05
4552	2.2614305e-05
4553	2.2607775e-05
4554	2.2641332e-05
4555	2.2635795e-05
4556	2.2617135e-05
4557	2.2651868e-05
4558	2.2677539e-05
4559	2.2694403e-05
4560	2.2653699e-05
4561	2.2638153e-05
4562	2.2497267e-05
4563	2.2413035e-05
4564	2.2330997e-05
4565	2.2318282e-05
4566	2.2304458e-05
4567	2.2285186e-05
4568	2.2253959e-05
4569	2.2231339e-05
4570	2.220848e-05
4571	2.2193487e-05
4572	2.2160568e-05
4573	2.2148156e-05
4574	2.2101014e-05
4575	2.2039898e-05
4576	2.1949014e-05
4577	2.1938539e-05
4578	2.1938008e-05
4579	2.194418e-05
4580	2.1928092e-05
4581	2.1915765e-05
4582	2.1965835e-05
4583	2.2011051e-05
4584	2.2012041e-05
4585	2.1937482e-05
4586	2.186079e-05
4587	2.1852045e-05
4588	2.1791204e-05
4589	2.1757305e-05
4590	2.1787638e-05
4591	2.1816397e-05
4592	2.1801544e-05
4593	2.1775136e-05
4594	2.1803127e-05
4595	2.183231e-05
4596	2.1818382e-05
4597	2.1767256e-05
4598	2.1822984e-05
4599	2.1876396e-05
4600	2.1873807e-05
4601	2.1826667e-05
4602	2.1783672e-05
4603	2.169933e-05
4604	2.1624826e-05
4605	2.154246e-05
4606	2.1554541e-05
4607	2.155347e-05
4608	2.1541989e-05
4609	2.1483504e-05
4610	2.1469606e-05
4611	2.1467243e-05
4612	2.1442044e-05
4613	2.1388004e-05
4614	2.133808e-05
4615	2.1309211e-05
4616	2.1233222e-05
4617	2.1162985e-05
4618	2.1166351e-05
4619	2.1188933e-05
4620	2.1202321e-05
4621	2.1165951e-05
4622	2.1192177e-05
4623	2.1253098e-05
4624	2.1305606e-05
4625	2.1312066e-05
4626	2.1234908e-05
4627	2.1224698e-05
4628	2.1198414e-05
4629	2.1154276e-05
4630	2.1142435e-05
4631	2.1184607e-05
4632	2.1191037e-05
4633	2.1160461e-05
4634	2.1146041e-05
4635	2.1164016e-05
4636	2.1179327e-05
4637	2.114108e-05
4638	2.111293e-05
4639	2.1163089e-05
4640	2.1200535e-05
4641	2.1203636e-05
4642	2.1193167e-05
4643	2.1140037e-05
4644	2.1066531e-05
4645	2.1012392e-05
4646	2.0974616e-05
4647	2.0967736e-05
4648	2.0967693e-05
4649	2.0961248e-05
4650	2.0947458e-05
4651	2.0918037e-05
4652	2.0918222e-05
4653	2.0911801e-05
4654	2.0886976e-05
4655	2.0842983e-05
4656	2.0775165e-05
4657	2.0719265e-05
4658	2.0672566e-05
4659	2.0641653e-05
4660	2.0641629e-05
4661	2.0650206e-05
4662	2.0657729e-05
4663	2.0674833e-05
4664	2.0721877e-05
4665	2.0785909e-05
4666	2.0807861e-05
4667	2.0711966e-05
4668	2.0675558e-05
4669	2.0691882e-05
4670	2.0666331e-05
4671	2.0656986e-05
4672	2.0674287e-05
4673	2.0715469e-05
4674	2.0734097e-05
4675	2.0694017e-05
4676	2.0719383e-05
4677	2.0757541e-05
4678	2.0758434e-05
4679	2.0738558e-05
4680	2.076497e-05
4681	2.0825012e-05
4682	2.0825113e-05
4683	2.0797527e-05
4684	2.0669258e-05
4685	2.0657171e-05
4686	2.0616096e-05
4687	2.0558533e-05
4688	2.0539507e-05
4689	2.0544116e-05
4690	2.0557327e-05
4691	2.0506033e-05
4692	2.0483464e-05
4693	2.0504432e-05
4694	2.0519855e-05
4695	2.0493151e-05
4696	2.0450059e-05
4697	2.0421316e-05
4698	2.0368542e-05
4699	2.0339854e-05
4700	2.0320406e-05
4701	2.0339979e-05
4702	2.0364115e-05
4703	2.0335485e-05
4704	2.0371786e-05
4705	2.0442616e-05
4706	2.0500149e-05
4707	2.047368e-05
4708	2.0387494e-05
4709	2.0386921e-05
4710	2.0371777e-05
4711	2.033781e-05
4712	2.0350965e-05
4713	2.0393799e-05
4714	2.0398649e-05
4715	2.039153e-05
4716	2.0395846e-05
4717	2.0438144e-05
4718	2.0457219e-05
4719	2.0439424e-05
4720	2.0471458e-05
4721	2.0519608e-05
4722	2.0541731e-05
4723	2.0537042e-05
4724	2.0525878e-05
4725	2.041955e-05
4726	2.0353213e-05
4727	2.0313138e-05
4728	2.0313352e-05
4729	2.0309325e-05
4730	2.0292689e-05
4731	2.0280338e-05
4732	2.0285281e-05
4733	2.0273743e-05
4734	2.0251274e-05
4735	2.0259649e-05
4736	2.0251609e-05
4737	2.0211276e-05
4738	2.0119652e-05
4739	2.0058322e-05
4740	2.0074309e-05
4741	2.0052658e-05
4742	2.0030158e-05
4743	2.0025242e-05
4744	2.0067351e-05
4745	2.0112718e-05
4746	2.0156228e-05
4747	2.0198397e-05
4748	2.0196944e-05
4749	2.0132251e-05
4750	2.0100805e-05
4751	2.0088204e-05
4752	2.009996e-05
4753	2.0125529e-05
4754	2.0121803e-05
4755	2.0127227e-05
4756	2.015607e-05
4757	2.0149629e-05
4758	2.0152178e-05
4759	2.014555e-05
4760	2.0162351e-05
4761	2.0181509e-05
4762	2.0187081e-05
4763	2.0211678e-05
4764	2.0230628e-05
4765	2.0202561e-05
4766	2.0070968e-05
4767	2.0021524e-05
4768	1.9998672e-05
4769	1.9985768e-05
4770	1.9954606e-05
4771	1.9942822e-05
4772	1.9953319e-05
4773	1.9930259e-05
4774	1.9916284e-05
4775	1.9918625e-05
4776	1.9930428e-05
4777	1.9903114e-05
4778	1.9827609e-05
4779	1.9771351e-05
4780	1.971378e-05
4781	1.970382e-05
4782	1.966803e-05
4783	1.9693118e-05
4784	1.9702137e-05
4785	1.9710057e-05
4786	1.9749771e-05
4787	1.9803064e-05
4788	1.9830073e-05
4789	1.9748617e-05
4790	1.9698233e-05
4791	1.9711671e-05
4792	1.9676286e-05
4793	1.9671931e-05
4794	1.9695441e-05
4795	1.9724406e-05
4796	1.9706921e-05
4797	1.9672273e-05
4798	1.9681112e-05
4799	1.971817e-05
4800	1.9712685e-05
4801	1.9679355e-05
4802	1.9729845e-05
4803	1.9786762e-05
4804	1.9779697e-05
4805	1.974863e-05
4806	1.9683067e-05
4807	1.962266e-05
4808	1.9544284e-05
4809	1.9482626e-05
4810	1.9500627e-05
4811	1.9513157e-05
4812	1.9485053e-05
4813	1.942138e-05
4814	1.9419211e-05
4815	1.9424864e-05
4816	1.939511e-05
4817	1.9339892e-05
4818	1.9310668e-05
4819	1.9282495e-05
4820	1.9190275e-05
4821	1.9121223e-05
4822	1.9122578e-05
4823	1.9148592e-05
4824	1.9144937e-05
4825	1.9106724e-05
4826	1.9164035e-05
4827	1.9222061e-05
4828	1.9247886e-05
4829	1.9222375e-05
4830	1.9132771e-05
4831	1.9109402e-05
4832	1.9061907e-05
4833	1.9007275e-05
4834	1.902399e-05
4835	1.9081893e-05
4836	1.907428e-05
4837	1.9041747e-05
4838	1.9032318e-05
4839	1.9058582e-05
4840	1.9061455e-05
4841	1.9018694e-05
4842	1.9029773e-05
4843	1.9085461e-05
4844	1.9104679e-05
4845	1.9080785e-05
4846	1.9059075e-05
4847	1.8962775e-05
4848	1.8886593e-05
4849	1.8828684e-05
4850	1.8793777e-05
4851	1.8785026e-05
4852	1.8762982e-05
4853	1.8731443e-05
4854	1.8707304e-05
4855	1.8664887e-05
4856	1.8655593e-05
4857	1.8632781e-05
4858	1.8600538e-05
4859	1.8542544e-05
4860	1.8483672e-05
4861	1.8436468e-05
4862	1.8397407e-05
4863	1.8354999e-05
4864	1.8349562e-05
4865	1.8374736e-05
4866	1.8378173e-05
4867	1.8374994e-05
4868	1.8416386e-05
4869	1.846082e-05
4870	1.8444832e-05
4871	1.831219e-05
4872	1.8259191e-05
4873	1.8258406e-05
4874	1.8218019e-05
4875	1.8194869e-05
4876	1.8214824e-05
4877	1.8248939e-05
4878	1.8244975e-05
4879	1.8180711e-05
4880	1.8195231e-05
4881	1.8239932e-05
4882	1.8233961e-05
4883	1.8202444e-05
4884	1.8233434e-05
4885	1.8300503e-05
4886	1.8298786e-05
4887	1.8237149e-05
4888	1.8074177e-05
4889	1.8050016e-05
4890	1.7994048e-05
4891	1.7921944e-05
4892	1.7875598e-05
4893	1.7888465e-05
4894	1.7872215e-05
4895	1.7788706e-05
4896	1.7748205e-05
4897	1.777864e-05
4898	1.7786829e-05
4899	1.7737393e-05
4900	1.76797e-05
4901	1.7669491e-05
4902	1.7613208e-05
4903	1.7574207e-05
4904	1.7520723e-05
4905	1.7545505e-05
4906	1.75571e-05
4907	1.7517683e-05
4908	1.7526797e-05
4909	1.7575499e-05
4910	1.7615147e-05
4911	1.7540726e-05
4912	1.7428573e-05
4913	1.7418836e-05
4914	1.7398232e-05
4915	1.7363025e-05
4916	1.7362862e-05
4917	1.7398966e-05
4918	1.7402135e-05
4919	1.7386392e-05
4920	1.7372554e-05
4921	1.7398979e-05
4922	1.7405619e-05
4923	1.7383323e-05
4924	1.7413315e-05
4925	1.7440941e-05
4926	1.7466035e-05
4927	1.7444834e-05
4928	1.7399554e-05
4929	1.7246019e-05
4930	1.7162755e-05
4931	1.7117218e-05
4932	1.7103687e-05
4933	1.7071275e-05
4934	1.7048523e-05
4935	1.7032976e-05
4936	1.7024953e-05
4937	1.6980342e-05
4938	1.6958665e-05
4939	1.6947096e-05
4940	1.693152e-05
4941	1.6866565e-05
4942	1.6779347e-05
4943	1.6734452e-05
4944	1.6728593e-05
4945	1.6681621e-05
4946	1.6663228e-05
4947	1.6692631e-05
4948	1.6740168e-05
4949	1.6763508e-05
4950	1.679175e-05
4951	1.6833347e-05
4952	1.6798102e-05
4953	1.6707803e-05
4954	1.6648312e-05
4955	1.6610992e-05
4956	1.66164e-05
4957	1.6628679e-05
4958	1.6614443e-05
4959	1.6627579e-05
4960	1.664318e-05
4961	1.66248e-05
4962	1.6616958e-05
4963	1.6612366e-05
4964	1.6637496e-05
4965	1.6664451e-05
4966	1.6686859e-05
4967	1.6713578e-05
4968	1.6738001e-05
4969	1.6671294e-05
4970	1.6543234e-05
4971	1.6500762e-05
4972	1.6461016e-05
4973	1.6448234e-05
4974	1.6402966e-05
4975	1.6391794e-05
4976	1.6388517e-05
4977	1.6341919e-05
4978	1.6317145e-05
4979	1.6304706e-05
4980	1.6310494e-05
4981	1.6278756e-05
4982	1.6228048e-05
4983	1.6183291e-05
4984	1.6150858e-05
4985	1.613683e-05
4986	1.6106769e-05
4987	1.6127179e-05
4988	1.6126523e-05
4989	1.6142531e-05
4990	1.6183997e-05
4991	1.6233202e-05
4992	1.6270885e-05
4993	1.6170813e-05
4994	1.612801e-05
4995	1.6122649e-05
4996	1.6081195e-05
4997	1.6091046e-05
4998	1.6131785e-05
4999	1.6172837e-05
5000	1.6157579e-05
