1	0.0023263095
2	0.0031983811
3	0.0012329612
4	0.00068269101
5	0.00095896203
6	0.00037785184
7	0.00027142905
8	0.00024213095
9	9.8199451e-05
10	6.8737791e-05
11	6.2960143e-05
12	6.0216966e-05
13	6.4362353e-05
14	5.3078156e-05
15	4.2207767e-05
16	3.9040784e-05
17	3.997518e-05
18	4.1357778e-05
19	4.2287455e-05
20	4.3261222e-05
21	4.4192265e-05
22	4.4297131e-05
23	4.234945e-05
24	4.0485543e-05
25	4.0072904e-05
26	4.0649195e-05
27	4.1111662e-05
28	4.1048648e-05
29	4.0341602e-05
30	3.9222954e-05
31	3.8538754e-05
32	3.8312602e-05
33	3.8125217e-05
34	3.7680211e-05
35	3.6961256e-05
36	3.6264013e-05
37	3.5747974e-05
38	3.5277748e-05
39	3.4740372e-05
40	3.4155784e-05
41	3.3562182e-05
42	3.2988455e-05
43	3.2448669e-05
44	3.1908534e-05
45	3.1346514e-05
46	3.0757027e-05
47	3.0185897e-05
48	2.9667697e-05
49	2.9155491e-05
50	2.8611679e-05
51	2.8070744e-05
52	2.7556804e-05
53	2.7065309e-05
54	2.6571154e-05
55	2.6072115e-05
56	2.5586948e-05
57	2.5116482e-05
58	2.4659264e-05
59	2.4206735e-05
60	2.376738e-05
61	2.3341472e-05
62	2.2914148e-05
63	2.249634e-05
64	2.2090499e-05
65	2.1688807e-05
66	2.1297849e-05
67	2.0910829e-05
68	2.053238e-05
69	2.0161484e-05
70	1.9793726e-05
71	1.9434748e-05
72	1.908287e-05
73	1.8735762e-05
74	1.8397541e-05
75	1.806865e-05
76	1.7750188e-05
77	1.7438158e-05
78	1.7134564e-05
79	1.6840865e-05
80	1.6553702e-05
81	1.6274245e-05
82	1.6000844e-05
83	1.5739062e-05
84	1.5483663e-05
85	1.5233447e-05
86	1.49905e-05
87	1.4754733e-05
88	1.4526253e-05
89	1.4303581e-05
90	1.4086116e-05
91	1.3875508e-05
92	1.366963e-05
93	1.346736e-05
94	1.3271079e-05
95	1.3076381e-05
96	1.287688e-05
97	1.2683845e-05
98	1.2504752e-05
99	1.2334932e-05
100	1.2171625e-05
101	1.2011695e-05
102	1.1856356e-05
103	1.1709167e-05
104	1.1567761e-05
105	1.1431672e-05
106	1.1301832e-05
107	1.1174913e-05
108	1.1050873e-05
109	1.0928244e-05
110	1.0807518e-05
111	1.0687932e-05
112	1.0569016e-05
113	1.0451667e-05
114	1.0334459e-05
115	1.021888e-05
116	1.0103992e-05
117	9.9906372e-06
118	9.8797143e-06
119	9.7690112e-06
120	9.6594582e-06
121	9.5503703e-06
122	9.4465309e-06
123	9.3468525e-06
124	9.250513e-06
125	9.1611628e-06
126	9.0765089e-06
127	8.9970469e-06
128	8.9216055e-06
129	8.8514614e-06
130	8.7880872e-06
131	8.7328652e-06
132	8.6841851e-06
133	8.6416358e-06
134	8.6024518e-06
135	8.5637e-06
136	8.524666e-06
137	8.485386e-06
138	8.4454382e-06
139	8.405435e-06
140	8.3654221e-06
141	8.3250779e-06
142	8.2855269e-06
143	8.2463066e-06
144	8.2090086e-06
145	8.1722985e-06
146	8.1463443e-06
147	8.1209221e-06
148	8.0962063e-06
149	8.0660472e-06
150	8.0383107e-06
151	8.0266053e-06
152	8.0295226e-06
153	8.0257329e-06
154	8.0110023e-06
155	7.9926345e-06
156	7.9678713e-06
157	7.9355164e-06
158	7.9062403e-06
159	7.8591736e-06
160	7.7944333e-06
161	7.7507855e-06
162	7.717785e-06
163	7.6922067e-06
164	7.6658145e-06
165	7.6383149e-06
166	7.6154349e-06
167	7.5955465e-06
168	7.5783063e-06
169	7.5626308e-06
170	7.5483352e-06
171	7.5352491e-06
172	7.5237468e-06
173	7.5133662e-06
174	7.5048762e-06
175	7.4976694e-06
176	7.4928713e-06
177	7.489525e-06
178	7.4882303e-06
179	7.4887606e-06
180	7.4923902e-06
181	7.4997087e-06
182	7.510205e-06
183	7.5236762e-06
184	7.5394768e-06
185	7.5575649e-06
186	7.577551e-06
187	7.5995194e-06
188	7.6233798e-06
189	7.6485799e-06
190	7.6746638e-06
191	7.7014581e-06
192	7.7286396e-06
193	7.7561638e-06
194	7.7833261e-06
195	7.8099438e-06
196	7.835805e-06
197	7.8608378e-06
198	7.8846375e-06
199	7.906935e-06
200	7.9272114e-06
201	7.9455877e-06
202	7.9622945e-06
203	7.9766514e-06
204	7.9893999e-06
205	7.9994072e-06
206	8.007373e-06
207	8.0135854e-06
208	8.0177476e-06
209	8.019397e-06
210	8.0189309e-06
211	8.0160431e-06
212	8.0103518e-06
213	8.0023327e-06
214	7.9914547e-06
215	7.9779239e-06
216	7.9615858e-06
217	7.9428097e-06
218	7.9213145e-06
219	7.8971481e-06
220	7.8706805e-06
221	7.8414287e-06
222	7.8100232e-06
223	7.776029e-06
224	7.7399224e-06
225	7.7016571e-06
226	7.6621467e-06
227	7.6205419e-06
228	7.5774133e-06
229	7.5326646e-06
230	7.4866185e-06
231	7.4389588e-06
232	7.3902165e-06
233	7.3401998e-06
234	7.2889706e-06
235	7.2368099e-06
236	7.1834548e-06
237	7.129677e-06
238	7.0755829e-06
239	7.0215353e-06
240	6.9671509e-06
241	6.9125713e-06
242	6.858431e-06
243	6.8039937e-06
244	6.7500491e-06
245	6.6965099e-06
246	6.6427684e-06
247	6.5894616e-06
248	6.5364381e-06
249	6.4835195e-06
250	6.4308688e-06
251	6.3783671e-06
252	6.3264144e-06
253	6.2750863e-06
254	6.2239487e-06
255	6.1733004e-06
256	6.12354e-06
257	6.074122e-06
258	6.0251188e-06
259	5.9767133e-06
260	5.928756e-06
261	5.881469e-06
262	5.8348525e-06
263	5.7890586e-06
264	5.7439429e-06
265	5.6997217e-06
266	5.6566754e-06
267	5.6147027e-06
268	5.5732644e-06
269	5.5327388e-06
270	5.4930491e-06
271	5.4542181e-06
272	5.4161653e-06
273	5.3788361e-06
274	5.3424343e-06
275	5.3072147e-06
276	5.2732984e-06
277	5.240775e-06
278	5.2089879e-06
279	5.1780924e-06
280	5.1480008e-06
281	5.1189443e-06
282	5.0909748e-06
283	5.0641259e-06
284	5.0384405e-06
285	5.0136269e-06
286	4.9902687e-06
287	4.9679446e-06
288	4.9465586e-06
289	4.9260526e-06
290	4.9060719e-06
291	4.8867633e-06
292	4.8680359e-06
293	4.8497127e-06
294	4.8319628e-06
295	4.8142192e-06
296	4.7965951e-06
297	4.7803475e-06
298	4.7656244e-06
299	4.7536563e-06
300	4.7443775e-06
301	4.7362577e-06
302	4.728358e-06
303	4.7218699e-06
304	4.7181347e-06
305	4.7145699e-06
306	4.7102577e-06
307	4.7035367e-06
308	4.6968996e-06
309	4.690805e-06
310	4.6844663e-06
311	4.6771579e-06
312	4.668986e-06
313	4.6616766e-06
314	4.6555115e-06
315	4.6509249e-06
316	4.6473698e-06
317	4.6449818e-06
318	4.6435188e-06
319	4.6428257e-06
320	4.6428075e-06
321	4.6441284e-06
322	4.6457361e-06
323	4.6473065e-06
324	4.6492192e-06
325	4.6518409e-06
326	4.6547351e-06
327	4.6582893e-06
328	4.6616707e-06
329	4.6648139e-06
330	4.6678403e-06
331	4.6711137e-06
332	4.6744379e-06
333	4.6775589e-06
334	4.6805729e-06
335	4.6830177e-06
336	4.6853427e-06
337	4.6871595e-06
338	4.6883791e-06
339	4.6889196e-06
340	4.6888326e-06
341	4.6883534e-06
342	4.6870586e-06
343	4.6849304e-06
344	4.6823442e-06
345	4.6791032e-06
346	4.6752016e-06
347	4.670708e-06
348	4.665245e-06
349	4.6592189e-06
350	4.6520936e-06
351	4.6441559e-06
352	4.6356564e-06
353	4.6266337e-06
354	4.6161784e-06
355	4.6049818e-06
356	4.592965e-06
357	4.5802399e-06
358	4.5668452e-06
359	4.5520409e-06
360	4.5367769e-06
361	4.5208506e-06
362	4.5046246e-06
363	4.4871924e-06
364	4.4686378e-06
365	4.4499295e-06
366	4.4306094e-06
367	4.4105269e-06
368	4.3897542e-06
369	4.3686442e-06
370	4.3469719e-06
371	4.3244382e-06
372	4.302247e-06
373	4.2794742e-06
374	4.2562117e-06
375	4.2330574e-06
376	4.2094002e-06
377	4.1854637e-06
378	4.1616535e-06
379	4.1371969e-06
380	4.1123513e-06
381	4.0882764e-06
382	4.064084e-06
383	4.039937e-06
384	4.0154964e-06
385	3.9913872e-06
386	3.9670457e-06
387	3.9434319e-06
388	3.9201114e-06
389	3.8977697e-06
390	3.8751668e-06
391	3.8526539e-06
392	3.8299003e-06
393	3.8077902e-06
394	3.7862674e-06
395	3.7648176e-06
396	3.7437391e-06
397	3.7233186e-06
398	3.7030681e-06
399	3.6831234e-06
400	3.6633556e-06
401	3.6441007e-06
402	3.6252169e-06
403	3.6065236e-06
404	3.5881906e-06
405	3.5701504e-06
406	3.5524396e-06
407	3.5352666e-06
408	3.5182032e-06
409	3.5015481e-06
410	3.4849587e-06
411	3.4685474e-06
412	3.4522481e-06
413	3.4362332e-06
414	3.4203592e-06
415	3.4047484e-06
416	3.3891778e-06
417	3.3738475e-06
418	3.3584423e-06
419	3.3433409e-06
420	3.3282156e-06
421	3.3132793e-06
422	3.298482e-06
423	3.2834102e-06
424	3.2682861e-06
425	3.2528369e-06
426	3.2375267e-06
427	3.2220535e-06
428	3.2067954e-06
429	3.1912886e-06
430	3.1758231e-06
431	3.160335e-06
432	3.1448292e-06
433	3.1294426e-06
434	3.1142411e-06
435	3.0992121e-06
436	3.0843026e-06
437	3.0695197e-06
438	3.054886e-06
439	3.0404213e-06
440	3.026025e-06
441	3.0117259e-06
442	2.9978851e-06
443	2.9843518e-06
444	2.9710306e-06
445	2.9579845e-06
446	2.9452373e-06
447	2.9332564e-06
448	2.9217294e-06
449	2.910598e-06
450	2.8995e-06
451	2.8888645e-06
452	2.8786158e-06
453	2.8685595e-06
454	2.8585827e-06
455	2.8486181e-06
456	2.8388023e-06
457	2.8290741e-06
458	2.8191913e-06
459	2.809514e-06
460	2.799819e-06
461	2.7902111e-06
462	2.7805511e-06
463	2.770907e-06
464	2.7613072e-06
465	2.7514302e-06
466	2.741748e-06
467	2.7321003e-06
468	2.7223192e-06
469	2.7125472e-06
470	2.7026374e-06
471	2.6923855e-06
472	2.6824142e-06
473	2.6725222e-06
474	2.6626119e-06
475	2.6528201e-06
476	2.6429488e-06
477	2.6326018e-06
478	2.6226154e-06
479	2.6125305e-06
480	2.6022133e-06
481	2.5919435e-06
482	2.5810257e-06
483	2.5704657e-06
484	2.5599281e-06
485	2.5491809e-06
486	2.5384865e-06
487	2.5272401e-06
488	2.5162632e-06
489	2.5054117e-06
490	2.4944893e-06
491	2.4836553e-06
492	2.4721718e-06
493	2.4611763e-06
494	2.4503009e-06
495	2.4394773e-06
496	2.4285476e-06
497	2.4171514e-06
498	2.4063362e-06
499	2.3956854e-06
500	2.3849454e-06
501	2.3744344e-06
502	2.3634554e-06
503	2.3530313e-06
504	2.3428852e-06
505	2.332851e-06
506	2.3222943e-06
507	2.3124418e-06
508	2.3026761e-06
509	2.2932996e-06
510	2.2838154e-06
511	2.2740418e-06
512	2.2648871e-06
513	2.2558469e-06
514	2.2469592e-06
515	2.2375817e-06
516	2.2287727e-06
517	2.2202305e-06
518	2.2117977e-06
519	2.2031963e-06
520	2.1942984e-06
521	2.1860156e-06
522	2.1778616e-06
523	2.1695717e-06
524	2.1608957e-06
525	2.1527307e-06
526	2.1447338e-06
527	2.1367247e-06
528	2.1286133e-06
529	2.1202022e-06
530	2.1123834e-06
531	2.1046168e-06
532	2.0967175e-06
533	2.0884793e-06
534	2.0807048e-06
535	2.0730294e-06
536	2.0653797e-06
537	2.0572867e-06
538	2.0494722e-06
539	2.0417338e-06
540	2.0336625e-06
541	2.0258173e-06
542	2.0178405e-06
543	2.0104911e-06
544	2.0029378e-06
545	1.9954119e-06
546	1.98706e-06
547	1.9790762e-06
548	1.9712429e-06
549	1.9634028e-06
550	1.9551408e-06
551	1.9472652e-06
552	1.939545e-06
553	1.9316902e-06
554	1.9237345e-06
555	1.9154585e-06
556	1.9077302e-06
557	1.8999135e-06
558	1.8920142e-06
559	1.8837059e-06
560	1.8758636e-06
561	1.868066e-06
562	1.8601589e-06
563	1.8518345e-06
564	1.8439187e-06
565	1.836109e-06
566	1.828199e-06
567	1.8198545e-06
568	1.8118931e-06
569	1.8041663e-06
570	1.7963184e-06
571	1.7883418e-06
572	1.780186e-06
573	1.7725548e-06
574	1.7648563e-06
575	1.7570698e-06
576	1.7490402e-06
577	1.7414538e-06
578	1.7338572e-06
579	1.7262075e-06
580	1.7183006e-06
581	1.710789e-06
582	1.7034249e-06
583	1.6959273e-06
584	1.6883387e-06
585	1.6807033e-06
586	1.673544e-06
587	1.6662642e-06
588	1.6589264e-06
589	1.651429e-06
590	1.6442999e-06
591	1.6371381e-06
592	1.6299138e-06
593	1.6224498e-06
594	1.615408e-06
595	1.6084768e-06
596	1.601457e-06
597	1.5943231e-06
598	1.5872285e-06
599	1.5805458e-06
600	1.573776e-06
601	1.566945e-06
602	1.5600056e-06
603	1.553368e-06
604	1.5467178e-06
605	1.540039e-06
606	1.5332733e-06
607	1.5265881e-06
608	1.5202896e-06
609	1.5138266e-06
610	1.5073239e-06
611	1.5007373e-06
612	1.4944601e-06
613	1.4881588e-06
614	1.4818171e-06
615	1.4753542e-06
616	1.4689789e-06
617	1.462982e-06
618	1.4568523e-06
619	1.4506689e-06
620	1.4443802e-06
621	1.4383905e-06
622	1.4324187e-06
623	1.4263892e-06
624	1.4202401e-06
625	1.414098e-06
626	1.4084254e-06
627	1.4026739e-06
628	1.3968404e-06
629	1.3907782e-06
630	1.3850359e-06
631	1.3794049e-06
632	1.3736849e-06
633	1.3678051e-06
634	1.3618723e-06
635	1.3565021e-06
636	1.3510938e-06
637	1.3455659e-06
638	1.3397556e-06
639	1.3343689e-06
640	1.3290125e-06
641	1.3236104e-06
642	1.3180082e-06
643	1.3123574e-06
644	1.3073199e-06
645	1.3021854e-06
646	1.2968838e-06
647	1.2912943e-06
648	1.2862729e-06
649	1.2812248e-06
650	1.2760465e-06
651	1.2706631e-06
652	1.2653734e-06
653	1.2606937e-06
654	1.2558051e-06
655	1.2507686e-06
656	1.2455338e-06
657	1.2407753e-06
658	1.2359838e-06
659	1.2310701e-06
660	1.225934e-06
661	1.2208768e-06
662	1.216402e-06
663	1.2117173e-06
664	1.2068423e-06
665	1.2017699e-06
666	1.197323e-06
667	1.1927346e-06
668	1.1880603e-06
669	1.1831754e-06
670	1.1783759e-06
671	1.1742071e-06
672	1.1698308e-06
673	1.1651634e-06
674	1.1603348e-06
675	1.1561065e-06
676	1.151701e-06
677	1.1471495e-06
678	1.1424845e-06
679	1.1378779e-06
680	1.1338358e-06
681	1.1296547e-06
682	1.1251526e-06
683	1.1205379e-06
684	1.1166088e-06
685	1.1124758e-06
686	1.1081061e-06
687	1.1037563e-06
688	1.099482e-06
689	1.095683e-06
690	1.0916543e-06
691	1.0873615e-06
692	1.0829882e-06
693	1.0791763e-06
694	1.0751711e-06
695	1.0709363e-06
696	1.066743e-06
697	1.0626823e-06
698	1.0590918e-06
699	1.0551812e-06
700	1.0510743e-06
701	1.0469789e-06
702	1.0431687e-06
703	1.03974e-06
704	1.0358896e-06
705	1.0318929e-06
706	1.027943e-06
707	1.024551e-06
708	1.0208601e-06
709	1.0169057e-06
710	1.0130499e-06
711	1.0093373e-06
712	1.0060716e-06
713	1.0024143e-06
714	9.9856805e-07
715	9.9471998e-07
716	9.9154032e-07
717	9.8801825e-07
718	9.8427178e-07
719	9.8058322e-07
720	9.7698394e-07
721	9.7382058e-07
722	9.7023549e-07
723	9.6651585e-07
724	9.628055e-07
725	9.5977047e-07
726	9.5635036e-07
727	9.5289264e-07
728	9.4954364e-07
729	9.4626173e-07
730	9.4346928e-07
731	9.4006543e-07
732	9.3657794e-07
733	9.3304258e-07
734	9.3014059e-07
735	9.2688145e-07
736	9.234452e-07
737	9.201808e-07
738	9.1685571e-07
739	9.1405681e-07
740	9.1079834e-07
741	9.0748752e-07
742	9.0413504e-07
743	9.0128701e-07
744	8.9812727e-07
745	8.9486433e-07
746	8.9170921e-07
747	8.8868075e-07
748	8.8606506e-07
749	8.8290571e-07
750	8.797561e-07
751	8.7658309e-07
752	8.7398703e-07
753	8.7094159e-07
754	8.6788145e-07
755	8.6486576e-07
756	8.6170119e-07
757	8.5939546e-07
758	8.5642377e-07
759	8.5338729e-07
760	8.5020651e-07
761	8.4789025e-07
762	8.4508237e-07
763	8.4224607e-07
764	8.393213e-07
765	8.3646917e-07
766	8.3423298e-07
767	8.3090678e-07
768	8.2768874e-07
769	8.2437862e-07
770	8.2210066e-07
771	8.1906157e-07
772	8.1617328e-07
773	8.1304415e-07
774	8.109061e-07
775	8.0826268e-07
776	8.0550916e-07
777	8.021016e-07
778	7.9988006e-07
779	7.9730322e-07
780	7.9454977e-07
781	7.9112025e-07
782	7.888965e-07
783	7.8629297e-07
784	7.8364542e-07
785	7.8026939e-07
786	7.780179e-07
787	7.7542565e-07
788	7.7291414e-07
789	7.6956621e-07
790	7.6741125e-07
791	7.6486522e-07
792	7.6243315e-07
793	7.5928617e-07
794	7.5744672e-07
795	7.5500922e-07
796	7.5271202e-07
797	7.4952299e-07
798	7.4763403e-07
799	7.4514447e-07
800	7.4277761e-07
801	7.395259e-07
802	7.3779341e-07
803	7.3542043e-07
804	7.3324068e-07
805	7.3021582e-07
806	7.2878018e-07
807	7.2660805e-07
808	7.2448299e-07
809	7.2148345e-07
810	7.1988557e-07
811	7.1763874e-07
812	7.1405713e-07
813	7.1242396e-07
814	7.1021402e-07
815	7.0799712e-07
816	7.0461047e-07
817	7.0333217e-07
818	7.0136412e-07
819	6.979616e-07
820	6.9660336e-07
821	6.9499858e-07
822	6.9138277e-07
823	6.9022e-07
824	6.8913414e-07
825	6.8613307e-07
826	6.857204e-07
827	6.8534347e-07
828	6.8340846e-07
829	6.8373669e-07
830	6.8366771e-07
831	6.8394378e-07
832	6.8379131e-07
833	6.8351748e-07
834	6.8290973e-07
835	6.8183805e-07
836	6.8068525e-07
837	6.7939675e-07
838	6.7794478e-07
839	6.7624691e-07
840	6.7448887e-07
841	6.7257962e-07
842	6.7087802e-07
843	6.690492e-07
844	6.6748034e-07
845	6.6572838e-07
846	6.6386384e-07
847	6.6188216e-07
848	6.60006e-07
849	6.581783e-07
850	6.5653532e-07
851	6.5476425e-07
852	6.5300825e-07
853	6.5100654e-07
854	6.4927742e-07
855	6.4740923e-07
856	6.4569325e-07
857	6.4388449e-07
858	6.4220003e-07
859	6.403568e-07
860	6.3852618e-07
861	6.3668849e-07
862	6.3497664e-07
863	6.3312753e-07
864	6.3145981e-07
865	6.2963341e-07
866	6.2801872e-07
867	6.2621869e-07
868	6.2460497e-07
869	6.2281914e-07
870	6.2116018e-07
871	6.1947422e-07
872	6.1794409e-07
873	6.1630248e-07
874	6.147574e-07
875	6.1311769e-07
876	6.1156919e-07
877	6.0981469e-07
878	6.0839957e-07
879	6.0696413e-07
880	6.0569098e-07
881	6.0433684e-07
882	6.0311627e-07
883	6.0167235e-07
884	6.0021858e-07
885	5.9830513e-07
886	5.9669632e-07
887	5.9512556e-07
888	5.9382135e-07
889	5.9228984e-07
890	5.9076725e-07
891	5.8907723e-07
892	5.8759189e-07
893	5.8614465e-07
894	5.8492742e-07
895	5.8347464e-07
896	5.8207967e-07
897	5.8060141e-07
898	5.7938181e-07
899	5.7803455e-07
900	5.7689761e-07
901	5.7554544e-07
902	5.7434817e-07
903	5.7300617e-07
904	5.7180749e-07
905	5.7046506e-07
906	5.693186e-07
907	5.6805405e-07
908	5.6679328e-07
909	5.6539585e-07
910	5.6421441e-07
911	5.6295492e-07
912	5.6191741e-07
913	5.6073162e-07
914	5.5963189e-07
915	5.5842507e-07
916	5.5740234e-07
917	5.5622188e-07
918	5.5522533e-07
919	5.5409573e-07
920	5.5305335e-07
921	5.518988e-07
922	5.5084376e-07
923	5.497667e-07
924	5.4892385e-07
925	5.4797783e-07
926	5.4705686e-07
927	5.4618662e-07
928	5.4508101e-07
929	5.4423929e-07
930	5.4281202e-07
931	5.4165873e-07
932	5.4058302e-07
933	5.3956969e-07
934	5.3828434e-07
935	5.370384e-07
936	5.3593705e-07
937	5.3486508e-07
938	5.3396063e-07
939	5.3282583e-07
940	5.3169716e-07
941	5.3038415e-07
942	5.2927997e-07
943	5.2835849e-07
944	5.2735029e-07
945	5.2644968e-07
946	5.2543453e-07
947	5.2454131e-07
948	5.2355641e-07
949	5.226773e-07
950	5.2179334e-07
951	5.2095674e-07
952	5.2002406e-07
953	5.1881648e-07
954	5.1766619e-07
955	5.1668599e-07
956	5.1562762e-07
957	5.1477484e-07
958	5.1381491e-07
959	5.1298364e-07
960	5.1201666e-07
961	5.1105589e-07
962	5.1026693e-07
963	5.0946727e-07
964	5.086604e-07
965	5.077727e-07
966	5.068736e-07
967	5.05966e-07
968	5.0506255e-07
969	5.0443592e-07
970	5.036729e-07
971	5.0287393e-07
972	5.0208641e-07
973	5.0120505e-07
974	5.0035375e-07
975	4.9921678e-07
976	4.9829307e-07
977	4.9731548e-07
978	4.9613425e-07
979	4.9503788e-07
980	4.9407394e-07
981	4.9333605e-07
982	4.9270411e-07
983	4.9180619e-07
984	4.9079424e-07
985	4.8978592e-07
986	4.8889012e-07
987	4.8811638e-07
988	4.8725078e-07
989	4.8630551e-07
990	4.8539783e-07
991	4.8463889e-07
992	4.839772e-07
993	4.8325422e-07
994	4.8256271e-07
995	4.816125e-07
996	4.8042097e-07
997	4.7937506e-07
998	4.7857578e-07
999	4.7779893e-07
1000	4.7710154e-07
1001	4.7647414e-07
1002	4.7565101e-07
1003	4.7497981e-07
1004	4.7412058e-07
1005	4.7324581e-07
1006	4.725715e-07
1007	4.7190027e-07
1008	4.7110606e-07
1009	4.7024479e-07
1010	4.6923122e-07
1011	4.6834037e-07
1012	4.6768644e-07
1013	4.6689379e-07
1014	4.6631536e-07
1015	4.6588528e-07
1016	4.6528202e-07
1017	4.6473005e-07
1018	4.6377786e-07
1019	4.629268e-07
1020	4.6192118e-07
1021	4.607688e-07
1022	4.5975917e-07
1023	4.5894342e-07
1024	4.5835854e-07
1025	4.5764279e-07
1026	4.567825e-07
1027	4.5565681e-07
1028	4.5465991e-07
1029	4.5376174e-07
1030	4.5304979e-07
1031	4.5251615e-07
1032	4.5201491e-07
1033	4.5142706e-07
1034	4.5076766e-07
1035	4.5015692e-07
1036	4.4967758e-07
1037	4.4870588e-07
1038	4.4754765e-07
1039	4.4646596e-07
1040	4.4563497e-07
1041	4.4487296e-07
1042	4.4406307e-07
1043	4.4315157e-07
1044	4.4229613e-07
1045	4.4153151e-07
1046	4.4077163e-07
1047	4.4025309e-07
1048	4.3981559e-07
1049	4.3907953e-07
1050	4.3841524e-07
1051	4.3765656e-07
1052	4.368622e-07
1053	4.3614622e-07
1054	4.3544044e-07
1055	4.346695e-07
1056	4.3406046e-07
1057	4.3348318e-07
1058	4.3275435e-07
1059	4.3192401e-07
1060	4.3079223e-07
1061	4.298555e-07
1062	4.2875021e-07
1063	4.278998e-07
1064	4.2716779e-07
1065	4.2626678e-07
1066	4.2547762e-07
1067	4.2490763e-07
1068	4.2428253e-07
1069	4.2347656e-07
1070	4.2265907e-07
1071	4.21651e-07
1072	4.2094872e-07
1073	4.2037434e-07
1074	4.1977023e-07
1075	4.1899129e-07
1076	4.1811989e-07
1077	4.1755223e-07
1078	4.1665991e-07
1079	4.1562454e-07
1080	4.148252e-07
1081	4.1388323e-07
1082	4.128938e-07
1083	4.1221578e-07
1084	4.1177022e-07
1085	4.1115384e-07
1086	4.1054797e-07
1087	4.0973418e-07
1088	4.0897951e-07
1089	4.0838346e-07
1090	4.0779906e-07
1091	4.0691337e-07
1092	4.0582199e-07
1093	4.0486901e-07
1094	4.040486e-07
1095	4.0337378e-07
1096	4.0316386e-07
1097	4.0256361e-07
1098	4.0189144e-07
1099	4.0107177e-07
1100	4.0061695e-07
1101	4.0007281e-07
1102	3.9925906e-07
1103	3.9830317e-07
1104	3.9705284e-07
1105	3.9636599e-07
1106	3.9540022e-07
1107	3.9465633e-07
1108	3.9375454e-07
1109	3.9278276e-07
1110	3.9189878e-07
1111	3.9116712e-07
1112	3.9058964e-07
1113	3.9008513e-07
1114	3.8934595e-07
1115	3.8872112e-07
1116	3.8812892e-07
1117	3.8808191e-07
1118	3.8771958e-07
1119	3.8679128e-07
1120	3.8550424e-07
1121	3.8449034e-07
1122	3.8352866e-07
1123	3.8263449e-07
1124	3.81745e-07
1125	3.8070885e-07
1126	3.7999843e-07
1127	3.7941055e-07
1128	3.7882159e-07
1129	3.7844612e-07
1130	3.7793892e-07
1131	3.7722178e-07
1132	3.7630221e-07
1133	3.7569466e-07
1134	3.7513513e-07
1135	3.744724e-07
1136	3.7379686e-07
1137	3.7318764e-07
1138	3.7256167e-07
1139	3.7200065e-07
1140	3.7118823e-07
1141	3.7018407e-07
1142	3.6930521e-07
1143	3.6852202e-07
1144	3.6773014e-07
1145	3.6708457e-07
1146	3.6646095e-07
1147	3.6549876e-07
1148	3.6479316e-07
1149	3.6401514e-07
1150	3.6358748e-07
1151	3.6288142e-07
1152	3.6212153e-07
1153	3.6118689e-07
1154	3.604766e-07
1155	3.5972613e-07
1156	3.5921868e-07
1157	3.5863285e-07
1158	3.5805982e-07
1159	3.5760635e-07
1160	3.5670986e-07
1161	3.5581845e-07
1162	3.5528484e-07
1163	3.5447024e-07
1164	3.5356406e-07
1165	3.5253884e-07
1166	3.5209591e-07
1167	3.5170855e-07
1168	3.5103523e-07
1169	3.5026536e-07
1170	3.4957327e-07
1171	3.4900629e-07
1172	3.4832382e-07
1173	3.4753744e-07
1174	3.4648347e-07
1175	3.4586099e-07
1176	3.4551009e-07
1177	3.4524392e-07
1178	3.4506022e-07
1179	3.4468467e-07
1180	3.4420956e-07
1181	3.434689e-07
1182	3.4260313e-07
1183	3.4192241e-07
1184	3.4139267e-07
1185	3.4046791e-07
1186	3.3949504e-07
1187	3.3860238e-07
1188	3.3787737e-07
1189	3.3727229e-07
1190	3.3641298e-07
1191	3.35448e-07
1192	3.3500068e-07
1193	3.3446718e-07
1194	3.3415282e-07
1195	3.3362839e-07
1196	3.3321382e-07
1197	3.3276128e-07
1198	3.3226403e-07
1199	3.3198526e-07
1200	3.314245e-07
1201	3.3033163e-07
1202	3.2938414e-07
1203	3.2874341e-07
1204	3.2796518e-07
1205	3.2722512e-07
1206	3.2639222e-07
1207	3.2546609e-07
1208	3.2508124e-07
1209	3.2469716e-07
1210	3.2438968e-07
1211	3.2402834e-07
1212	3.2356777e-07
1213	3.229158e-07
1214	3.2198425e-07
1215	3.2110578e-07
1216	3.2076906e-07
1217	3.2050069e-07
1218	3.2003298e-07
1219	3.1954935e-07
1220	3.1926786e-07
1221	3.1880547e-07
1222	3.1811509e-07
1223	3.1715955e-07
1224	3.1629201e-07
1225	3.1585573e-07
1226	3.1521061e-07
1227	3.1455195e-07
1228	3.137721e-07
1229	3.1330525e-07
1230	3.1252181e-07
1231	3.1155088e-07
1232	3.1078845e-07
1233	3.1040787e-07
1234	3.0981423e-07
1235	3.0926191e-07
1236	3.0874457e-07
1237	3.0846636e-07
1238	3.0821335e-07
1239	3.0785302e-07
1240	3.0710362e-07
1241	3.0623036e-07
1242	3.0544988e-07
1243	3.0499215e-07
1244	3.0459535e-07
1245	3.0384022e-07
1246	3.0306768e-07
1247	3.0209629e-07
1248	3.015743e-07
1249	3.0117429e-07
1250	3.0078857e-07
1251	3.0029878e-07
1252	2.9994078e-07
1253	2.9945881e-07
1254	2.9878311e-07
1255	2.978729e-07
1256	2.9701987e-07
1257	2.9663123e-07
1258	2.9652132e-07
1259	2.9627506e-07
1260	2.9611606e-07
1261	2.9567579e-07
1262	2.9506026e-07
1263	2.9422569e-07
1264	2.9329465e-07
1265	2.9287192e-07
1266	2.9220273e-07
1267	2.9153005e-07
1268	2.9078303e-07
1269	2.9043414e-07
1270	2.8982803e-07
1271	2.8902342e-07
1272	2.8807886e-07
1273	2.8727318e-07
1274	2.8682229e-07
1275	2.8643964e-07
1276	2.859875e-07
1277	2.8566955e-07
1278	2.8541344e-07
1279	2.8511918e-07
1280	2.8452061e-07
1281	2.8365425e-07
1282	2.8279426e-07
1283	2.8225937e-07
1284	2.8191211e-07
1285	2.8139526e-07
1286	2.8073628e-07
1287	2.7994685e-07
1288	2.7932232e-07
1289	2.7864163e-07
1290	2.7826e-07
1291	2.7803846e-07
1292	2.7776794e-07
1293	2.7739256e-07
1294	2.7676944e-07
1295	2.7590328e-07
1296	2.7501106e-07
1297	2.7458993e-07
1298	2.7440341e-07
1299	2.7421853e-07
1300	2.7403655e-07
1301	2.7371556e-07
1302	2.7323154e-07
1303	2.7262979e-07
1304	2.7162201e-07
1305	2.7105729e-07
1306	2.702538e-07
1307	2.6985166e-07
1308	2.6926384e-07
1309	2.689128e-07
1310	2.6836662e-07
1311	2.6773211e-07
1312	2.668051e-07
1313	2.6592733e-07
1314	2.6533336e-07
1315	2.6497718e-07
1316	2.6450219e-07
1317	2.6416071e-07
1318	2.6389718e-07
1319	2.6370937e-07
1320	2.6337609e-07
1321	2.6253085e-07
1322	2.6138257e-07
1323	2.6091651e-07
1324	2.6058948e-07
1325	2.6030463e-07
1326	2.597685e-07
1327	2.5904488e-07
1328	2.5832729e-07
1329	2.5763853e-07
1330	2.5728097e-07
1331	2.5693595e-07
1332	2.568044e-07
1333	2.5641062e-07
1334	2.5581983e-07
1335	2.5509981e-07
1336	2.5435992e-07
1337	2.5373509e-07
1338	2.5337118e-07
1339	2.5319538e-07
1340	2.5319345e-07
1341	2.529888e-07
1342	2.5256607e-07
1343	2.5202438e-07
1344	2.5119838e-07
1345	2.5062802e-07
1346	2.499277e-07
1347	2.4930628e-07
1348	2.4884629e-07
1349	2.4847138e-07
1350	2.4806761e-07
1351	2.4745047e-07
1352	2.4662986e-07
1353	2.4563423e-07
1354	2.4482015e-07
1355	2.4433426e-07
1356	2.4391539e-07
1357	2.4362526e-07
1358	2.4334741e-07
1359	2.4320102e-07
1360	2.4299956e-07
1361	2.4237628e-07
1362	2.4129096e-07
1363	2.4058182e-07
1364	2.4030735e-07
1365	2.4011961e-07
1366	2.398061e-07
1367	2.3914272e-07
1368	2.3845247e-07
1369	2.3787388e-07
1370	2.3732828e-07
1371	2.3691057e-07
1372	2.3675381e-07
1373	2.3645206e-07
1374	2.3594668e-07
1375	2.352638e-07
1376	2.3454143e-07
1377	2.3378012e-07
1378	2.3349353e-07
1379	2.3331981e-07
1380	2.3331182e-07
1381	2.3334848e-07
1382	2.3304338e-07
1383	2.325629e-07
1384	2.3189504e-07
1385	2.3123107e-07
1386	2.3067332e-07
1387	2.2995205e-07
1388	2.2942488e-07
1389	2.2911204e-07
1390	2.2882651e-07
1391	2.2824195e-07
1392	2.2749067e-07
1393	2.2656258e-07
1394	2.2563275e-07
1395	2.2502107e-07
1396	2.2451664e-07
1397	2.2415137e-07
1398	2.2396907e-07
1399	2.2381538e-07
1400	2.2366002e-07
1401	2.2325134e-07
1402	2.2229743e-07
1403	2.2151738e-07
1404	2.2099114e-07
1405	2.2084829e-07
1406	2.2075101e-07
1407	2.2021562e-07
1408	2.1952176e-07
1409	2.189837e-07
1410	2.1853035e-07
1411	2.1811683e-07
1412	2.1786225e-07
1413	2.1774459e-07
1414	2.1743906e-07
1415	2.1697219e-07
1416	2.1627032e-07
1417	2.1557853e-07
1418	2.1524489e-07
1419	2.151177e-07
1420	2.1492019e-07
1421	2.1500608e-07
1422	2.1485439e-07
1423	2.144917e-07
1424	2.1389408e-07
1425	2.1310279e-07
1426	2.1280923e-07
1427	2.1204167e-07
1428	2.1168173e-07
1429	2.1133622e-07
1430	2.1113155e-07
1431	2.1078509e-07
1432	2.1016827e-07
1433	2.093791e-07
1434	2.0845825e-07
1435	2.0787067e-07
1436	2.0720197e-07
1437	2.0664152e-07
1438	2.0647346e-07
1439	2.0635884e-07
1440	2.0622106e-07
1441	2.0595406e-07
1442	2.0527371e-07
1443	2.043409e-07
1444	2.0384717e-07
1445	2.0366322e-07
1446	2.0357709e-07
1447	2.033816e-07
1448	2.027619e-07
1449	2.0230669e-07
1450	2.0195296e-07
1451	2.0164938e-07
1452	2.0136514e-07
1453	2.0118629e-07
1454	2.0093042e-07
1455	2.006261e-07
1456	1.999775e-07
1457	1.9929254e-07
1458	1.9875382e-07
1459	1.9862095e-07
1460	1.984433e-07
1461	1.9862699e-07
1462	1.9868996e-07
1463	1.9849535e-07
1464	1.9804173e-07
1465	1.9751333e-07
1466	1.9711178e-07
1467	1.9670631e-07
1468	1.9627995e-07
1469	1.9585604e-07
1470	1.9568605e-07
1471	1.9553638e-07
1472	1.9500431e-07
1473	1.9432115e-07
1474	1.9345647e-07
1475	1.9259196e-07
1476	1.9200348e-07
1477	1.9155382e-07
1478	1.9118317e-07
1479	1.9110679e-07
1480	1.9107664e-07
1481	1.9097236e-07
1482	1.9067991e-07
1483	1.9004126e-07
1484	1.8940561e-07
1485	1.890457e-07
1486	1.889471e-07
1487	1.8898597e-07
1488	1.8857482e-07
1489	1.8797563e-07
1490	1.8752344e-07
1491	1.871614e-07
1492	1.8687098e-07
1493	1.8677552e-07
1494	1.8668751e-07
1495	1.8650174e-07
1496	1.8595813e-07
1497	1.8530643e-07
1498	1.8473551e-07
1499	1.8457308e-07
1500	1.8460575e-07
1501	1.8460001e-07
1502	1.8465726e-07
1503	1.84691e-07
1504	1.8447664e-07
1505	1.8392205e-07
1506	1.8328437e-07
1507	1.831343e-07
1508	1.824633e-07
1509	1.8215173e-07
1510	1.8201172e-07
1511	1.8198787e-07
1512	1.8172961e-07
1513	1.8116362e-07
1514	1.8038662e-07
1515	1.7950265e-07
1516	1.790378e-07
1517	1.7858014e-07
1518	1.7806387e-07
1519	1.7787758e-07
1520	1.7793701e-07
1521	1.7795192e-07
1522	1.7780776e-07
1523	1.7732564e-07
1524	1.7657083e-07
1525	1.7596839e-07
1526	1.7591417e-07
1527	1.7603238e-07
1528	1.7608834e-07
1529	1.753795e-07
1530	1.7489704e-07
1531	1.7460245e-07
1532	1.7442531e-07
1533	1.7429725e-07
1534	1.7415614e-07
1535	1.7398402e-07
1536	1.7374182e-07
1537	1.7314754e-07
1538	1.7258049e-07
1539	1.7200499e-07
1540	1.7192526e-07
1541	1.7174364e-07
1542	1.7187104e-07
1543	1.720719e-07
1544	1.7216558e-07
1545	1.7187937e-07
1546	1.7128816e-07
1547	1.7093712e-07
1548	1.7075146e-07
1549	1.7039547e-07
1550	1.7009507e-07
1551	1.6997973e-07
1552	1.6994522e-07
1553	1.696016e-07
1554	1.6900116e-07
1555	1.6830077e-07
1556	1.6742863e-07
1557	1.6687251e-07
1558	1.6633622e-07
1559	1.6605687e-07
1560	1.6609184e-07
1561	1.6627882e-07
1562	1.6629411e-07
1563	1.6603161e-07
1564	1.6549959e-07
1565	1.6486424e-07
1566	1.6452574e-07
1567	1.6444883e-07
1568	1.6459236e-07
1569	1.6452137e-07
1570	1.6392372e-07
1571	1.6361922e-07
1572	1.63375e-07
1573	1.6322762e-07
1574	1.6298508e-07
1575	1.6283037e-07
1576	1.6274122e-07
1577	1.6240694e-07
1578	1.6181348e-07
1579	1.6126393e-07
1580	1.60947e-07
1581	1.6094483e-07
1582	1.6083998e-07
1583	1.6092575e-07
1584	1.6099842e-07
1585	1.6105875e-07
1586	1.6072493e-07
1587	1.6024792e-07
1588	1.6016495e-07
1589	1.598296e-07
1590	1.5960982e-07
1591	1.5934063e-07
1592	1.5928991e-07
1593	1.5930261e-07
1594	1.5899758e-07
1595	1.5837858e-07
1596	1.5761993e-07
1597	1.5697458e-07
1598	1.5649623e-07
1599	1.5594963e-07
1600	1.557289e-07
1601	1.5590629e-07
1602	1.561395e-07
1603	1.5623253e-07
1604	1.559092e-07
1605	1.5529921e-07
1606	1.5468393e-07
1607	1.5443555e-07
1608	1.5437801e-07
1609	1.5460108e-07
1610	1.5433432e-07
1611	1.5391361e-07
1612	1.5379176e-07
1613	1.5374771e-07
1614	1.536838e-07
1615	1.5351894e-07
1616	1.5323452e-07
1617	1.5300728e-07
1618	1.5257819e-07
1619	1.5206823e-07
1620	1.5154729e-07
1621	1.5147007e-07
1622	1.514769e-07
1623	1.5141658e-07
1624	1.514269e-07
1625	1.5149325e-07
1626	1.5143403e-07
1627	1.5107037e-07
1628	1.507731e-07
1629	1.5095368e-07
1630	1.506872e-07
1631	1.5041934e-07
1632	1.5015471e-07
1633	1.5015139e-07
1634	1.5016192e-07
1635	1.4983284e-07
1636	1.4931196e-07
1637	1.4850949e-07
1638	1.4805129e-07
1639	1.4766057e-07
1640	1.4721403e-07
1641	1.4709319e-07
1642	1.4747881e-07
1643	1.4780589e-07
1644	1.4787332e-07
1645	1.4752247e-07
1646	1.4686821e-07
1647	1.4633671e-07
1648	1.461306e-07
1649	1.4612521e-07
1650	1.4629376e-07
1651	1.4582192e-07
1652	1.4564482e-07
1653	1.4554786e-07
1654	1.4559259e-07
1655	1.4568526e-07
1656	1.4557421e-07
1657	1.4523718e-07
1658	1.4484519e-07
1659	1.4442595e-07
1660	1.439891e-07
1661	1.4371505e-07
1662	1.4384367e-07
1663	1.4375272e-07
1664	1.4374801e-07
1665	1.435363e-07
1666	1.436793e-07
1667	1.435275e-07
1668	1.4324261e-07
1669	1.4329833e-07
1670	1.4332022e-07
1671	1.432592e-07
1672	1.4302025e-07
1673	1.4285288e-07
1674	1.4269161e-07
1675	1.4252462e-07
1676	1.4214152e-07
1677	1.4163944e-07
1678	1.410718e-07
1679	1.4064883e-07
1680	1.4019645e-07
1681	1.3976735e-07
1682	1.3970225e-07
1683	1.4020238e-07
1684	1.4054677e-07
1685	1.4047902e-07
1686	1.4001795e-07
1687	1.3939406e-07
1688	1.3914712e-07
1689	1.3909151e-07
1690	1.3912441e-07
1691	1.3892466e-07
1692	1.3853234e-07
1693	1.3853885e-07
1694	1.3871756e-07
1695	1.3884743e-07
1696	1.3885398e-07
1697	1.3853353e-07
1698	1.3795279e-07
1699	1.375464e-07
1700	1.3707177e-07
1701	1.3658051e-07
1702	1.3651443e-07
1703	1.366804e-07
1704	1.367507e-07
1705	1.3674003e-07
1706	1.3666329e-07
1707	1.3648984e-07
1708	1.3613873e-07
1709	1.3585295e-07
1710	1.3647264e-07
1711	1.3644779e-07
1712	1.3636944e-07
1713	1.3619144e-07
1714	1.3588539e-07
1715	1.3565405e-07
1716	1.3547852e-07
1717	1.3501767e-07
1718	1.3432644e-07
1719	1.3384774e-07
1720	1.336378e-07
1721	1.3331938e-07
1722	1.3309487e-07
1723	1.3335701e-07
1724	1.3358138e-07
1725	1.3387408e-07
1726	1.3378067e-07
1727	1.3331581e-07
1728	1.3267094e-07
1729	1.325471e-07
1730	1.3245477e-07
1731	1.3231076e-07
1732	1.3205701e-07
1733	1.3181215e-07
1734	1.3187981e-07
1735	1.3207013e-07
1736	1.3236697e-07
1737	1.3236946e-07
1738	1.3195418e-07
1739	1.3147834e-07
1740	1.3077127e-07
1741	1.301214e-07
1742	1.2989486e-07
1743	1.3016377e-07
1744	1.3020274e-07
1745	1.302545e-07
1746	1.3012557e-07
1747	1.2989674e-07
1748	1.2959922e-07
1749	1.2938012e-07
1750	1.2941975e-07
1751	1.2980116e-07
1752	1.2989653e-07
1753	1.2989436e-07
1754	1.2975508e-07
1755	1.2952292e-07
1756	1.2933988e-07
1757	1.2876907e-07
1758	1.2826644e-07
1759	1.2773021e-07
1760	1.2736663e-07
1761	1.2707868e-07
1762	1.2681347e-07
1763	1.2669667e-07
1764	1.2692452e-07
1765	1.2731476e-07
1766	1.2753527e-07
1767	1.2714321e-07
1768	1.2647387e-07
1769	1.2609019e-07
1770	1.2610692e-07
1771	1.2603137e-07
1772	1.2610049e-07
1773	1.2551242e-07
1774	1.2528326e-07
1775	1.2560704e-07
1776	1.2593675e-07
1777	1.2625025e-07
1778	1.2603865e-07
1779	1.2549265e-07
1780	1.2467583e-07
1781	1.2385693e-07
1782	1.2330719e-07
1783	1.2316872e-07
1784	1.2350626e-07
1785	1.2358766e-07
1786	1.236916e-07
1787	1.2351791e-07
1788	1.2337282e-07
1789	1.2302686e-07
1790	1.2261025e-07
1791	1.2305036e-07
1792	1.2331606e-07
1793	1.2348796e-07
1794	1.2341187e-07
1795	1.2324828e-07
1796	1.228739e-07
1797	1.224777e-07
1798	1.2189436e-07
1799	1.213383e-07
1800	1.2077882e-07
1801	1.2059973e-07
1802	1.203904e-07
1803	1.202556e-07
1804	1.2036327e-07
1805	1.2089701e-07
1806	1.2116794e-07
1807	1.2094689e-07
1808	1.2055208e-07
1809	1.1983628e-07
1810	1.1961265e-07
1811	1.1959782e-07
1812	1.1957483e-07
1813	1.1929863e-07
1814	1.1862925e-07
1815	1.1871301e-07
1816	1.1899995e-07
1817	1.1948301e-07
1818	1.1968866e-07
1819	1.1938741e-07
1820	1.1877566e-07
1821	1.1804505e-07
1822	1.1732051e-07
1823	1.1660148e-07
1824	1.1667039e-07
1825	1.1690119e-07
1826	1.1704919e-07
1827	1.1708446e-07
1828	1.1690496e-07
1829	1.1650951e-07
1830	1.1603218e-07
1831	1.1571328e-07
1832	1.1641446e-07
1833	1.1666454e-07
1834	1.1679751e-07
1835	1.1671863e-07
1836	1.1652536e-07
1837	1.163353e-07
1838	1.1597377e-07
1839	1.1535255e-07
1840	1.1448795e-07
1841	1.1404443e-07
1842	1.1401946e-07
1843	1.1392111e-07
1844	1.1384143e-07
1845	1.1401902e-07
1846	1.1438549e-07
1847	1.1460219e-07
1848	1.1421355e-07
1849	1.137482e-07
1850	1.1305686e-07
1851	1.1302832e-07
1852	1.1309538e-07
1853	1.1318357e-07
1854	1.1294244e-07
1855	1.1255122e-07
1856	1.126102e-07
1857	1.1278685e-07
1858	1.1335765e-07
1859	1.1342897e-07
1860	1.1299894e-07
1861	1.1225768e-07
1862	1.1133751e-07
1863	1.1057141e-07
1864	1.1011029e-07
1865	1.1029369e-07
1866	1.1032671e-07
1867	1.1052935e-07
1868	1.1050238e-07
1869	1.1044383e-07
1870	1.1017905e-07
1871	1.098849e-07
1872	1.0999992e-07
1873	1.1041797e-07
1874	1.1061014e-07
1875	1.1079988e-07
1876	1.1077282e-07
1877	1.1045454e-07
1878	1.1006167e-07
1879	1.0936929e-07
1880	1.0871598e-07
1881	1.0788619e-07
1882	1.076837e-07
1883	1.0764464e-07
1884	1.0773607e-07
1885	1.0788297e-07
1886	1.0845481e-07
1887	1.0889842e-07
1888	1.0905204e-07
1889	1.0858194e-07
1890	1.07677e-07
1891	1.0720627e-07
1892	1.0727369e-07
1893	1.0734898e-07
1894	1.072396e-07
1895	1.0670658e-07
1896	1.0649889e-07
1897	1.0663638e-07
1898	1.0701584e-07
1899	1.0754764e-07
1900	1.07439e-07
1901	1.0704291e-07
1902	1.0633036e-07
1903	1.0553145e-07
1904	1.0490384e-07
1905	1.0488451e-07
1906	1.0498768e-07
1907	1.0485099e-07
1908	1.0493609e-07
1909	1.0479e-07
1910	1.0460833e-07
1911	1.0426661e-07
1912	1.0386209e-07
1913	1.0431609e-07
1914	1.0461156e-07
1915	1.0494815e-07
1916	1.0510595e-07
1917	1.0518011e-07
1918	1.0498548e-07
1919	1.046621e-07
1920	1.0402091e-07
1921	1.0334435e-07
1922	1.0271546e-07
1923	1.024793e-07
1924	1.0237049e-07
1925	1.02506e-07
1926	1.0281827e-07
1927	1.0342697e-07
1928	1.0371716e-07
1929	1.0342314e-07
1930	1.0284728e-07
1931	1.0192995e-07
1932	1.0181412e-07
1933	1.0193367e-07
1934	1.0210943e-07
1935	1.0217364e-07
1936	1.0154255e-07
1937	1.0175001e-07
1938	1.0221034e-07
1939	1.0263884e-07
1940	1.0269454e-07
1941	1.0234567e-07
1942	1.0181684e-07
1943	1.0092329e-07
1944	1.0016118e-07
1945	9.9504132e-08
1946	9.953635e-08
1947	9.9604102e-08
1948	9.9652608e-08
1949	9.9703645e-08
1950	9.9604454e-08
1951	9.948095e-08
1952	9.9280729e-08
1953	9.908283e-08
1954	9.9953096e-08
1955	1.0025845e-07
1956	1.0040524e-07
1957	1.0030556e-07
1958	1.0028217e-07
1959	1.0008646e-07
1960	9.9656589e-08
1961	9.8921541e-08
1962	9.791997e-08
1963	9.7495988e-08
1964	9.7412347e-08
1965	9.7475775e-08
1966	9.7728296e-08
1967	9.8284944e-08
1968	9.9123453e-08
1969	9.9422621e-08
1970	9.9026836e-08
1971	9.8440766e-08
1972	9.7535479e-08
1973	9.740813e-08
1974	9.7463931e-08
1975	9.7604093e-08
1976	9.7497065e-08
1977	9.7128672e-08
1978	9.7249063e-08
1979	9.7725515e-08
1980	9.8317256e-08
1981	9.8167763e-08
1982	9.7750392e-08
1983	9.7114986e-08
1984	9.634488e-08
1985	9.5754531e-08
1986	9.5414863e-08
1987	9.5775688e-08
1988	9.5795997e-08
1989	9.5904086e-08
1990	9.5723712e-08
1991	9.5562151e-08
1992	9.5339821e-08
1993	9.5131316e-08
1994	9.5233213e-08
1995	9.5736964e-08
1996	9.6115464e-08
1997	9.6263695e-08
1998	9.6218319e-08
1999	9.612878e-08
2000	9.5967493e-08
2001	9.551127e-08
2002	9.4759953e-08
2003	9.4020025e-08
2004	9.3882168e-08
2005	9.3889275e-08
2006	9.3934769e-08
2007	9.4058721e-08
2008	9.4707658e-08
2009	9.5516039e-08
2010	9.5719469e-08
2011	9.4961689e-08
2012	9.4119475e-08
2013	9.3439544e-08
2014	9.3403372e-08
2015	9.3598901e-08
2016	9.3721477e-08
2017	9.3555392e-08
2018	9.3459956e-08
2019	9.3763722e-08
2020	9.4530801e-08
2021	9.5148486e-08
2022	9.4928711e-08
2023	9.4298583e-08
2024	9.3338072e-08
2025	9.2581274e-08
2026	9.2022468e-08
2027	9.1925545e-08
2028	9.2083768e-08
2029	9.2174944e-08
2030	9.2265761e-08
2031	9.2128309e-08
2032	9.2043766e-08
2033	9.1850686e-08
2034	9.1567626e-08
2035	9.190474e-08
2036	9.250334e-08
2037	9.3046978e-08
2038	9.3236865e-08
2039	9.319396e-08
2040	9.2941689e-08
2041	9.2587519e-08
2042	9.2174542e-08
2043	9.138666e-08
2044	9.0550296e-08
2045	9.0558477e-08
2046	9.0606357e-08
2047	9.0771224e-08
2048	9.1091987e-08
2049	9.1974038e-08
2050	9.2638085e-08
2051	9.2510568e-08
2052	9.1885312e-08
2053	9.0961628e-08
2054	9.0625366e-08
2055	9.0656242e-08
2056	9.0822945e-08
2057	9.0809576e-08
2058	9.0451503e-08
2059	9.0732352e-08
2060	9.1107229e-08
2061	9.1836412e-08
2062	9.2235473e-08
2063	9.1949284e-08
2064	9.1311706e-08
2065	9.0186851e-08
2066	8.9628279e-08
2067	8.9246144e-08
2068	8.9248033e-08
2069	8.9421101e-08
2070	8.9643166e-08
2071	8.9709884e-08
2072	8.9704371e-08
2073	8.9581471e-08
2074	8.9267742e-08
2075	8.8885646e-08
2076	8.9508554e-08
2077	8.9967847e-08
2078	9.0567539e-08
2079	9.0767643e-08
2080	9.0705666e-08
2081	9.050584e-08
2082	9.0150469e-08
2083	8.9703867e-08
2084	8.8808841e-08
2085	8.832535e-08
2086	8.8471279e-08
2087	8.8599751e-08
2088	8.8871721e-08
2089	8.9387631e-08
2090	9.0213741e-08
2091	9.0732384e-08
2092	9.029651e-08
2093	8.963298e-08
2094	8.8696079e-08
2095	8.8618087e-08
2096	8.8775707e-08
2097	8.8929478e-08
2098	8.8982573e-08
2099	8.8672307e-08
2100	8.9127561e-08
2101	8.9624725e-08
2102	9.0472216e-08
2103	9.0635463e-08
2104	9.0257305e-08
2105	8.9597523e-08
2106	8.8559141e-08
2107	8.7940586e-08
2108	8.766921e-08
2109	8.7664328e-08
2110	8.7659092e-08
2111	8.8009438e-08
2112	8.8123474e-08
2113	8.8230131e-08
2114	8.816719e-08
2115	8.7920078e-08
2116	8.7768171e-08
2117	8.8278819e-08
2118	8.8711796e-08
2119	8.9291968e-08
2120	8.9508854e-08
2121	8.9407257e-08
2122	8.9133596e-08
2123	8.8619494e-08
2124	8.8035809e-08
2125	8.7088706e-08
2126	8.6841929e-08
2127	8.6955719e-08
2128	8.717674e-08
2129	8.7522325e-08
2130	8.8255054e-08
2131	8.9141651e-08
2132	8.9517674e-08
2133	8.8775872e-08
2134	8.8010517e-08
2135	8.7312101e-08
2136	8.7419542e-08
2137	8.7639447e-08
2138	8.771183e-08
2139	8.7608724e-08
2140	8.7520206e-08
2141	8.7976662e-08
2142	8.8485638e-08
2143	8.9063804e-08
2144	8.9052842e-08
2145	8.8676214e-08
2146	8.7879223e-08
2147	8.7130692e-08
2148	8.6526527e-08
2149	8.6383867e-08
2150	8.64487e-08
2151	8.6471605e-08
2152	8.6782455e-08
2153	8.6972745e-08
2154	8.7298147e-08
2155	8.7247055e-08
2156	8.6900482e-08
2157	8.683691e-08
2158	8.7093308e-08
2159	8.7407661e-08
2160	8.7807556e-08
2161	8.8024526e-08
2162	8.800726e-08
2163	8.7665367e-08
2164	8.7207468e-08
2165	8.6426386e-08
2166	8.5596371e-08
2167	8.5504002e-08
2168	8.5710062e-08
2169	8.5990001e-08
2170	8.6349991e-08
2171	8.7244391e-08
2172	8.7990921e-08
2173	8.8036458e-08
2174	8.7415494e-08
2175	8.6242554e-08
2176	8.5682963e-08
2177	8.5933776e-08
2178	8.6235839e-08
2179	8.6296533e-08
2180	8.6082706e-08
2181	8.6194809e-08
2182	8.664856e-08
2183	8.7306011e-08
2184	8.7667859e-08
2185	8.7552912e-08
2186	8.7031641e-08
2187	8.6133637e-08
2188	8.5557498e-08
2189	8.519631e-08
2190	8.512628e-08
2191	8.5069582e-08
2192	8.5030965e-08
2193	8.5197839e-08
2194	8.5581484e-08
2195	8.6129259e-08
2196	8.6048951e-08
2197	8.5356956e-08
2198	8.5453339e-08
2199	8.568252e-08
2200	8.5920481e-08
2201	8.6237014e-08
2202	8.6323423e-08
2203	8.6295361e-08
2204	8.5899569e-08
2205	8.5410473e-08
2206	8.4564222e-08
2207	8.3970104e-08
2208	8.3938762e-08
2209	8.3954049e-08
2210	8.4303858e-08
2211	8.4838949e-08
2212	8.5715147e-08
2213	8.6406094e-08
2214	8.6042537e-08
2215	8.5377816e-08
2216	8.4150666e-08
2217	8.3820323e-08
2218	8.4204401e-08
2219	8.4476804e-08
2220	8.4522975e-08
2221	8.4138394e-08
2222	8.4523597e-08
2223	8.4994667e-08
2224	8.5798446e-08
2225	8.5805963e-08
2226	8.5460172e-08
2227	8.4853374e-08
2228	8.4035717e-08
2229	8.3609466e-08
2230	8.3512109e-08
2231	8.3513684e-08
2232	8.3418108e-08
2233	8.3425434e-08
2234	8.3682987e-08
2235	8.4336568e-08
2236	8.5035576e-08
2237	8.466766e-08
2238	8.3731188e-08
2239	8.3872451e-08
2240	8.4207475e-08
2241	8.4429186e-08
2242	8.4479739e-08
2243	8.4466902e-08
2244	8.4382179e-08
2245	8.4067457e-08
2246	8.364271e-08
2247	8.2768643e-08
2248	8.2526609e-08
2249	8.2487862e-08
2250	8.2553387e-08
2251	8.2988367e-08
2252	8.3703262e-08
2253	8.4523884e-08
2254	8.5053094e-08
2255	8.4452999e-08
2256	8.3789444e-08
2257	8.2736239e-08
2258	8.2570647e-08
2259	8.296615e-08
2260	8.3150295e-08
2261	8.322942e-08
2262	8.2901298e-08
2263	8.339273e-08
2264	8.395204e-08
2265	8.4636799e-08
2266	8.4453402e-08
2267	8.4135361e-08
2268	8.345424e-08
2269	8.2748468e-08
2270	8.2290887e-08
2271	8.2415699e-08
2272	8.2552063e-08
2273	8.261616e-08
2274	8.2732029e-08
2275	8.3020725e-08
2276	8.4387096e-08
2277	8.5364648e-08
2278	8.432369e-08
2279	8.2778147e-08
2280	8.2858873e-08
2281	8.3250073e-08
2282	8.3371561e-08
2283	8.3315115e-08
2284	8.3240978e-08
2285	8.3043657e-08
2286	8.2546394e-08
2287	8.204661e-08
2288	8.130656e-08
2289	8.1284238e-08
2290	8.1290656e-08
2291	8.1290691e-08
2292	8.1714702e-08
2293	8.2522102e-08
2294	8.3278212e-08
2295	8.3553967e-08
2296	8.2836553e-08
2297	8.2050595e-08
2298	8.1261323e-08
2299	8.120346e-08
2300	8.162621e-08
2301	8.1834923e-08
2302	8.1747516e-08
2303	8.1637165e-08
2304	8.2081337e-08
2305	8.2719865e-08
2306	8.3253259e-08
2307	8.3072749e-08
2308	8.2643093e-08
2309	8.183621e-08
2310	8.1143559e-08
2311	8.0812147e-08
2312	8.1096058e-08
2313	8.1401012e-08
2314	8.1689925e-08
2315	8.1930122e-08
2316	8.2677189e-08
2317	8.5371655e-08
2318	8.5747552e-08
2319	8.4264911e-08
2320	8.1676881e-08
2321	8.1672994e-08
2322	8.2117444e-08
2323	8.2326718e-08
2324	8.2209393e-08
2325	8.2090337e-08
2326	8.1747595e-08
2327	8.1227559e-08
2328	8.0701394e-08
2329	8.0294754e-08
2330	8.0470529e-08
2331	8.0400709e-08
2332	8.0312535e-08
2333	8.0724557e-08
2334	8.1682668e-08
2335	8.2398948e-08
2336	8.2385632e-08
2337	8.1732364e-08
2338	8.069346e-08
2339	8.0310911e-08
2340	8.0412536e-08
2341	8.079201e-08
2342	8.0997306e-08
2343	8.0758653e-08
2344	8.0894105e-08
2345	8.1394758e-08
2346	8.2147694e-08
2347	8.2461364e-08
2348	8.2081178e-08
2349	8.1569878e-08
2350	8.0843227e-08
2351	8.0276911e-08
2352	8.0250637e-08
2353	8.0533611e-08
2354	8.0880653e-08
2355	8.1422758e-08
2356	8.2111127e-08
2357	8.4085598e-08
2358	8.6086145e-08
2359	8.573e-08
2360	8.2964375e-08
2361	8.1011453e-08
2362	8.1173217e-08
2363	8.1542488e-08
2364	8.1611401e-08
2365	8.1399966e-08
2366	8.130174e-08
2367	8.0768075e-08
2368	8.0282408e-08
2369	7.97454e-08
2370	7.9627551e-08
2371	7.9842318e-08
2372	7.9669333e-08
2373	7.9550824e-08
2374	8.0024679e-08
2375	8.0999111e-08
2376	8.1690721e-08
2377	8.133774e-08
2378	8.0675568e-08
2379	7.9626373e-08
2380	7.9444187e-08
2381	7.9604096e-08
2382	7.9921005e-08
2383	8.0129455e-08
2384	7.9702416e-08
2385	8.0084728e-08
2386	8.0509591e-08
2387	8.1230661e-08
2388	8.1311852e-08
2389	8.0951143e-08
2390	8.0320854e-08
2391	7.976813e-08
2392	7.9501342e-08
2393	7.9682141e-08
2394	7.9960839e-08
2395	8.0490634e-08
2396	8.1564993e-08
2397	8.3359143e-08
2398	8.5645707e-08
2399	8.6786538e-08
2400	8.6040458e-08
2401	8.2351195e-08
2402	8.0208604e-08
2403	8.0231589e-08
2404	8.0522001e-08
2405	8.0568026e-08
2406	8.0315472e-08
2407	8.0271294e-08
2408	7.9924145e-08
2409	7.9546631e-08
2410	7.8945059e-08
2411	7.9091674e-08
2412	7.9211927e-08
2413	7.889712e-08
2414	7.8652026e-08
2415	7.9258181e-08
2416	8.0265013e-08
2417	8.069534e-08
2418	7.9954655e-08
2419	7.9222384e-08
2420	7.831848e-08
2421	7.8435074e-08
2422	7.8699273e-08
2423	7.9042515e-08
2424	7.9448197e-08
2425	7.9015609e-08
2426	7.9391524e-08
2427	7.977292e-08
2428	8.0357625e-08
2429	8.032233e-08
2430	7.9815957e-08
2431	7.9233383e-08
2432	7.8927381e-08
2433	7.8622294e-08
2434	7.9006406e-08
2435	7.9479246e-08
2436	8.0411625e-08
2437	8.2123419e-08
2438	8.3968158e-08
2439	8.6840561e-08
2440	8.793804e-08
2441	8.6932812e-08
2442	8.2285203e-08
2443	7.9639511e-08
2444	7.957883e-08
2445	7.9663506e-08
2446	7.955512e-08
2447	7.9427365e-08
2448	7.9437453e-08
2449	7.8922748e-08
2450	7.8489161e-08
2451	7.8108804e-08
2452	7.8346737e-08
2453	7.8169438e-08
2454	7.77107e-08
2455	7.777481e-08
2456	7.8626559e-08
2457	7.9454805e-08
2458	7.9717097e-08
2459	7.8992987e-08
2460	7.8151376e-08
2461	7.7429829e-08
2462	7.7526177e-08
2463	7.800309e-08
2464	7.8474831e-08
2465	7.8535194e-08
2466	7.8160012e-08
2467	7.8420336e-08
2468	7.8820093e-08
2469	7.9201687e-08
2470	7.912523e-08
2471	7.883863e-08
2472	7.8318722e-08
2473	7.8112907e-08
2474	7.8080035e-08
2475	7.8670988e-08
2476	7.9508036e-08
2477	8.0944054e-08
2478	8.2738169e-08
2479	8.53008e-08
2480	8.8372061e-08
2481	8.8893994e-08
2482	8.7266863e-08
2483	8.1416836e-08
2484	7.8675312e-08
2485	7.8569295e-08
2486	7.8716341e-08
2487	7.8815597e-08
2488	7.8739314e-08
2489	7.8637233e-08
2490	7.8198123e-08
2491	7.7864715e-08
2492	7.7774251e-08
2493	7.7945572e-08
2494	7.7475199e-08
2495	7.7036378e-08
2496	7.6915065e-08
2497	7.7814435e-08
2498	7.8442603e-08
2499	7.8409147e-08
2500	7.7781096e-08
2501	7.671544e-08
2502	7.6516379e-08
2503	7.7023409e-08
2504	7.7528563e-08
2505	7.8001089e-08
2506	7.7767889e-08
2507	7.7594955e-08
2508	7.7816715e-08
2509	7.8276514e-08
2510	7.860729e-08
2511	7.8395905e-08
2512	7.7865893e-08
2513	7.7400486e-08
2514	7.7317536e-08
2515	7.753547e-08
2516	7.8212938e-08
2517	7.9649562e-08
2518	8.1907096e-08
2519	8.4335568e-08
2520	8.7092254e-08
2521	8.9221357e-08
2522	8.8805302e-08
2523	8.5626338e-08
2524	7.9945005e-08
2525	7.8074577e-08
2526	7.8287735e-08
2527	7.8313839e-08
2528	7.7990641e-08
2529	7.7912962e-08
2530	7.7738922e-08
2531	7.7303728e-08
2532	7.696396e-08
2533	7.7752798e-08
2534	7.8309857e-08
2535	7.7226906e-08
2536	7.6476398e-08
2537	7.6381128e-08
2538	7.7209626e-08
2539	7.7678425e-08
2540	7.7374917e-08
2541	7.6886784e-08
2542	7.61687e-08
2543	7.6174868e-08
2544	7.6535697e-08
2545	7.6838882e-08
2546	7.7355206e-08
2547	7.6700567e-08
2548	7.6677776e-08
2549	7.7070163e-08
2550	7.7779833e-08
2551	7.7966309e-08
2552	7.7676721e-08
2553	7.7183245e-08
2554	7.6801417e-08
2555	7.6639829e-08
2556	7.7152902e-08
2557	7.8767054e-08
2558	8.1160577e-08
2559	8.3651601e-08
2560	8.5988517e-08
2561	8.8472319e-08
2562	8.9455299e-08
2563	8.816635e-08
2564	8.3955413e-08
2565	7.9213163e-08
2566	7.788559e-08
2567	7.7956434e-08
2568	7.7862017e-08
2569	7.7520366e-08
2570	7.7280041e-08
2571	7.6931453e-08
2572	7.6552805e-08
2573	7.6859147e-08
2574	7.8886234e-08
2575	7.90575e-08
2576	7.694715e-08
2577	7.5795329e-08
2578	7.5626136e-08
2579	7.6403305e-08
2580	7.6819802e-08
2581	7.649621e-08
2582	7.6158708e-08
2583	7.5598742e-08
2584	7.5898976e-08
2585	7.6284643e-08
2586	7.6489285e-08
2587	7.6739439e-08
2588	7.5958415e-08
2589	7.6286135e-08
2590	7.6691704e-08
2591	7.7274008e-08
2592	7.7384919e-08
2593	7.7024822e-08
2594	7.6376982e-08
2595	7.6021693e-08
2596	7.619512e-08
2597	7.7894672e-08
2598	8.0691471e-08
2599	8.3132665e-08
2600	8.5368099e-08
2601	8.730678e-08
2602	8.9674062e-08
2603	8.9862527e-08
2604	8.8325437e-08
2605	8.3688042e-08
2606	7.934072e-08
2607	7.7889364e-08
2608	7.7775293e-08
2609	7.7547248e-08
2610	7.7123031e-08
2611	7.6739387e-08
2612	7.6568301e-08
2613	7.6808307e-08
2614	7.8580732e-08
2615	8.0415033e-08
2616	7.9790129e-08
2617	7.66768e-08
2618	7.5416916e-08
2619	7.5360407e-08
2620	7.6157501e-08
2621	7.6392289e-08
2622	7.5891899e-08
2623	7.5594374e-08
2624	7.5480835e-08
2625	7.5830619e-08
2626	7.6160916e-08
2627	7.6466781e-08
2628	7.6681143e-08
2629	7.6102253e-08
2630	7.6263004e-08
2631	7.6648775e-08
2632	7.7118733e-08
2633	7.7207166e-08
2634	7.6772323e-08
2635	7.6142974e-08
2636	7.6218893e-08
2637	7.700181e-08
2638	7.9588624e-08
2639	8.2241562e-08
2640	8.4379796e-08
2641	8.6364201e-08
2642	8.8371125e-08
2643	9.1097658e-08
2644	9.1347928e-08
2645	8.9614354e-08
2646	8.4039311e-08
2647	7.9835472e-08
2648	7.8148551e-08
2649	7.7810723e-08
2650	7.7396915e-08
2651	7.7118309e-08
2652	7.6883074e-08
2653	7.6723036e-08
2654	7.7867724e-08
2655	7.9957216e-08
2656	8.0965226e-08
2657	7.9600595e-08
2658	7.6222483e-08
2659	7.5322918e-08
2660	7.5699404e-08
2661	7.624648e-08
2662	7.6083863e-08
2663	7.5619989e-08
2664	7.5286475e-08
2665	7.5470408e-08
2666	7.5854739e-08
2667	7.6502054e-08
2668	7.7136781e-08
2669	7.6757544e-08
2670	7.5936826e-08
2671	7.5908292e-08
2672	7.6346312e-08
2673	7.6783027e-08
2674	7.6914181e-08
2675	7.6793492e-08
2676	7.6601853e-08
2677	7.7370169e-08
2678	7.8969473e-08
2679	8.1131201e-08
2680	8.3292483e-08
2681	8.539015e-08
2682	8.7556749e-08
2683	9.0163e-08
2684	9.2357583e-08
2685	9.1941648e-08
2686	8.8746027e-08
2687	8.3043584e-08
2688	7.9117669e-08
2689	7.7752271e-08
2690	7.7679183e-08
2691	7.7574779e-08
2692	7.7508061e-08
2693	7.7322229e-08
2694	7.7555364e-08
2695	7.9144879e-08
2696	8.103301e-08
2697	8.1328809e-08
2698	7.9523384e-08
2699	7.6147236e-08
2700	7.5202683e-08
2701	7.5431885e-08
2702	7.5710408e-08
2703	7.5366167e-08
2704	7.4950427e-08
2705	7.4712879e-08
2706	7.55488e-08
2707	7.6527583e-08
2708	7.752869e-08
2709	7.8331965e-08
2710	7.6825553e-08
2711	7.5875124e-08
2712	7.5691848e-08
2713	7.595989e-08
2714	7.6483052e-08
2715	7.6690084e-08
2716	7.6665507e-08
2717	7.6960214e-08
2718	7.8077688e-08
2719	7.960552e-08
2720	8.1660485e-08
2721	8.400178e-08
2722	8.679397e-08
2723	8.9551786e-08
2724	9.2517054e-08
2725	9.3877503e-08
2726	9.259274e-08
2727	8.7939153e-08
2728	8.2256591e-08
2729	7.9032405e-08
2730	7.8243276e-08
2731	7.8057391e-08
2732	7.7789858e-08
2733	7.7583183e-08
2734	7.7265942e-08
2735	7.7834874e-08
2736	7.9434565e-08
2737	8.1559128e-08
2738	8.1861345e-08
2739	7.9804189e-08
2740	7.6049262e-08
2741	7.5046359e-08
2742	7.5337301e-08
2743	7.5517795e-08
2744	7.4906034e-08
2745	7.4621904e-08
2746	7.4764692e-08
2747	7.6096469e-08
2748	7.7320348e-08
2749	7.8099411e-08
2750	7.8215173e-08
2751	7.5977697e-08
2752	7.5235605e-08
2753	7.5454534e-08
2754	7.5989286e-08
2755	7.6398255e-08
2756	7.6620383e-08
2757	7.6866503e-08
2758	7.774139e-08
2759	7.8644242e-08
2760	8.0412892e-08
2761	8.3103402e-08
2762	8.583205e-08
2763	8.8583473e-08
2764	9.1053799e-08
2765	9.3939537e-08
2766	9.427075e-08
2767	9.2187237e-08
2768	8.6726692e-08
2769	8.1828524e-08
2770	7.9812895e-08
2771	7.931799e-08
2772	7.8911306e-08
2773	7.8373111e-08
2774	7.7799824e-08
2775	7.7367111e-08
2776	7.8493856e-08
2777	8.0781583e-08
2778	8.2787393e-08
2779	8.2491358e-08
2780	7.9421243e-08
2781	7.5040347e-08
2782	7.4326475e-08
2783	7.459745e-08
2784	7.4770578e-08
2785	7.4415008e-08
2786	7.4405545e-08
2787	7.5434694e-08
2788	7.7194947e-08
2789	7.7893732e-08
2790	7.8319437e-08
2791	7.7627117e-08
2792	7.5438467e-08
2793	7.4969553e-08
2794	7.515207e-08
2795	7.5528791e-08
2796	7.5920949e-08
2797	7.6038616e-08
2798	7.6486541e-08
2799	7.7585059e-08
2800	7.9081846e-08
2801	8.1711828e-08
2802	8.4783854e-08
2803	8.7531645e-08
2804	9.0061283e-08
2805	9.2318793e-08
2806	9.479246e-08
2807	9.4354489e-08
2808	9.2185852e-08
2809	8.6140819e-08
2810	8.1702862e-08
2811	8.0108433e-08
2812	7.9518936e-08
2813	7.8720063e-08
2814	7.7912747e-08
2815	7.7421571e-08
2816	7.7652602e-08
2817	7.9707592e-08
2818	8.2309764e-08
2819	8.3771054e-08
2820	8.2605752e-08
2821	7.8669654e-08
2822	7.4106817e-08
2823	7.3639253e-08
2824	7.4007368e-08
2825	7.3932566e-08
2826	7.3604942e-08
2827	7.3899439e-08
2828	7.6069258e-08
2829	7.7285929e-08
2830	7.7735282e-08
2831	7.8417741e-08
2832	7.7447807e-08
2833	7.5257008e-08
2834	7.4478284e-08
2835	7.4714776e-08
2836	7.5150909e-08
2837	7.5481955e-08
2838	7.5785753e-08
2839	7.6967008e-08
2840	7.8304185e-08
2841	8.0016844e-08
2842	8.2592172e-08
2843	8.5348261e-08
2844	8.8015264e-08
2845	9.0442992e-08
2846	9.2796752e-08
2847	9.4876497e-08
2848	9.4181835e-08
2849	9.0796536e-08
2850	8.513186e-08
2851	8.123389e-08
2852	7.9881754e-08
2853	7.9180669e-08
2854	7.8391235e-08
2855	7.8108379e-08
2856	7.7862115e-08
2857	7.8350034e-08
2858	8.0387778e-08
2859	8.2958598e-08
2860	8.3529926e-08
2861	8.1397854e-08
2862	7.7208302e-08
2863	7.3444484e-08
2864	7.3252921e-08
2865	7.3251418e-08
2866	7.2961013e-08
2867	7.2854587e-08
2868	7.3791727e-08
2869	7.6243239e-08
2870	7.7454228e-08
2871	7.8328744e-08
2872	7.8915615e-08
2873	7.6919091e-08
2874	7.4407663e-08
2875	7.3436739e-08
2876	7.3709636e-08
2877	7.422918e-08
2878	7.4920537e-08
2879	7.6526362e-08
2880	7.8163981e-08
2881	7.9305947e-08
2882	8.0868166e-08
2883	8.3294321e-08
2884	8.5774972e-08
2885	8.849874e-08
2886	9.1264728e-08
2887	9.4306393e-08
2888	9.5593017e-08
2889	9.3986527e-08
2890	8.9080885e-08
2891	8.3324588e-08
2892	7.9919818e-08
2893	7.890783e-08
2894	7.8812656e-08
2895	7.8708951e-08
2896	7.8639758e-08
2897	7.8339546e-08
2898	7.8899396e-08
2899	8.0598456e-08
2900	8.2670177e-08
2901	8.2638527e-08
2902	8.0278421e-08
2903	7.6162398e-08
2904	7.2619491e-08
2905	7.2292771e-08
2906	7.2174546e-08
2907	7.1666834e-08
2908	7.1684241e-08
2909	7.3609228e-08
2910	7.6384563e-08
2911	7.8050452e-08
2912	7.9032277e-08
2913	7.9002755e-08
2914	7.6187568e-08
2915	7.3188661e-08
2916	7.2343158e-08
2917	7.2675041e-08
2918	7.3570206e-08
2919	7.5002312e-08
2920	7.7105461e-08
2921	7.8481515e-08
2922	7.9109427e-08
2923	8.0604874e-08
2924	8.3017448e-08
2925	8.5836878e-08
2926	8.9144796e-08
2927	9.2327213e-08
2928	9.5699659e-08
2929	9.6087467e-08
2930	9.354526e-08
2931	8.7281686e-08
2932	8.1553433e-08
2933	7.909951e-08
2934	7.8718524e-08
2935	7.8798984e-08
2936	7.8755753e-08
2937	7.8435557e-08
2938	7.7791647e-08
2939	7.8409968e-08
2940	8.019721e-08
2941	8.2205018e-08
2942	8.2123418e-08
2943	7.9344348e-08
2944	7.4985504e-08
2945	7.167889e-08
2946	7.1337873e-08
2947	7.0990273e-08
2948	7.0409669e-08
2949	7.0814699e-08
2950	7.403358e-08
2951	7.6471529e-08
2952	7.7947514e-08
2953	7.8720939e-08
2954	7.7721367e-08
2955	7.4461206e-08
2956	7.1615694e-08
2957	7.1301838e-08
2958	7.1891047e-08
2959	7.309018e-08
2960	7.5276776e-08
2961	7.7145386e-08
2962	7.828859e-08
2963	7.8800406e-08
2964	8.0503611e-08
2965	8.3281715e-08
2966	8.6228396e-08
2967	8.9503602e-08
2968	9.2627402e-08
2969	9.5665727e-08
2970	9.5092772e-08
2971	9.1893077e-08
2972	8.4977925e-08
2973	8.0219498e-08
2974	7.8639266e-08
2975	7.8493127e-08
2976	7.841168e-08
2977	7.8192981e-08
2978	7.7665211e-08
2979	7.7089182e-08
2980	7.8274992e-08
2981	8.0611369e-08
2982	8.2085561e-08
2983	8.1228662e-08
2984	7.7732183e-08
2985	7.3025761e-08
2986	7.0237005e-08
2987	6.9795144e-08
2988	6.9522573e-08
2989	6.9373276e-08
2990	7.135193e-08
2991	7.4670223e-08
2992	7.6547929e-08
2993	7.7662631e-08
2994	7.8248979e-08
2995	7.6441055e-08
2996	7.3203495e-08
2997	7.0566333e-08
2998	7.0244483e-08
2999	7.0810932e-08
3000	7.2677343e-08
3001	7.4872112e-08
3002	7.6459919e-08
3003	7.7586508e-08
3004	7.86239e-08
3005	8.0748052e-08
3006	8.3491832e-08
3007	8.6476128e-08
3008	8.9533642e-08
3009	9.2426583e-08
3010	9.4333475e-08
3011	9.3088473e-08
3012	8.887344e-08
3013	8.2784294e-08
3014	7.8902477e-08
3015	7.7639123e-08
3016	7.7228354e-08
3017	7.7001504e-08
3018	7.6825539e-08
3019	7.6565751e-08
3020	7.6738847e-08
3021	7.8333936e-08
3022	8.0871247e-08
3023	8.1528398e-08
3024	7.9586485e-08
3025	7.5424152e-08
3026	7.07265e-08
3027	6.8727379e-08
3028	6.8519814e-08
3029	6.8040601e-08
3030	6.8165827e-08
3031	7.1352385e-08
3032	7.4025817e-08
3033	7.5542053e-08
3034	7.6611679e-08
3035	7.734892e-08
3036	7.513923e-08
3037	7.2064548e-08
3038	6.9485236e-08
3039	6.9162374e-08
3040	7.0135835e-08
3041	7.2342133e-08
3042	7.4390315e-08
3043	7.6148835e-08
3044	7.7387963e-08
3045	7.8688945e-08
3046	8.0835772e-08
3047	8.3312871e-08
3048	8.6141778e-08
3049	8.8884938e-08
3050	9.2097211e-08
3051	9.3604097e-08
3052	9.2107001e-08
3053	8.6951081e-08
3054	8.1095769e-08
3055	7.7800722e-08
3056	7.6699012e-08
3057	7.6180074e-08
3058	7.5978762e-08
3059	7.6131031e-08
3060	7.6061482e-08
3061	7.6691291e-08
3062	7.8267277e-08
3063	8.0260803e-08
3064	8.0144691e-08
3065	7.7415335e-08
3066	7.303285e-08
3067	6.9055634e-08
3068	6.7706232e-08
3069	6.7402517e-08
3070	6.6875486e-08
3071	6.7641879e-08
3072	7.127132e-08
3073	7.3545695e-08
3074	7.5001865e-08
3075	7.6307339e-08
3076	7.6593009e-08
3077	7.3858717e-08
3078	7.0583551e-08
3079	6.8160633e-08
3080	6.8038938e-08
3081	6.9491269e-08
3082	7.1957494e-08
3083	7.4293785e-08
3084	7.6178274e-08
3085	7.7249688e-08
3086	7.8696274e-08
3087	8.0793012e-08
3088	8.313426e-08
3089	8.5899136e-08
3090	8.8894316e-08
3091	9.2550451e-08
3092	9.3178373e-08
3093	9.08733e-08
3094	8.4606894e-08
3095	7.8999197e-08
3096	7.6461475e-08
3097	7.5654766e-08
3098	7.5552764e-08
3099	7.5627937e-08
3100	7.5864018e-08
3101	7.5752227e-08
3102	7.6567712e-08
3103	7.8116516e-08
3104	7.9466249e-08
3105	7.8763979e-08
3106	7.581785e-08
3107	7.1465263e-08
3108	6.7725486e-08
3109	6.6400495e-08
3110	6.5964085e-08
3111	6.5567324e-08
3112	6.760629e-08
3113	7.1112757e-08
3114	7.3410565e-08
3115	7.4973312e-08
3116	7.616689e-08
3117	7.5709384e-08
3118	7.2536506e-08
3119	6.9138178e-08
3120	6.6966664e-08
3121	6.7237145e-08
3122	6.9746912e-08
3123	7.2198516e-08
3124	7.4299888e-08
3125	7.5877281e-08
3126	7.6733736e-08
3127	7.80928e-08
3128	8.0315146e-08
3129	8.3052162e-08
3130	8.6216694e-08
3131	8.9464999e-08
3132	9.2545055e-08
3133	9.2252333e-08
3134	8.9313886e-08
3135	8.2285299e-08
3136	7.7198322e-08
3137	7.5500871e-08
3138	7.5216734e-08
3139	7.5168154e-08
3140	7.5228168e-08
3141	7.5191594e-08
3142	7.492621e-08
3143	7.5862127e-08
3144	7.7642898e-08
3145	7.8986841e-08
3146	7.8184603e-08
3147	7.490776e-08
3148	7.0413428e-08
3149	6.6548938e-08
3150	6.5267553e-08
3151	6.4716556e-08
3152	6.4571064e-08
3153	6.8512218e-08
3154	7.1824491e-08
3155	7.3823669e-08
3156	7.5172355e-08
3157	7.6110106e-08
3158	7.4607178e-08
3159	7.0973139e-08
3160	6.7633398e-08
3161	6.6168768e-08
3162	6.7535586e-08
3163	7.0586748e-08
3164	7.2921776e-08
3165	7.4517015e-08
3166	7.5513961e-08
3167	7.6312783e-08
3168	7.7909646e-08
3169	8.0475085e-08
3170	8.3522907e-08
3171	8.6659351e-08
3172	8.9725635e-08
3173	9.1688274e-08
3174	9.043702e-08
3175	8.5997141e-08
3176	7.9647113e-08
3177	7.5920025e-08
3178	7.5102296e-08
3179	7.5062522e-08
3180	7.500247e-08
3181	7.4955413e-08
3182	7.4516638e-08
3183	7.44675e-08
3184	7.5682948e-08
3185	7.8101125e-08
3186	7.9026814e-08
3187	7.7403538e-08
3188	7.355515e-08
3189	6.9014067e-08
3190	6.5286077e-08
3191	6.4248361e-08
3192	6.3775568e-08
3193	6.4446985e-08
3194	6.9252409e-08
3195	7.2383282e-08
3196	7.4188687e-08
3197	7.5330237e-08
3198	7.5769365e-08
3199	7.3045018e-08
3200	6.9680673e-08
3201	6.6924736e-08
3202	6.5743424e-08
3203	6.845513e-08
3204	7.1177303e-08
3205	7.3209903e-08
3206	7.4565276e-08
3207	7.5301003e-08
3208	7.6539733e-08
3209	7.8553446e-08
3210	8.1238046e-08
3211	8.4389536e-08
3212	8.7484863e-08
3213	9.070114e-08
3214	9.172879e-08
3215	8.9685087e-08
3216	8.4478021e-08
3217	7.8638233e-08
3218	7.5814356e-08
3219	7.5334642e-08
3220	7.5164672e-08
3221	7.4927537e-08
3222	7.4723842e-08
3223	7.4320274e-08
3224	7.4936101e-08
3225	7.6358881e-08
3226	7.8535576e-08
3227	7.8849868e-08
3228	7.6574131e-08
3229	7.2397608e-08
3230	6.7996734e-08
3231	6.4746982e-08
3232	6.3843959e-08
3233	6.3490965e-08
3234	6.5896747e-08
3235	7.0345412e-08
3236	7.3150002e-08
3237	7.4661732e-08
3238	7.5640622e-08
3239	7.5782764e-08
3240	7.2863245e-08
3241	6.9437114e-08
3242	6.6807881e-08
3243	6.6062629e-08
3244	6.9273067e-08
3245	7.1839233e-08
3246	7.3814121e-08
3247	7.5432197e-08
3248	7.6278411e-08
3249	7.7613431e-08
3250	7.980668e-08
3251	8.2511686e-08
3252	8.568614e-08
3253	8.872331e-08
3254	9.2090346e-08
3255	9.2507272e-08
3256	9.0006906e-08
3257	8.3889826e-08
3258	7.8190701e-08
3259	7.5960663e-08
3260	7.5502019e-08
3261	7.5392753e-08
3262	7.5409468e-08
3263	7.5617598e-08
3264	7.5499365e-08
3265	7.6288683e-08
3266	7.7712636e-08
3267	7.9423641e-08
3268	7.9144928e-08
3269	7.6358551e-08
3270	7.194422e-08
3271	6.8014001e-08
3272	6.5018342e-08
3273	6.4119081e-08
3274	6.3888031e-08
3275	6.766204e-08
3276	7.1585483e-08
3277	7.4052419e-08
3278	7.5802184e-08
3279	7.7271262e-08
3280	7.702199e-08
3281	7.3706566e-08
3282	6.9759728e-08
3283	6.7224982e-08
3284	6.7472257e-08
3285	7.0794706e-08
3286	7.3496453e-08
3287	7.5706428e-08
3288	7.7278762e-08
3289	7.8060246e-08
3290	7.9227095e-08
3291	8.1296996e-08
3292	8.4023378e-08
3293	8.7172553e-08
3294	9.0731776e-08
3295	9.4279659e-08
3296	9.4198336e-08
3297	9.1283223e-08
3298	8.4121962e-08
3299	7.8442205e-08
3300	7.6598074e-08
3301	7.6327046e-08
3302	7.6660706e-08
3303	7.7078151e-08
3304	7.7256611e-08
3305	7.707316e-08
3306	7.7933431e-08
3307	7.935462e-08
3308	8.0541198e-08
3309	7.9814289e-08
3310	7.6838844e-08
3311	7.2652855e-08
3312	6.9092534e-08
3313	6.5963873e-08
3314	6.5035302e-08
3315	6.4965126e-08
3316	6.9805838e-08
3317	7.3417123e-08
3318	7.6090504e-08
3319	7.8124838e-08
3320	7.957327e-08
3321	7.8358477e-08
3322	7.4343427e-08
3323	7.0075014e-08
3324	6.753962e-08
3325	6.9156825e-08
3326	7.2790081e-08
3327	7.5829706e-08
3328	7.8113983e-08
3329	7.9435119e-08
3330	8.0111554e-08
3331	8.1050085e-08
3332	8.2795662e-08
3333	8.5813261e-08
3334	8.9448805e-08
3335	9.3366357e-08
3336	9.6060802e-08
3337	9.502649e-08
3338	9.0562988e-08
3339	8.3399626e-08
3340	7.8372538e-08
3341	7.7195837e-08
3342	7.7440419e-08
3343	7.8038459e-08
3344	7.8786009e-08
3345	7.8919519e-08
3346	7.8925702e-08
3347	7.9641997e-08
3348	8.1180813e-08
3349	8.1806738e-08
3350	8.051784e-08
3351	7.7220128e-08
3352	7.3149287e-08
3353	6.9558945e-08
3354	6.6253612e-08
3355	6.5470582e-08
3356	6.6389565e-08
3357	7.1718131e-08
3358	7.5343358e-08
3359	7.7974251e-08
3360	7.9901874e-08
3361	8.1010334e-08
3362	7.8711092e-08
3363	7.4415693e-08
3364	7.02182e-08
3365	6.7805549e-08
3366	7.0982169e-08
3367	7.4580864e-08
3368	7.7632117e-08
3369	7.9830747e-08
3370	8.0708269e-08
3371	8.1349776e-08
3372	8.2418608e-08
3373	8.4637293e-08
3374	8.8046692e-08
3375	9.1783323e-08
3376	9.5891058e-08
3377	9.7682765e-08
3378	9.5876426e-08
3379	9.0397592e-08
3380	8.3324468e-08
3381	7.9284134e-08
3382	7.8236358e-08
3383	7.8495635e-08
3384	7.9112734e-08
3385	7.9828443e-08
3386	7.9756452e-08
3387	7.995312e-08
3388	8.0856918e-08
3389	8.2605932e-08
3390	8.2835099e-08
3391	8.0903293e-08
3392	7.7083802e-08
3393	7.2922745e-08
3394	6.9307277e-08
3395	6.6265431e-08
3396	6.622842e-08
3397	6.8792661e-08
3398	7.3508341e-08
3399	7.6785006e-08
3400	7.9188792e-08
3401	8.1002183e-08
3402	8.1786596e-08
3403	7.8486645e-08
3404	7.4360123e-08
3405	7.0605344e-08
3406	6.9035162e-08
3407	7.2555239e-08
3408	7.5817733e-08
3409	7.8642017e-08
3410	8.063239e-08
3411	8.1501471e-08
3412	8.2759453e-08
3413	8.438039e-08
3414	8.6736168e-08
3415	8.9798009e-08
3416	9.3375511e-08
3417	9.7525541e-08
3418	9.8498099e-08
3419	9.6168635e-08
3420	9.0108999e-08
3421	8.3420755e-08
3422	8.0113363e-08
3423	7.9109352e-08
3424	7.9202907e-08
3425	7.966887e-08
3426	8.0173358e-08
3427	8.020049e-08
3428	8.1263922e-08
3429	8.2634073e-08
3430	8.4132499e-08
3431	8.3492725e-08
3432	8.0364483e-08
3433	7.5961134e-08
3434	7.1920818e-08
3435	6.8765074e-08
3436	6.6525765e-08
3437	6.7351428e-08
3438	7.0920893e-08
3439	7.5086811e-08
3440	7.7779296e-08
3441	7.9780193e-08
3442	8.145048e-08
3443	8.1744477e-08
3444	7.8589151e-08
3445	7.4613245e-08
3446	7.1168716e-08
3447	7.0522861e-08
3448	7.3551696e-08
3449	7.6329677e-08
3450	7.8979445e-08
3451	8.129906e-08
3452	8.2848499e-08
3453	8.4286278e-08
3454	8.6040034e-08
3455	8.834534e-08
3456	9.1153979e-08
3457	9.4569248e-08
3458	9.8410243e-08
3459	9.8932532e-08
3460	9.6421856e-08
3461	8.9839155e-08
3462	8.3521916e-08
3463	8.0626332e-08
3464	7.9532265e-08
3465	7.9089277e-08
3466	7.9542274e-08
3467	8.0370842e-08
3468	8.0982164e-08
3469	8.2580056e-08
3470	8.4014331e-08
3471	8.4919419e-08
3472	8.3514833e-08
3473	7.9539555e-08
3474	7.477104e-08
3475	7.1173473e-08
3476	6.8240193e-08
3477	6.6933991e-08
3478	6.8014011e-08
3479	7.2512844e-08
3480	7.6105289e-08
3481	7.8207822e-08
3482	7.987958e-08
3483	8.1849665e-08
3484	8.187819e-08
3485	7.8680833e-08
3486	7.4601406e-08
3487	7.1106783e-08
3488	7.1330894e-08
3489	7.4094886e-08
3490	7.6789079e-08
3491	7.9609392e-08
3492	8.1841443e-08
3493	8.3356392e-08
3494	8.4882231e-08
3495	8.6676641e-08
3496	8.9068472e-08
3497	9.1831084e-08
3498	9.5228558e-08
3499	9.8617658e-08
3500	9.8653178e-08
3501	9.5689909e-08
3502	8.8907373e-08
3503	8.2798752e-08
3504	8.0177777e-08
3505	7.9047853e-08
3506	7.8836866e-08
3507	7.9566975e-08
3508	8.0237801e-08
3509	8.0981906e-08
3510	8.2574304e-08
3511	8.4257484e-08
3512	8.4768194e-08
3513	8.2828891e-08
3514	7.8663172e-08
3515	7.3747633e-08
3516	7.0312235e-08
3517	6.7379234e-08
3518	6.6961051e-08
3519	6.8061795e-08
3520	7.3398219e-08
3521	7.6432267e-08
3522	7.8527585e-08
3523	8.0171095e-08
3524	8.1839552e-08
3525	8.0857164e-08
3526	7.7131858e-08
3527	7.293065e-08
3528	6.974447e-08
3529	7.1516736e-08
3530	7.4721915e-08
3531	7.7525243e-08
3532	7.9916421e-08
3533	8.1735742e-08
3534	8.3189704e-08
3535	8.4811817e-08
3536	8.6664263e-08
3537	8.9207476e-08
3538	9.2320471e-08
3539	9.5923502e-08
3540	9.8275363e-08
3541	9.7294548e-08
3542	9.303318e-08
3543	8.6156097e-08
3544	8.0940884e-08
3545	7.9224272e-08
3546	7.8932549e-08
3547	7.9073583e-08
3548	7.9457496e-08
3549	7.9670616e-08
3550	8.0469251e-08
3551	8.2026802e-08
3552	8.3995072e-08
3553	8.4133265e-08
3554	8.1784415e-08
3555	7.7321329e-08
3556	7.2418575e-08
3557	6.8767838e-08
3558	6.5497138e-08
3559	6.5701831e-08
3560	6.7582712e-08
3561	7.3236756e-08
3562	7.6790601e-08
3563	7.9035959e-08
3564	8.0407111e-08
3565	8.1038135e-08
3566	7.879527e-08
3567	7.4882036e-08
3568	7.0884572e-08
3569	6.8503477e-08
3570	7.1904101e-08
3571	7.5042187e-08
3572	7.7600752e-08
3573	7.9510311e-08
3574	8.0694081e-08
3575	8.197173e-08
3576	8.373631e-08
3577	8.6299978e-08
3578	8.965662e-08
3579	9.3158377e-08
3580	9.6856655e-08
3581	9.7909983e-08
3582	9.5637462e-08
3583	9.0291431e-08
3584	8.3611511e-08
3585	7.9865925e-08
3586	7.8924484e-08
3587	7.8796272e-08
3588	7.8807763e-08
3589	7.8758093e-08
3590	7.8472949e-08
3591	7.9249106e-08
3592	8.0938944e-08
3593	8.3114562e-08
3594	8.33715e-08
3595	8.0772848e-08
3596	7.6066912e-08
3597	7.1071334e-08
3598	6.6875366e-08
3599	6.338668e-08
3600	6.4542838e-08
3601	6.8070904e-08
3602	7.3638133e-08
3603	7.6960389e-08
3604	7.8813194e-08
3605	7.9759745e-08
3606	7.97018e-08
3607	7.6396171e-08
3608	7.2533981e-08
3609	6.9208208e-08
3610	6.8288373e-08
3611	7.205708e-08
3612	7.5138326e-08
3613	7.7448128e-08
3614	7.8905379e-08
3615	7.932421e-08
3616	8.1017586e-08
3617	8.3373016e-08
3618	8.6515133e-08
3619	9.0022385e-08
3620	9.3307516e-08
3621	9.6880763e-08
3622	9.6882813e-08
3623	9.3755491e-08
3624	8.7822365e-08
3625	8.1541434e-08
3626	7.8743659e-08
3627	7.8224211e-08
3628	7.8259378e-08
3629	7.8233669e-08
3630	7.7982385e-08
3631	7.7426833e-08
3632	7.8506173e-08
3633	8.0525848e-08
3634	8.2560402e-08
3635	8.2448537e-08
3636	7.9179349e-08
3637	7.400587e-08
3638	6.9031216e-08
3639	6.4952894e-08
3640	6.2518856e-08
3641	6.3947451e-08
3642	6.8554828e-08
3643	7.3494758e-08
3644	7.6541897e-08
3645	7.8200692e-08
3646	7.9103207e-08
3647	7.8604451e-08
3648	7.5032561e-08
3649	7.1084126e-08
3650	6.8002242e-08
3651	6.8254687e-08
3652	7.2049643e-08
3653	7.4736552e-08
3654	7.6785969e-08
3655	7.8246971e-08
3656	7.9105224e-08
3657	8.0838195e-08
3658	8.3089107e-08
3659	8.6226854e-08
3660	8.9567516e-08
3661	9.2985713e-08
3662	9.6372984e-08
3663	9.6130576e-08
3664	9.3008243e-08
3665	8.6036793e-08
3666	7.9834706e-08
3667	7.7634602e-08
3668	7.7364083e-08
3669	7.7437403e-08
3670	7.7404122e-08
3671	7.7413823e-08
3672	7.7285171e-08
3673	7.8571312e-08
3674	8.0419497e-08
3675	8.1775709e-08
3676	8.0889041e-08
3677	7.7173704e-08
3678	7.2135188e-08
3679	6.804622e-08
3680	6.4462809e-08
3681	6.2746083e-08
3682	6.3687012e-08
3683	6.8936612e-08
3684	7.327727e-08
3685	7.6091094e-08
3686	7.7731583e-08
3687	7.9038067e-08
3688	7.8247793e-08
3689	7.4334695e-08
3690	7.0010549e-08
3691	6.6756101e-08
3692	6.8008416e-08
3693	7.1592214e-08
3694	7.4656134e-08
3695	7.7304043e-08
3696	7.8979963e-08
3697	7.9879068e-08
3698	8.1027059e-08
3699	8.2795519e-08
3700	8.5812591e-08
3701	8.9270289e-08
3702	9.3176641e-08
3703	9.6265843e-08
3704	9.5614007e-08
3705	9.1651286e-08
3706	8.4306296e-08
3707	7.8174323e-08
3708	7.6252457e-08
3709	7.6163711e-08
3710	7.6672781e-08
3711	7.7541973e-08
3712	7.7972951e-08
3713	7.8147431e-08
3714	7.9118382e-08
3715	8.0262792e-08
3716	8.0866129e-08
3717	7.9352329e-08
3718	7.5867808e-08
3719	7.1546765e-08
3720	6.7810485e-08
3721	6.4108699e-08
3722	6.2890687e-08
3723	6.3596966e-08
3724	6.9170022e-08
3725	7.2971112e-08
3726	7.592702e-08
3727	7.804496e-08
3728	7.9532401e-08
3729	7.802881e-08
3730	7.366026e-08
3731	6.8771337e-08
3732	6.5182618e-08
3733	6.771957e-08
3734	7.1831085e-08
3735	7.5572867e-08
3736	7.8314032e-08
3737	7.9567552e-08
3738	8.0268976e-08
3739	8.1119833e-08
3740	8.2588471e-08
3741	8.570793e-08
3742	8.9742904e-08
3743	9.4167449e-08
3744	9.6780037e-08
3745	9.5538253e-08
3746	9.0542293e-08
3747	8.287899e-08
3748	7.6961392e-08
3749	7.5488509e-08
3750	7.6069365e-08
3751	7.7179729e-08
3752	7.8394622e-08
3753	7.8599536e-08
3754	7.8738808e-08
3755	7.9324951e-08
3756	8.0189467e-08
3757	8.0333042e-08
3758	7.8588295e-08
3759	7.5117444e-08
3760	7.1029445e-08
3761	6.759223e-08
3762	6.391023e-08
3763	6.3369175e-08
3764	6.4739015e-08
3765	6.9697853e-08
3766	7.3716376e-08
3767	7.6756219e-08
3768	7.9029544e-08
3769	8.0181627e-08
3770	7.7426095e-08
3771	7.2651707e-08
3772	6.7663772e-08
3773	6.4748084e-08
3774	6.8826446e-08
3775	7.2962615e-08
3776	7.6637054e-08
3777	7.9244244e-08
3778	8.0318881e-08
3779	8.1143482e-08
3780	8.2077534e-08
3781	8.3840189e-08
3782	8.7188461e-08
3783	9.133815e-08
3784	9.6123148e-08
3785	9.7991646e-08
3786	9.583451e-08
3787	8.9693303e-08
3788	8.1981359e-08
3789	7.7320865e-08
3790	7.6517316e-08
3791	7.7112982e-08
3792	7.8185011e-08
3793	7.9043889e-08
3794	7.9176174e-08
3795	7.9699963e-08
3796	8.0525592e-08
3797	8.1479794e-08
3798	8.0938709e-08
3799	7.8526838e-08
3800	7.4624294e-08
3801	7.0695393e-08
3802	6.7288164e-08
3803	6.3509904e-08
3804	6.4030872e-08
3805	6.698176e-08
3806	7.1667932e-08
3807	7.5237483e-08
3808	7.7798602e-08
3809	7.9800482e-08
3810	8.0387147e-08
3811	7.7275337e-08
3812	7.2734503e-08
3813	6.83185e-08
3814	6.664318e-08
3815	7.0336468e-08
3816	7.415196e-08
3817	7.76325e-08
3818	8.0144084e-08
3819	8.122871e-08
3820	8.2535191e-08
3821	8.4077161e-08
3822	8.6214141e-08
3823	8.9389268e-08
3824	9.3249645e-08
3825	9.7919939e-08
3826	9.8773061e-08
3827	9.6050417e-08
3828	8.9574728e-08
3829	8.2410382e-08
3830	7.8657367e-08
3831	7.7733485e-08
3832	7.7922248e-08
3833	7.876578e-08
3834	7.9627507e-08
3835	8.0112226e-08
3836	8.1415453e-08
3837	8.2743901e-08
3838	8.3338214e-08
3839	8.2150531e-08
3840	7.8641309e-08
3841	7.3962369e-08
3842	7.0065048e-08
3843	6.6669315e-08
3844	6.4622397e-08
3845	6.5617188e-08
3846	6.9841448e-08
3847	7.3827442e-08
3848	7.6222147e-08
3849	7.827398e-08
3850	8.0226281e-08
3851	8.0676693e-08
3852	7.7790138e-08
3853	7.3375071e-08
3854	6.9133808e-08
3855	6.8610436e-08
3856	7.1941822e-08
3857	7.5255843e-08
3858	7.8452642e-08
3859	8.112892e-08
3860	8.2888169e-08
3861	8.4640041e-08
3862	8.6270763e-08
3863	8.8474126e-08
3864	9.1241981e-08
3865	9.4679143e-08
3866	9.8810984e-08
3867	9.9551773e-08
3868	9.7118046e-08
3869	9.0136863e-08
3870	8.307513e-08
3871	7.9806592e-08
3872	7.8704883e-08
3873	7.8471865e-08
3874	7.9095779e-08
3875	8.0246071e-08
3876	8.1160655e-08
3877	8.3047406e-08
3878	8.4630584e-08
3879	8.4713685e-08
3880	8.2704319e-08
3881	7.8125936e-08
3882	7.3136284e-08
3883	6.9867403e-08
3884	6.7094724e-08
3885	6.6400316e-08
3886	6.7355296e-08
3887	7.2501366e-08
3888	7.5598513e-08
3889	7.7347067e-08
3890	7.9101034e-08
3891	8.1306549e-08
3892	8.1315174e-08
3893	7.7946544e-08
3894	7.3448542e-08
3895	6.9337571e-08
3896	7.0019104e-08
3897	7.3087078e-08
3898	7.6213453e-08
3899	7.9789456e-08
3900	8.2696648e-08
3901	8.4832766e-08
3902	8.6608081e-08
3903	8.791644e-08
3904	8.9985169e-08
3905	9.2695874e-08
3906	9.6299052e-08
3907	9.9807762e-08
3908	9.982299e-08
3909	9.6109406e-08
3910	8.9112101e-08
3911	8.2757812e-08
3912	8.0099714e-08
3913	7.915237e-08
3914	7.9158351e-08
3915	8.0273752e-08
3916	8.1621273e-08
3917	8.303875e-08
3918	8.499839e-08
3919	8.6370851e-08
3920	8.5537556e-08
3921	8.2447891e-08
3922	7.7533128e-08
3923	7.2872036e-08
3924	6.9640821e-08
3925	6.6780061e-08
3926	6.6824717e-08
3927	6.8654965e-08
3928	7.3588675e-08
3929	7.6525658e-08
3930	7.8606858e-08
3931	8.0477872e-08
3932	8.2446262e-08
3933	8.1347142e-08
3934	7.7652141e-08
3935	7.3040254e-08
3936	6.8786416e-08
3937	7.1029603e-08
3938	7.4442813e-08
3939	7.7934776e-08
3940	8.1324303e-08
3941	8.3751393e-08
3942	8.5715157e-08
3943	8.7311536e-08
3944	8.874605e-08
3945	9.1335514e-08
3946	9.4766442e-08
3947	9.904056e-08
3948	1.0139998e-07
3949	1.0040353e-07
3950	9.5541109e-08
3951	8.8304289e-08
3952	8.2731194e-08
3953	8.0584918e-08
3954	8.0149048e-08
3955	8.0414185e-08
3956	8.1323626e-08
3957	8.2191081e-08
3958	8.3599894e-08
3959	8.5191684e-08
3960	8.6229945e-08
3961	8.5507316e-08
3962	8.2462758e-08
3963	7.7626277e-08
3964	7.2855327e-08
3965	6.927541e-08
3966	6.6053906e-08
3967	6.7007895e-08
3968	7.0170424e-08
3969	7.4833505e-08
3970	7.7884312e-08
3971	7.9880032e-08
3972	8.1630592e-08
3973	8.2791534e-08
3974	8.0434208e-08
3975	7.620999e-08
3976	7.1493769e-08
3977	6.8789465e-08
3978	7.2631122e-08
3979	7.6315818e-08
3980	7.9729575e-08
3981	8.2335125e-08
3982	8.4180379e-08
3983	8.6078376e-08
3984	8.80107e-08
3985	9.0170406e-08
3986	9.3145811e-08
3987	9.668082e-08
3988	1.0108084e-07
3989	1.0213195e-07
3990	9.9796193e-08
3991	9.3674356e-08
3992	8.6422572e-08
3993	8.2337872e-08
3994	8.1283621e-08
3995	8.1329734e-08
3996	8.1716919e-08
3997	8.214759e-08
3998	8.2320175e-08
3999	8.3786706e-08
4000	8.5640247e-08
4001	8.694695e-08
4002	8.5930575e-08
4003	8.213439e-08
4004	7.6690162e-08
4005	7.173228e-08
4006	6.7697333e-08
4007	6.4904562e-08
4008	6.6468759e-08
4009	7.1311196e-08
4010	7.6029764e-08
4011	7.8936433e-08
4012	8.0795024e-08
4013	8.2280963e-08
4014	8.2146485e-08
4015	7.8887702e-08
4016	7.4617883e-08
4017	7.07148e-08
4018	6.9984189e-08
4019	7.3897722e-08
4020	7.7230437e-08
4021	8.0161514e-08
4022	8.2415583e-08
4023	8.3970373e-08
4024	8.6117428e-08
4025	8.8555005e-08
4026	9.1149831e-08
4027	9.4424492e-08
4028	9.812422e-08
4029	1.0219832e-07
4030	1.0210177e-07
4031	9.8598472e-08
4032	9.1857408e-08
4033	8.5235395e-08
4034	8.2327714e-08
4035	8.1600952e-08
4036	8.1368142e-08
4037	8.1449106e-08
4038	8.1596779e-08
4039	8.1727264e-08
4040	8.3795409e-08
4041	8.6087509e-08
4042	8.7023319e-08
4043	8.5573961e-08
4044	8.1231883e-08
4045	7.5500827e-08
4046	7.058834e-08
4047	6.6234163e-08
4048	6.4755694e-08
4049	6.6529853e-08
4050	7.2902161e-08
4051	7.7110096e-08
4052	7.9330697e-08
4053	8.0742575e-08
4054	8.2053941e-08
4055	8.125683e-08
4056	7.7712316e-08
4057	7.3377329e-08
4058	6.967216e-08
4059	7.0485192e-08
4060	7.4332332e-08
4061	7.7663834e-08
4062	8.0458717e-08
4063	8.2577414e-08
4064	8.4095355e-08
4065	8.6251409e-08
4066	8.8485193e-08
4067	9.1367793e-08
4068	9.4731427e-08
4069	9.827554e-08
4070	1.0122119e-07
4071	1.0053328e-07
4072	9.634765e-08
4073	8.964596e-08
4074	8.3550788e-08
4075	8.1263541e-08
4076	8.0621603e-08
4077	8.0600166e-08
4078	8.1059799e-08
4079	8.1505437e-08
4080	8.2071206e-08
4081	8.3859444e-08
4082	8.6081241e-08
4083	8.6300669e-08
4084	8.3860312e-08
4085	7.8920867e-08
4086	7.3280449e-08
4087	6.8996744e-08
4088	6.5170104e-08
4089	6.4940768e-08
4090	6.7230493e-08
4091	7.3188755e-08
4092	7.6508492e-08
4093	7.8598253e-08
4094	8.0312324e-08
4095	8.1863481e-08
4096	8.0274291e-08
4097	7.5984294e-08
4098	7.1302512e-08
4099	6.752758e-08
4100	7.0094293e-08
4101	7.399893e-08
4102	7.7490827e-08
4103	8.0620634e-08
4104	8.2735453e-08
4105	8.4338061e-08
4106	8.6173247e-08
4107	8.78358e-08
4108	9.0664637e-08
4109	9.3981268e-08
4110	9.8251015e-08
4111	1.0082744e-07
4112	9.9463055e-08
4113	9.4316311e-08
4114	8.6764175e-08
4115	8.119e-08
4116	7.9322362e-08
4117	7.9040605e-08
4118	7.9644418e-08
4119	8.0607558e-08
4120	8.1178712e-08
4121	8.2106209e-08
4122	8.3437183e-08
4123	8.47172e-08
4124	8.4047747e-08
4125	8.085933e-08
4126	7.6131264e-08
4127	7.1505278e-08
4128	6.7705782e-08
4129	6.3966894e-08
4130	6.4304354e-08
4131	6.7103685e-08
4132	7.211027e-08
4133	7.5277232e-08
4134	7.8033041e-08
4135	8.027027e-08
4136	8.1438833e-08
4137	7.8914835e-08
4138	7.4069478e-08
4139	6.8949143e-08
4140	6.5407016e-08
4141	6.9125435e-08
4142	7.3268339e-08
4143	7.7373578e-08
4144	8.0735252e-08
4145	8.2540316e-08
4146	8.3881928e-08
4147	8.506656e-08
4148	8.6582829e-08
4149	8.9683639e-08
4150	9.3857063e-08
4151	9.9061561e-08
4152	1.0066032e-07
4153	9.8227231e-08
4154	9.2079374e-08
4155	8.4151872e-08
4156	7.9096023e-08
4157	7.7569203e-08
4158	7.7897363e-08
4159	7.8950258e-08
4160	8.0204886e-08
4161	8.0731676e-08
4162	8.1738229e-08
4163	8.2615912e-08
4164	8.2818411e-08
4165	8.1770274e-08
4166	7.8574646e-08
4167	7.4225553e-08
4168	7.0029898e-08
4169	6.6138386e-08
4170	6.270544e-08
4171	6.3317956e-08
4172	6.6965903e-08
4173	7.1331834e-08
4174	7.4437767e-08
4175	7.7205092e-08
4176	7.9665475e-08
4177	8.0344916e-08
4178	7.7097346e-08
4179	7.1823127e-08
4180	6.6424049e-08
4181	6.4666958e-08
4182	6.8915529e-08
4183	7.3355731e-08
4184	7.7627151e-08
4185	8.0568162e-08
4186	8.1897809e-08
4187	8.300958e-08
4188	8.4052789e-08
4189	8.587288e-08
4190	8.9118952e-08
4191	9.3510987e-08
4192	9.8523909e-08
4193	9.9214257e-08
4194	9.6111562e-08
4195	8.9280523e-08
4196	8.1491999e-08
4197	7.7232736e-08
4198	7.649394e-08
4199	7.7110837e-08
4200	7.848196e-08
4201	7.9659016e-08
4202	7.9907153e-08
4203	8.0966631e-08
4204	8.1884538e-08
4205	8.1817027e-08
4206	8.0374172e-08
4207	7.6544011e-08
4208	7.1875958e-08
4209	6.7867475e-08
4210	6.4071349e-08
4211	6.1954137e-08
4212	6.2686192e-08
4213	6.7689905e-08
4214	7.1451624e-08
4215	7.4191349e-08
4216	7.6855971e-08
4217	7.9306061e-08
4218	7.9139838e-08
4219	7.5140724e-08
4220	6.9811767e-08
4221	6.492508e-08
4222	6.5001161e-08
4223	6.8995485e-08
4224	7.3121699e-08
4225	7.6988041e-08
4226	7.9711419e-08
4227	8.1178282e-08
4228	8.2638705e-08
4229	8.3933382e-08
4230	8.58349e-08
4231	8.9016575e-08
4232	9.3328327e-08
4233	9.7430859e-08
4234	9.7391881e-08
4235	9.3401679e-08
4236	8.6575009e-08
4237	7.9611082e-08
4238	7.6264253e-08
4239	7.5484812e-08
4240	7.5842779e-08
4241	7.7237179e-08
4242	7.8271181e-08
4243	7.8979156e-08
4244	8.0689956e-08
4245	8.2236118e-08
4246	8.163471e-08
4247	7.8775534e-08
4248	7.4197912e-08
4249	6.9410048e-08
4250	6.5734009e-08
4251	6.2166903e-08
4252	6.170005e-08
4253	6.3250821e-08
4254	6.8527299e-08
4255	7.1511136e-08
4256	7.3592386e-08
4257	7.5921622e-08
4258	7.7984555e-08
4259	7.7177914e-08
4260	7.3402814e-08
4261	6.8551511e-08
4262	6.3908436e-08
4263	6.5415541e-08
4264	6.8748201e-08
4265	7.2672702e-08
4266	7.6444273e-08
4267	7.930721e-08
4268	8.1307033e-08
4269	8.2908934e-08
4270	8.3935328e-08
4271	8.5849051e-08
4272	8.8747131e-08
4273	9.2924966e-08
4274	9.5935318e-08
4275	9.5222926e-08
4276	9.12716e-08
4277	8.4732371e-08
4278	7.8693082e-08
4279	7.5759145e-08
4280	7.4441347e-08
4281	7.4654981e-08
4282	7.6025449e-08
4283	7.7505184e-08
4284	7.937668e-08
4285	8.1108031e-08
4286	8.2257485e-08
4287	8.0845458e-08
4288	7.6929569e-08
4289	7.1654817e-08
4290	6.6884308e-08
4291	6.3808421e-08
4292	6.0958906e-08
4293	6.2026375e-08
4294	6.4798829e-08
4295	6.9254343e-08
4296	7.148603e-08
4297	7.2956152e-08
4298	7.5175595e-08
4299	7.7273622e-08
4300	7.6218059e-08
4301	7.2445403e-08
4302	6.7401606e-08
4303	6.2793082e-08
4304	6.5481225e-08
4305	6.840672e-08
4306	7.2243631e-08
4307	7.6374494e-08
4308	7.9415794e-08
4309	8.1855296e-08
4310	8.361201e-08
4311	8.4532484e-08
4312	8.6484979e-08
4313	8.9048495e-08
4314	9.3415864e-08
4315	9.5716497e-08
4316	9.4626383e-08
4317	9.0484449e-08
4318	8.3577392e-08
4319	7.7924984e-08
4320	7.5179174e-08
4321	7.3851409e-08
4322	7.4194981e-08
4323	7.5855155e-08
4324	7.7630286e-08
4325	7.9871248e-08
4326	8.1739238e-08
4327	8.234134e-08
4328	8.0363851e-08
4329	7.5601144e-08
4330	6.9676828e-08
4331	6.5388197e-08
4332	6.2579987e-08
4333	6.0392944e-08
4334	6.2496768e-08
4335	6.6169545e-08
4336	6.9728375e-08
4337	7.1502045e-08
4338	7.3046932e-08
4339	7.5572855e-08
4340	7.7292128e-08
4341	7.5607054e-08
4342	7.1443574e-08
4343	6.644743e-08
4344	6.3427732e-08
4345	6.6220453e-08
4346	6.9212366e-08
4347	7.3105426e-08
4348	7.7120072e-08
4349	8.0049369e-08
4350	8.261445e-08
4351	8.4315883e-08
4352	8.519218e-08
4353	8.7129925e-08
4354	9.0172722e-08
4355	9.4851426e-08
4356	9.6117929e-08
4357	9.4158595e-08
4358	8.9265717e-08
4359	8.2327588e-08
4360	7.7493881e-08
4361	7.54047e-08
4362	7.4646923e-08
4363	7.5073621e-08
4364	7.6521847e-08
4365	7.8030788e-08
4366	8.0580659e-08
4367	8.2730295e-08
4368	8.2558292e-08
4369	8.0057859e-08
4370	7.4958441e-08
4371	6.8972848e-08
4372	6.4747876e-08
4373	6.1627908e-08
4374	6.0496255e-08
4375	6.2278156e-08
4376	6.7215218e-08
4377	7.0733629e-08
4378	7.2736319e-08
4379	7.4382441e-08
4380	7.6294845e-08
4381	7.7111474e-08
4382	7.4585559e-08
4383	7.0228907e-08
4384	6.5470797e-08
4385	6.4430263e-08
4386	6.76661e-08
4387	7.0826935e-08
4388	7.4490111e-08
4389	7.7964125e-08
4390	8.0554912e-08
4391	8.2880046e-08
4392	8.4429683e-08
4393	8.6110327e-08
4394	8.8846247e-08
4395	9.2271448e-08
4396	9.5920956e-08
4397	9.5827403e-08
4398	9.3078585e-08
4399	8.770171e-08
4400	8.108185e-08
4401	7.7501879e-08
4402	7.6063518e-08
4403	7.5493878e-08
4404	7.5888882e-08
4405	7.6875163e-08
4406	7.7988392e-08
4407	8.0552144e-08
4408	8.2807117e-08
4409	8.2838559e-08
4410	8.0428594e-08
4411	7.5097169e-08
4412	6.8817306e-08
4413	6.4002654e-08
4414	6.0323528e-08
4415	6.015698e-08
4416	6.2360327e-08
4417	6.9283667e-08
4418	7.2679637e-08
4419	7.4358457e-08
4420	7.5623273e-08
4421	7.7030289e-08
4422	7.6605147e-08
4423	7.3048397e-08
4424	6.8632763e-08
4425	6.4412605e-08
4426	6.586701e-08
4427	6.9437733e-08
4428	7.2721864e-08
4429	7.5893766e-08
4430	7.8197902e-08
4431	8.050608e-08
4432	8.3003951e-08
4433	8.5141774e-08
4434	8.7685001e-08
4435	9.0513406e-08
4436	9.3913804e-08
4437	9.6152964e-08
4438	9.4897358e-08
4439	9.1155928e-08
4440	8.5551484e-08
4441	8.008034e-08
4442	7.756993e-08
4443	7.6743379e-08
4444	7.6350999e-08
4445	7.6671549e-08
4446	7.699105e-08
4447	7.8012865e-08
4448	8.0685486e-08
4449	8.3475002e-08
4450	8.342708e-08
4451	8.0211885e-08
4452	7.4134534e-08
4453	6.760544e-08
4454	6.268836e-08
4455	5.8794199e-08
4456	5.9903086e-08
4457	6.3569716e-08
4458	6.9921217e-08
4459	7.3417307e-08
4460	7.5189814e-08
4461	7.6365772e-08
4462	7.7118039e-08
4463	7.5230589e-08
4464	7.1485541e-08
4465	6.7320578e-08
4466	6.3452768e-08
4467	6.7188481e-08
4468	7.0494686e-08
4469	7.3563492e-08
4470	7.6376983e-08
4471	7.8381928e-08
4472	8.0812793e-08
4473	8.3362143e-08
4474	8.5465574e-08
4475	8.8260396e-08
4476	9.1361537e-08
4477	9.5053684e-08
4478	9.6210102e-08
4479	9.4059528e-08
4480	8.9800755e-08
4481	8.3899577e-08
4482	7.9181604e-08
4483	7.7455463e-08
4484	7.6873786e-08
4485	7.6488162e-08
4486	7.6634965e-08
4487	7.6984492e-08
4488	7.8597129e-08
4489	8.1205116e-08
4490	8.3318459e-08
4491	8.2597118e-08
4492	7.8665335e-08
4493	7.2370761e-08
4494	6.6186936e-08
4495	6.168166e-08
4496	5.7991802e-08
4497	6.0090905e-08
4498	6.4746193e-08
4499	7.0338591e-08
4500	7.3640013e-08
4501	7.5226217e-08
4502	7.6253828e-08
4503	7.6800474e-08
4504	7.4507253e-08
4505	7.0239639e-08
4506	6.5718226e-08
4507	6.2925586e-08
4508	6.693865e-08
4509	7.0493506e-08
4510	7.394523e-08
4511	7.7191427e-08
4512	7.9298915e-08
4513	8.1356867e-08
4514	8.3546413e-08
4515	8.5429333e-08
4516	8.8403275e-08
4517	9.1860952e-08
4518	9.5754141e-08
4519	9.6221096e-08
4520	9.3502704e-08
4521	8.8832982e-08
4522	8.2239906e-08
4523	7.7718291e-08
4524	7.6280964e-08
4525	7.5884618e-08
4526	7.6154621e-08
4527	7.6966522e-08
4528	7.7586403e-08
4529	7.9367277e-08
4530	8.1278859e-08
4531	8.2305171e-08
4532	8.0967097e-08
4533	7.6583219e-08
4534	7.0529733e-08
4535	6.512351e-08
4536	6.0975815e-08
4537	5.8337405e-08
4538	6.0009999e-08
4539	6.5253672e-08
4540	6.9829037e-08
4541	7.2704528e-08
4542	7.4659093e-08
4543	7.6458849e-08
4544	7.7006198e-08
4545	7.4039117e-08
4546	6.8889675e-08
4547	6.3731994e-08
4548	6.2282386e-08
4549	6.6450941e-08
4550	7.0663506e-08
4551	7.4707753e-08
4552	7.7902598e-08
4553	7.9777411e-08
4554	8.1306437e-08
4555	8.2809592e-08
4556	8.4408119e-08
4557	8.753119e-08
4558	9.1535463e-08
4559	9.573542e-08
4560	9.586248e-08
4561	9.2788161e-08
4562	8.7655973e-08
4563	8.011818e-08
4564	7.5785755e-08
4565	7.4791261e-08
4566	7.5192278e-08
4567	7.649052e-08
4568	7.7417853e-08
4569	7.791291e-08
4570	7.9594734e-08
4571	8.1034833e-08
4572	8.0970664e-08
4573	7.89777e-08
4574	7.4551607e-08
4575	6.8855682e-08
4576	6.4280219e-08
4577	6.0302371e-08
4578	5.8803107e-08
4579	5.9780914e-08
4580	6.5546179e-08
4581	6.9510324e-08
4582	7.2497105e-08
4583	7.5018544e-08
4584	7.7136019e-08
4585	7.6978027e-08
4586	7.297522e-08
4587	6.7181584e-08
4588	6.16593e-08
4589	6.2023738e-08
4590	6.6667454e-08
4591	7.1401148e-08
4592	7.5624207e-08
4593	7.8639707e-08
4594	8.0282603e-08
4595	8.1417475e-08
4596	8.2116253e-08
4597	8.3808348e-08
4598	8.7386497e-08
4599	9.1772984e-08
4600	9.529591e-08
4601	9.4562048e-08
4602	9.0889547e-08
4603	8.5129027e-08
4604	7.7942129e-08
4605	7.4456713e-08
4606	7.4064529e-08
4607	7.4979954e-08
4608	7.6531676e-08
4609	7.7525162e-08
4610	7.8369161e-08
4611	8.0006373e-08
4612	8.1405162e-08
4613	8.0246867e-08
4614	7.7389014e-08
4615	7.256832e-08
4616	6.7333957e-08
4617	6.336677e-08
4618	5.9247028e-08
4619	5.8721053e-08
4620	6.029194e-08
4621	6.6092554e-08
4622	6.9831256e-08
4623	7.2623808e-08
4624	7.5109973e-08
4625	7.671693e-08
4626	7.5912413e-08
4627	7.151232e-08
4628	6.5724727e-08
4629	6.0348892e-08
4630	6.2584533e-08
4631	6.7143343e-08
4632	7.1987215e-08
4633	7.6324604e-08
4634	7.8978633e-08
4635	8.0490712e-08
4636	8.1559282e-08
4637	8.2402503e-08
4638	8.4428822e-08
4639	8.7998146e-08
4640	9.2436049e-08
4641	9.4857132e-08
4642	9.3484529e-08
4643	8.992679e-08
4644	8.3849726e-08
4645	7.7633398e-08
4646	7.4613979e-08
4647	7.4042311e-08
4648	7.4860217e-08
4649	7.647684e-08
4650	7.7675905e-08
4651	7.9026109e-08
4652	8.0709249e-08
4653	8.1851997e-08
4654	8.0241212e-08
4655	7.6423311e-08
4656	7.0822174e-08
4657	6.5600942e-08
4658	6.1636087e-08
4659	5.7951309e-08
4660	5.9203441e-08
4661	6.2585345e-08
4662	6.7591786e-08
4663	7.0484121e-08
4664	7.2662015e-08
4665	7.4914429e-08
4666	7.6361211e-08
4667	7.5145254e-08
4668	7.0651108e-08
4669	6.509959e-08
4670	6.0350887e-08
4671	6.3740783e-08
4672	6.7866312e-08
4673	7.2441979e-08
4674	7.663473e-08
4675	7.9058129e-08
4676	8.1279593e-08
4677	8.2990576e-08
4678	8.3958133e-08
4679	8.5930351e-08
4680	8.8769629e-08
4681	9.3181031e-08
4682	9.4725583e-08
4683	9.2974236e-08
4684	8.9863912e-08
4685	8.3589255e-08
4686	7.8007412e-08
4687	7.5191063e-08
4688	7.4272479e-08
4689	7.4822936e-08
4690	7.6221094e-08
4691	7.7547715e-08
4692	7.9953642e-08
4693	8.2367299e-08
4694	8.317005e-08
4695	8.0770111e-08
4696	7.5502336e-08
4697	6.8959935e-08
4698	6.3861077e-08
4699	6.0416381e-08
4700	5.8256303e-08
4701	6.0512782e-08
4702	6.5272931e-08
4703	6.924808e-08
4704	7.1281926e-08
4705	7.2860651e-08
4706	7.4727155e-08
4707	7.6173297e-08
4708	7.4571174e-08
4709	7.0220789e-08
4710	6.4930358e-08
4711	6.1680896e-08
4712	6.5009522e-08
4713	6.8415555e-08
4714	7.2826905e-08
4715	7.7292557e-08
4716	8.0450434e-08
4717	8.3133538e-08
4718	8.4746557e-08
4719	8.5487249e-08
4720	8.727984e-08
4721	8.9968574e-08
4722	9.4035215e-08
4723	9.4942887e-08
4724	9.2947152e-08
4725	8.9908611e-08
4726	8.3476755e-08
4727	7.8494519e-08
4728	7.5994374e-08
4729	7.4795988e-08
4730	7.4961484e-08
4731	7.6707287e-08
4732	7.8643808e-08
4733	8.1972011e-08
4734	8.4506538e-08
4735	8.4284177e-08
4736	8.0889081e-08
4737	7.4605803e-08
4738	6.7573969e-08
4739	6.283238e-08
4740	5.9660185e-08
4741	5.8987806e-08
4742	6.1172195e-08
4743	6.7538937e-08
4744	7.084119e-08
4745	7.2318689e-08
4746	7.3534707e-08
4747	7.552472e-08
4748	7.6935714e-08
4749	7.4803905e-08
4750	7.0220407e-08
4751	6.4658931e-08
4752	6.3086853e-08
4753	6.6314543e-08
4754	6.9893848e-08
4755	7.4407285e-08
4756	7.8529092e-08
4757	8.1574815e-08
4758	8.3836486e-08
4759	8.5296388e-08
4760	8.6336777e-08
4761	8.840132e-08
4762	9.1344102e-08
4763	9.4584449e-08
4764	9.492662e-08
4765	9.2629324e-08
4766	8.9292242e-08
4767	8.289416e-08
4768	7.8476111e-08
4769	7.6181599e-08
4770	7.5369938e-08
4771	7.602332e-08
4772	7.7608203e-08
4773	7.957393e-08
4774	8.2850986e-08
4775	8.5234377e-08
4776	8.4415963e-08
4777	8.0352282e-08
4778	7.3912154e-08
4779	6.7156019e-08
4780	6.2387599e-08
4781	5.9029424e-08
4782	5.9515428e-08
4783	6.2216605e-08
4784	6.9288283e-08
4785	7.198193e-08
4786	7.3402839e-08
4787	7.4762672e-08
4788	7.6242997e-08
4789	7.6616575e-08
4790	7.3367843e-08
4791	6.827491e-08
4792	6.275074e-08
4793	6.3866092e-08
4794	6.787536e-08
4795	7.2094149e-08
4796	7.6240248e-08
4797	7.9429335e-08
4798	8.2045127e-08
4799	8.4184322e-08
4800	8.5574962e-08
4801	8.7095567e-08
4802	8.9559035e-08
4803	9.2924733e-08
4804	9.5068176e-08
4805	9.4082884e-08
4806	9.1427265e-08
4807	8.7024762e-08
4808	8.1034052e-08
4809	7.7747195e-08
4810	7.6697368e-08
4811	7.6597744e-08
4812	7.7347647e-08
4813	7.8141174e-08
4814	8.0043313e-08
4815	8.289796e-08
4816	8.4965541e-08
4817	8.3876675e-08
4818	7.9516561e-08
4819	7.288236e-08
4820	6.6269831e-08
4821	6.1358611e-08
4822	5.7520236e-08
4823	5.8873661e-08
4824	6.2926571e-08
4825	6.9466875e-08
4826	7.2765989e-08
4827	7.4644776e-08
4828	7.5999721e-08
4829	7.6657856e-08
4830	7.5544094e-08
4831	7.1315641e-08
4832	6.5927764e-08
4833	6.1055284e-08
4834	6.5164494e-08
4835	6.9298932e-08
4836	7.348744e-08
4837	7.7054744e-08
4838	7.9301763e-08
4839	8.144971e-08
4840	8.349314e-08
4841	8.5076666e-08
4842	8.7397903e-08
4843	9.0448837e-08
4844	9.4161879e-08
4845	9.521891e-08
4846	9.2900309e-08
4847	8.9989482e-08
4848	8.4679069e-08
4849	7.9738847e-08
4850	7.770718e-08
4851	7.7156635e-08
4852	7.7093254e-08
4853	7.7473216e-08
4854	7.7801832e-08
4855	7.9683107e-08
4856	8.2301678e-08
4857	8.4092189e-08
4858	8.2570785e-08
4859	7.7977306e-08
4860	7.1339849e-08
4861	6.5037282e-08
4862	6.0060273e-08
4863	5.5693356e-08
4864	5.8142138e-08
4865	6.4030903e-08
4866	6.9959916e-08
4867	7.3169253e-08
4868	7.4682934e-08
4869	7.5690318e-08
4870	7.590021e-08
4871	7.359881e-08
4872	6.8934465e-08
4873	6.3853979e-08
4874	6.105786e-08
4875	6.5463363e-08
4876	6.9831866e-08
4877	7.4116239e-08
4878	7.7421991e-08
4879	7.9079827e-08
4880	8.0850588e-08
4881	8.3070483e-08
4882	8.4822e-08
4883	8.7254943e-08
4884	9.0366593e-08
4885	9.4121935e-08
4886	9.4131091e-08
4887	9.0897576e-08
4888	8.8268068e-08
4889	8.2559624e-08
4890	7.8382929e-08
4891	7.6660036e-08
4892	7.627591e-08
4893	7.660623e-08
4894	7.71965e-08
4895	7.7604354e-08
4896	7.9775065e-08
4897	8.226135e-08
4898	8.3141389e-08
4899	8.0965653e-08
4900	7.5927815e-08
4901	6.9164104e-08
4902	6.3182476e-08
4903	5.8317637e-08
4904	5.5903166e-08
4905	5.814688e-08
4906	6.5176428e-08
4907	6.9867025e-08
4908	7.2272816e-08
4909	7.3829244e-08
4910	7.5060671e-08
4911	7.5514959e-08
4912	7.2722329e-08
4913	6.7313916e-08
4914	6.1981532e-08
4915	6.0920369e-08
4916	6.545264e-08
4917	7.0000195e-08
4918	7.4158061e-08
4919	7.7346974e-08
4920	7.9262169e-08
4921	8.0925129e-08
4922	8.253258e-08
4923	8.3992224e-08
4924	8.6248383e-08
4925	8.9416921e-08
4926	9.2839616e-08
4927	9.2726088e-08
4928	8.9750835e-08
4929	8.7166385e-08
4930	8.0566121e-08
4931	7.6628186e-08
4932	7.5133196e-08
4933	7.5079777e-08
4934	7.5938327e-08
4935	7.7014026e-08
4936	7.7920833e-08
4937	8.0369051e-08
4938	8.2280974e-08
4939	8.1907165e-08
4940	7.8632825e-08
4941	7.2944934e-08
4942	6.6367413e-08
4943	6.1690795e-08
4944	5.7590025e-08
4945	5.6776917e-08
4946	5.8403563e-08
4947	6.5929849e-08
4948	6.933084e-08
4949	7.1304375e-08
4950	7.3254263e-08
4951	7.4950393e-08
4952	7.5427872e-08
4953	7.1834412e-08
4954	6.5893433e-08
4955	6.0056816e-08
4956	6.0540751e-08
4957	6.4897102e-08
4958	6.9739867e-08
4959	7.4502872e-08
4960	7.7941986e-08
4961	7.9935955e-08
4962	8.1098236e-08
4963	8.1504968e-08
4964	8.2590122e-08
4965	8.4887672e-08
4966	8.8547466e-08
4967	9.1787579e-08
4968	9.1284204e-08
4969	8.8764472e-08
4970	8.5237878e-08
4971	7.8689584e-08
4972	7.4879939e-08
4973	7.3435469e-08
4974	7.3848077e-08
4975	7.5583907e-08
4976	7.7415222e-08
4977	7.9193381e-08
4978	8.1309045e-08
4979	8.2354919e-08
4980	8.0284794e-08
4981	7.5881315e-08
4982	7.0189247e-08
4983	6.4868055e-08
4984	6.116066e-08
4985	5.7207275e-08
4986	5.7541759e-08
4987	6.0093631e-08
4988	6.5937385e-08
4989	6.850076e-08
4990	7.0630635e-08
4991	7.2975699e-08
4992	7.4612172e-08
4993	7.5064017e-08
4994	7.0967889e-08
4995	6.4636768e-08
4996	5.8046952e-08
4997	6.0439417e-08
4998	6.5116472e-08
4999	7.0640403e-08
5000	7.5916686e-08
