# ccx tau_xx tau_yy tau_zz cp yplus
0.0232243 -3.00729e-05 -1.0263e-05 3.19145e-23 0.14941 88.8645
0.0197717 -2.91426e-05 -1.04722e-05 -3.17844e-23 0.205526 86.7379
0.0168746 -2.66068e-05 -9.43673e-06 3.17512e-23 0.356243 79.3389
0.0144187 -2.26406e-05 -8.93198e-06 0 0.461467 73.5169
0.0122851 -1.96357e-05 -8.17203e-06 -2.93874e-39 0.565672 67.8236
0.01042 -1.67984e-05 -7.25505e-06 -6.49761e-23 0.643971 63.2267
0.00882479 -1.45665e-05 -5.92641e-06 4.85671e-23 0.736129 56.843
0.00744655 -1.20584e-05 -4.69837e-06 0 0.78962 52.1352
0.00628075 -1.04081e-05 -3.23297e-06 -1.05062e-22 0.857876 46.2394
0.00536445 -8.56032e-06 -1.88985e-06 -8.02884e-24 0.913321 39.4225
0.0045672 -6.98314e-06 -8.96401e-07 1.46407e-22 0.951834 34.3551
0.00382309 -5.86142e-06 -1.84235e-07 -1.29491e-22 0.981205 30.6121
0.00317431 -4.86321e-06 3.9729e-07 1.30598e-22 1.00424 26.8278
0.00260697 -4.15978e-06 8.65269e-07 1.37476e-22 1.01597 23.9961
0.00206786 -3.83835e-06 1.3073e-06 -1.53592e-22 1.01885 23.3129
0.00162566 -3.73883e-06 1.88637e-06 1.76324e-38 1.01507 24.2218
0.00132964 -3.77639e-06 2.58351e-06 3.06936e-24 1.00506 26.2214
0.00109899 -3.83403e-06 3.43923e-06 -2.63312e-24 0.98868 29.715
0.000874189 -3.98293e-06 4.42903e-06 1.50705e-22 0.965758 34.5981
0.000654408 -4.29945e-06 5.57732e-06 -1.38082e-22 0.936045 39.9679
0.000454832 -4.64669e-06 6.90702e-06 6.48654e-23 0.8986 45.4795
0.000312067 -4.96069e-06 8.31792e-06 -1.2206e-22 0.853848 50.7027
0.00020904 -5.66304e-06 9.78372e-06 5.94598e-23 0.805798 56.2349
0.000107312 -6.56117e-06 1.14761e-05 -2.70903e-24 0.749528 61.7771
5.15853e-05 -7.03786e-06 1.33149e-05 1.41722e-23 0.681317 67.2184
9.96817e-05 -7.31664e-06 1.50899e-05 -1.17875e-23 0.610432 71.8823
0.000206606 -8.50154e-06 1.67057e-05 5.49861e-23 0.549619 75.9557
0.000314949 -9.95832e-06 1.86284e-05 -5.51669e-23 0.48048 79.8981
0.000465451 -1.08554e-05 2.06926e-05 0 0.393883 84.2233
0.000671292 -1.23651e-05 2.26707e-05 -1.12385e-22 0.315833 87.3071
0.000893605 -1.44461e-05 2.46977e-05 1.12362e-22 0.234401 89.731
0.00112111 -1.70139e-05 2.68292e-05 -2.28131e-22 0.136077 91.8277
0.00135466 -2.0285e-05 2.98569e-05 2.29205e-22 0.0251775 96.3677
0.0016648 -2.21246e-05 3.3343e-05 -1.14915e-22 -0.120917 101.747
0.00211322 -2.39171e-05 3.63592e-05 1.16262e-22 -0.238648 103.943
0.00263899 -2.71312e-05 3.82837e-05 1.14225e-22 -0.321798 104.017
0.00319168 -3.13326e-05 4.05599e-05 2.05406e-25 -0.428388 107.158
0.00383727 -3.43448e-05 4.34733e-05 -2.34966e-22 -0.589543 110.075
0.00459218 -3.86601e-05 4.53292e-05 1.27434e-22 -0.701301 110.313
0.00540287 -4.43649e-05 4.67879e-05 1.19147e-22 -0.825496 114.104
0.00634392 -4.87381e-05 4.91675e-05 -1.1872e-22 -1.02934 121.073
0.00753358 -5.0559e-05 5.05375e-05 7.43547e-24 -1.20457 124.424
0.00892548 -5.45634e-05 4.94843e-05 1.48806e-23 -1.23232 125.099
0.0105505 -5.55946e-05 4.98921e-05 -5.95536e-23 -1.38742 129.144
0.012456 -5.7395e-05 4.77147e-05 1.34827e-22 -1.38083 127.912
0.0146489 -5.72007e-05 4.60778e-05 -5.94992e-23 -1.42987 129.243
0.0171912 -5.61554e-05 4.29819e-05 5.87747e-39 -1.38572 127.045
0.0200884 -5.44789e-05 3.96886e-05 6.0665e-23 -1.31769 124.027
0.0233601 -5.31473e-05 3.63892e-05 -1.46937e-39 -1.23105 120.515
0.962343 -1.65668e-05 -1.47844e-06 -4.01209e-21 0.278072 60.9867
0.890965 -1.37977e-05 -8.42432e-07 -1.21958e-37 0.332573 56.3047
0.826058 -1.31884e-05 -5.38704e-08 -2.25671e-22 0.320161 55.9163
0.76576 -1.50119e-05 3.39936e-07 -6.32863e-23 0.254064 60.0867
0.710078 -1.80517e-05 5.19762e-07 1.01633e-21 0.186417 65.9163
0.658238 -2.0452e-05 4.5356e-07 -4.79075e-22 0.150854 70.0269
0.608848 -2.20097e-05 3.38397e-07 1.83671e-40 0.126997 72.5305
0.562736 -2.32516e-05 1.86639e-07 3.22237e-23 0.108756 74.4636
0.519601 -2.42373e-05 2.08844e-08 9.67928e-23 0.0985084 75.9377
0.478476 -2.50801e-05 -1.46e-07 1.0696e-27 0.0886474 77.1843
0.440012 -2.58042e-05 -3.30316e-07 3.2501e-23 0.0849962 78.2274
0.403793 -2.63604e-05 -4.94187e-07 3.25227e-23 0.0839978 79.0149
0.369512 -2.68972e-05 -6.55061e-07 -4.93507e-28 0.0814381 79.7849
0.337539 -2.73886e-05 -8.27571e-07 -3.27285e-23 0.082204 80.4732
0.307426 -2.77272e-05 -9.91267e-07 2.62307e-22 0.086812 80.9388
0.279047 -2.78796e-05 -1.13139e-06 1.31605e-22 0.0971353 81.1472
0.252708 -2.7975e-05 -1.24183e-06 -1.31835e-22 0.103599 81.3207
0.228153 -2.82094e-05 -1.36997e-06 0 0.105042 81.7122
0.205109 -2.85721e-05 -1.54822e-06 -1.31544e-22 0.103778 82.2822
0.183658 -2.90546e-05 -1.80609e-06 -3.67342e-40 0.0976908 83.0255
0.163932 -2.96005e-05 -2.15072e-06 -1.64436e-23 0.0918694 83.8367
0.145824 -3.00053e-05 -2.54239e-06 1.6482e-23 0.0926083 84.4154
0.129141 -3.01527e-05 -2.94413e-06 1.32261e-22 0.0997596 84.6396
0.11387 -2.99435e-05 -3.3071e-06 -1.32181e-22 0.119629 84.3601
0.0999644 -2.96718e-05 -3.6697e-06 1.34819e-22 0.127814 84.1114
0.0873688 -2.94192e-05 -4.0442e-06 -1.34986e-22 0.144645 83.8621
0.0760275 -2.89713e-05 -4.39978e-06 -3.67342e-40 0.162585 83.3784
0.0659448 -2.85214e-05 -4.77452e-06 -6.67226e-23 0.17741 82.9641
0.0570338 -2.80459e-05 -5.14409e-06 -1.66676e-23 0.19579 82.5291
0.0491478 -2.77142e-05 -5.62866e-06 1.66537e-23 0.200273 82.4586
0.0422869 -2.7556e-05 -6.19187e-06 -3.31424e-23 0.206965 82.6825
0.036381 -2.76519e-05 -7.0444e-06 -3.67342e-40 0.193356 83.5503
0.0313147 -2.82606e-05 -8.1738e-06 0 0.169016 85.321
0.0270382 -2.94188e-05 -9.67148e-06 -3.67342e-40 0.123572 88.0555
0.248895 -5.23815e-05 -9.55236e-07 2.87896e-23 -1.18463 110.409
0.258565 -5.05037e-05 -1.36944e-06 3.08696e-23 -1.12998 108.392
0.269159 -4.90542e-05 -1.68594e-06 -5.24849e-27 -1.0918 106.819
0.280754 -4.77812e-05 -1.96514e-06 -6.6177e-23 -1.06287 105.414
0.293424 -4.65886e-05 -2.22974e-06 3.90391e-24 -1.03333 104.087
0.307248 -4.53703e-05 -2.49199e-06 5.86694e-23 -1.008 102.692
0.322309 -4.39209e-05 -2.75984e-06 1.25336e-22 -0.977318 101.007
0.338692 -4.24214e-05 -2.99466e-06 1.25672e-22 -0.939128 99.2664
0.356488 -4.11246e-05 -3.19125e-06 5.0786e-22 -0.906176 97.7497
0.375787 -4.00317e-05 -3.37351e-06 -2.52412e-22 -0.87932 96.4578
0.396681 -3.90391e-05 -3.56183e-06 -2.52539e-22 -0.855997 95.2649
0.419266 -3.80745e-05 -3.76156e-06 2.60357e-22 -0.833094 94.0866
0.443827 -3.69484e-05 -3.98137e-06 -5.11389e-22 -0.810063 92.6741
0.470547 -3.56703e-05 -4.19035e-06 -7.85875e-24 -0.778509 91.0738
0.499415 -3.44444e-05 -4.37381e-06 -9.9673e-22 -0.746708 89.5316
0.530547 -3.32868e-05 -4.56872e-06 1.00249e-21 -0.717508 88.0621
0.564099 -3.19113e-05 -4.74967e-06 1.17549e-38 -0.687982 86.258
0.600271 -3.04098e-05 -4.89625e-06 -4.40784e-27 -0.645795 84.3172
0.639334 -2.90027e-05 -5.02516e-06 1.97596e-21 -0.607517 82.4783
0.681835 -2.73981e-05 -5.13779e-06 -1.95927e-21 -0.568781 80.3102
0.728119 -2.55186e-05 -5.1727e-06 1.89813e-24 -0.517497 77.7285
0.778396 -2.34648e-05 -5.16183e-06 3.84905e-21 -0.461019 74.7959
0.833304 -2.08194e-05 -4.96143e-06 -3.68325e-24 -0.397593 70.832
0.894317 -1.93293e-05 -4.90248e-06 1.46942e-23 -0.307305 68.6644
0.963312 -1.1593e-05 -3.92378e-06 -6.55358e-21 -0.292636 53.4346
0.0270148 -5.22828e-05 3.36727e-05 2.93874e-39 -1.17579 117.741
0.0309572 -5.2099e-05 3.14557e-05 -6.32206e-23 -1.13385 115.594
0.0351011 -5.23243e-05 2.98164e-05 -2.93874e-39 -1.12016 114.496
0.0394494 -5.27231e-05 2.84605e-05 3.20315e-23 -1.1141 113.749
0.0440032 -5.35451e-05 2.73547e-05 3.20095e-23 -1.11232 113.465
0.0487666 -5.44905e-05 2.64704e-05 -1.59841e-23 -1.13251 113.699
0.0537218 -5.609e-05 2.57059e-05 1.5915e-23 -1.14508 114.298
0.0588874 -5.72853e-05 2.51869e-05 -7.34684e-40 -1.199 115.595
0.0642767 -5.83474e-05 2.4402e-05 6.33702e-23 -1.20624 115.964
0.0698785 -5.96791e-05 2.38127e-05 -6.31395e-23 -1.23864 117.018
0.0756924 -6.1044e-05 2.3181e-05 -1.46937e-39 -1.27417 118.059
0.0817148 -6.28418e-05 2.25872e-05 6.24199e-23 -1.30796 119.471
0.0879601 -6.41161e-05 2.19781e-05 6.22273e-23 -1.37078 121.001
0.0944273 -6.55597e-05 2.11447e-05 -2.20405e-39 -1.38405 122.026
0.101119 -6.66125e-05 2.04016e-05 -1.92378e-24 -1.44681 123.458
0.108034 -6.77851e-05 1.93822e-05 1.90702e-24 -1.45328 124.274
0.115171 -6.89533e-05 1.85071e-05 1.14794e-41 -1.51032 125.731
0.122546 -6.9662e-05 1.73633e-05 0 -1.53246 126.472
0.130161 -7.0468e-05 1.62224e-05 6.07618e-23 -1.5547 127.359
0.138012 -7.07023e-05 1.49692e-05 -1.20585e-22 -1.58783 127.823
0.146082 -7.17759e-05 1.36114e-05 5.95661e-23 -1.57863 128.667
0.154377 -7.20715e-05 1.23778e-05 1.83671e-40 -1.65825 129.526
0.162898 -7.15766e-05 1.06919e-05 9.29351e-25 -1.62246 129.083
0.171654 -7.08992e-05 9.22213e-06 -6.01331e-23 -1.6359 128.759
0.180659 -6.91925e-05 7.53338e-06 -1.83671e-40 -1.60664 127.28
0.189881 -6.83218e-05 5.98671e-06 2.97313e-23 -1.55135 126.489
0.1993 -6.63222e-05 4.70211e-06 -1.48775e-23 -1.57327 124.839
0.208932 -6.35014e-05 3.04005e-06 -1.97734e-24 -1.47005 122.072
0.218799 -6.07491e-05 1.72861e-06 2.32655e-25 -1.41798 119.247
0.228872 -5.7522e-05 5.2908e-07 9.3921e-25 -1.33058 115.881
0.239117 -5.46178e-05 -3.47493e-07 9.47728e-25 -1.24539 112.816
