88.8645
86.7379
79.3389
73.5169
67.8236
63.2267
56.843
52.1352
46.2394
39.4225
34.3551
30.6121
26.8278
23.9961
23.3129
24.2218
26.2214
29.715
34.5981
39.9679
45.4795
50.7027
56.2349
61.7771
67.2184
71.8823
75.9557
79.8981
84.2233
87.3071
89.731
91.8277
96.3677
101.747
103.943
104.017
107.158
110.075
110.313
114.104
121.073
124.424
125.099
129.144
127.912
129.243
127.045
124.027
120.515
60.9867
56.3047
55.9163
60.0867
65.9163
70.0269
72.5305
74.4636
75.9377
77.1843
78.2274
79.0149
79.7849
80.4732
80.9388
81.1472
81.3207
81.7122
82.2822
83.0255
83.8367
84.4154
84.6396
84.3601
84.1114
83.8621
83.3784
82.9641
82.5291
82.4586
82.6825
83.5503
85.321
88.0555
110.409
108.392
106.819
105.414
104.087
102.692
101.007
99.2664
97.7497
96.4578
95.2649
94.0866
92.6741
91.0738
89.5316
88.0621
86.258
84.3172
82.4783
80.3102
77.7285
74.7959
70.832
68.6644
53.4346
117.741
115.594
114.496
113.749
113.465
113.699
114.298
115.595
115.964
117.018
118.059
119.471
121.001
122.026
123.458
124.274
125.731
126.472
127.359
127.823
128.667
129.526
129.083
128.759
127.28
126.489
124.839
122.072
119.247
115.881
112.816
