# ccx tau_xx tau_yy tau_zz cp yplus
0.996464 3.36286e-06 1.41814e-06 -2.44411e-20 -0.291262 1.33462
0.988953 4.67228e-06 1.62497e-06 3.44157e-20 -0.290211 1.75408
0.980947 5.40381e-06 1.322e-06 1.81504e-20 -0.308547 1.90182
0.972985 4.42987e-06 1.19934e-06 -1.90321e-20 -0.308526 1.69091
0.965205 4.66802e-06 1.30348e-06 -1.95279e-20 -0.315551 1.70257
0.957562 4.39905e-06 1.20371e-06 2.00352e-20 -0.319111 1.62953
0.950013 4.23229e-06 1.12341e-06 9.97307e-24 -0.323567 1.57658
0.942557 4.07555e-06 1.06859e-06 -1.01892e-23 -0.326576 1.52386
0.935198 4.0619e-06 1.0551e-06 -1.08837e-27 -0.330367 1.49768
0.927925 4.07208e-06 1.04899e-06 -7.80602e-39 -0.333803 1.47608
0.920729 4.09806e-06 1.03025e-06 1.17549e-38 -0.337855 1.45982
0.913605 4.09997e-06 1.01281e-06 1.10376e-20 -0.34162 1.439
0.906551 4.12118e-06 9.9978e-07 -1.11728e-20 -0.345754 1.42197
0.899565 4.12962e-06 9.84465e-07 -1.1332e-20 -0.349814 1.40303
0.892647 4.14501e-06 9.78617e-07 1.14639e-20 -0.354117 1.38464
0.885793 4.16122e-06 9.64988e-07 0 -0.358448 1.36748
0.879002 4.16905e-06 9.56546e-07 5.87747e-39 -0.363017 1.3485
0.87227 4.18125e-06 9.39814e-07 -1.18055e-20 -0.367593 1.33146
0.865595 4.18522e-06 9.28635e-07 -2.33432e-23 -0.372445 1.31266
0.858974 4.19371e-06 9.06483e-07 1.20747e-20 -0.377289 1.29612
0.852405 4.19926e-06 8.96927e-07 1.21708e-20 -0.382442 1.27805
0.845887 4.20107e-06 8.67039e-07 -1.22869e-20 -0.38762 1.26199
0.839418 4.20721e-06 8.59638e-07 -1.24099e-20 -0.39307 1.24429
0.833004 4.2024e-06 8.28343e-07 -2.4548e-23 -0.398631 1.22798
0.826639 4.20618e-06 8.16598e-07 2.95905e-27 -0.404386 1.2109
0.820321 4.19627e-06 7.93245e-07 -2.49854e-23 -0.410362 1.19326
0.814046 4.19235e-06 7.71517e-07 2.51995e-23 -0.416477 1.17663
0.807817 4.18171e-06 7.55599e-07 1.29989e-20 -0.422878 1.15819
0.801638 4.16334e-06 7.22591e-07 5.13964e-23 -0.429419 1.14104
0.795505 4.15245e-06 7.03357e-07 1.32369e-20 -0.43622 1.12303
0.789412 4.12033e-06 6.74223e-07 -1.33693e-20 -0.443282 1.10366
0.78336 4.09359e-06 6.42308e-07 -1.34856e-20 -0.450533 1.0857
0.777355 4.06562e-06 6.18171e-07 -1.36218e-20 -0.458127 1.06638
0.771393 4.00533e-06 5.73565e-07 -1.37248e-20 -0.465965 1.04581
0.765465 3.9768e-06 5.37867e-07 -1.38244e-20 -0.474044 1.02823
0.759579 3.91815e-06 5.06477e-07 5.45189e-23 -0.482629 1.00604
0.753736 3.82072e-06 4.47986e-07 -2.62381e-27 -0.491328 0.98335
0.747928 3.79932e-06 4.07359e-07 1.4118e-20 -0.500442 0.967453
0.742155 3.70199e-06 3.65759e-07 -1.17549e-38 -0.51014 0.941523
0.736423 3.56905e-06 3.00254e-07 -7.15811e-21 -0.519866 0.915624
0.73073 3.5384e-06 2.53178e-07 -5.67251e-23 -0.530164 0.899705
0.725066 3.41125e-06 2.07882e-07 7.30795e-21 -0.541053 0.871203
0.719444 3.24534e-06 1.33726e-07 7.33035e-21 -0.552042 0.840902
0.71386 3.17427e-06 8.01087e-08 1.16165e-22 -0.563621 0.821364
0.708306 3.043e-06 2.5993e-08 7.42227e-21 -0.575835 0.793233
0.70279 2.84689e-06 -4.45029e-08 4.08484e-37 -0.588368 0.758416
0.697313 2.67809e-06 -1.19192e-07 5.94448e-23 -0.601368 0.72729
0.691864 2.58847e-06 -1.74935e-07 -7.65465e-21 -0.614936 0.705628
0.686452 2.29072e-06 -2.5422e-07 -7.85353e-21 -0.629461 0.655535
0.681078 1.97916e-06 -3.62063e-07 -7.72751e-21 -0.643554 0.604828
0.675729 1.91896e-06 -4.23313e-07 -2.93874e-39 -0.658852 0.588629
0.670419 1.56301e-06 -5.11075e-07 -1.72156e-39 -0.675038 0.526905
0.665144 1.12924e-06 -6.12629e-07 3.46679e-39 -0.690929 0.452606
0.659893 8.4327e-07 -7.14877e-07 -6.26081e-23 -0.707639 0.404317
0.654679 7.46797e-07 -8.25338e-07 8.22561e-21 -0.724763 0.393258
0.649501 1.01503e-07 -9.38711e-07 -8.14286e-21 -0.744063 0.341794
0.644346 -5.0854e-07 -1.08345e-06 -6.41538e-23 -0.760626 0.405021
0.639225 -5.76564e-07 -1.18602e-06 -5.38099e-43 -0.779897 0.421106
0.634137 -9.48197e-07 -1.30452e-06 -6.49231e-23 -0.799368 0.472233
0.629077 -1.63816e-06 -1.41574e-06 8.40886e-21 -0.820016 0.557538
0.62405 -2.18083e-06 -1.53107e-06 -6.55982e-23 -0.838971 0.620685
0.619051 -2.34586e-06 -1.64617e-06 6.5814e-23 -0.860102 0.636604
0.614082 -2.81717e-06 -1.76741e-06 -1.90157e-37 -0.881888 0.681338
0.609148 -3.53233e-06 -1.87657e-06 2.77802e-39 -0.904139 0.744427
0.604237 -4.05749e-06 -1.99463e-06 6.6668e-23 -0.925517 0.787087
0.599358 -4.3194e-06 -2.12883e-06 -6.72591e-23 -0.948677 0.803545
0.594514 -4.86591e-06 -2.26433e-06 -6.74061e-23 -0.972843 0.840418
0.589693 -5.75244e-06 -2.37387e-06 8.72257e-21 -0.997317 0.899283
0.584904 -6.36421e-06 -2.49834e-06 1.26366e-37 -1.02041 0.936965
0.580143 -6.66157e-06 -2.6506e-06 -1.68977e-38 -1.04576 0.949307
0.575409 -7.23578e-06 -2.8167e-06 -4.32809e-21 -1.07212 0.978109
0.570708 -8.48119e-06 -2.90756e-06 -9.4143e-27 -1.09969 1.0438
0.566029 -9.37094e-06 -3.01221e-06 -9.38271e-27 -1.12302 1.09037
0.561379 -9.57682e-06 -3.17913e-06 -8.98917e-21 -1.15006 1.09265
0.556761 -9.99095e-06 -3.38941e-06 -6.98958e-23 -1.1777 1.10606
0.552166 -1.15838e-05 -3.44963e-06 1.39824e-22 -1.2092 1.17371
0.547601 -1.29373e-05 -3.48833e-06 -4.64554e-21 -1.23162 1.23657
0.54306 -1.2989e-05 -3.67136e-06 -4.3793e-21 -1.25929 1.22975
0.538546 -1.34356e-05 -3.85663e-06 -1.14038e-26 -1.28766 1.23974
0.534063 -1.45442e-05 -3.97192e-06 -1.42614e-22 -1.31889 1.27613
0.5296 -1.60874e-05 -3.98301e-06 7.13689e-23 -1.34618 1.33339
0.525167 -1.67049e-05 -4.09208e-06 7.20028e-23 -1.37205 1.35212
0.520762 -1.69567e-05 -4.27047e-06 4.55353e-21 -1.40108 1.35122
0.51638 -1.74396e-05 -4.48556e-06 9.2978e-21 -1.43142 1.35917
0.512028 -1.91254e-05 -4.49198e-06 -4.66193e-21 -1.46505 1.40823
0.507699 -2.04424e-05 -4.48886e-06 9.88742e-27 -1.48898 1.45302
0.503394 -2.04697e-05 -4.70249e-06 3.68123e-23 -1.51891 1.4432
0.499119 -2.09718e-05 -4.88495e-06 -3.70073e-23 -1.54964 1.4492
0.494866 -2.19422e-05 -5.02999e-06 4.7459e-21 -1.58297 1.46972
0.490641 -2.3648e-05 -5.0024e-06 -4.77228e-21 -1.61455 1.51541
0.486443 -2.45797e-05 -5.06059e-06 -3.73901e-23 -1.64133 1.53982
0.482265 -2.47576e-05 -5.27734e-06 -4.78024e-21 -1.67272 1.53424
0.478116 -2.52682e-05 -5.50584e-06 4.84973e-21 -1.70561 1.53861
0.473991 -2.67928e-05 -5.56801e-06 -2.20405e-38 -1.74202 1.5708
0.46989 -2.87387e-05 -5.46167e-06 -4.83667e-21 -1.77165 1.62094
0.465816 -2.9399e-05 -5.56436e-06 9.71361e-21 -1.79965 1.63379
0.461762 -2.95947e-05 -5.79194e-06 -4.88169e-21 -1.83185 1.62813
0.457735 -3.0094e-05 -6.05357e-06 3.87574e-23 -1.86618 1.63073
0.453735 -3.20511e-05 -6.03408e-06 -4.99451e-21 -1.90475 1.6692
0.449755 -3.42568e-05 -5.82941e-06 -2.01303e-37 -1.93243 1.72326
0.445801 -3.47401e-05 -5.95482e-06 2.50089e-21 -1.96022 1.73005
0.441868 -3.48886e-05 -6.18726e-06 2.5515e-21 -1.99229 1.72293
0.437961 -3.53542e-05 -6.44963e-06 2.53354e-21 -2.02678 1.72362
0.434081 -3.731e-05 -6.41781e-06 2.49428e-21 -2.06559 1.75772
0.430219 -3.96644e-05 -6.15309e-06 -2.4966e-21 -2.09363 1.80996
0.426382 -4.02528e-05 -6.24184e-06 -1.25747e-26 -2.12008 1.81937
0.42257 -4.03151e-05 -6.48241e-06 2.52785e-21 -2.15165 1.81039
0.418779 -4.07407e-05 -6.72525e-06 -1.83671e-39 -2.18551 1.80949
0.415014 -4.23302e-05 -6.77025e-06 -7.06775e-38 -2.22342 1.8328
0.411271 -4.48946e-05 -6.46544e-06 -1.86977e-37 -2.25478 1.88225
0.407549 -4.59349e-05 -6.42772e-06 -2.60885e-21 -2.27837 1.9031
0.403853 -4.58339e-05 -6.68889e-06 2.62534e-21 -2.30913 1.89113
0.400175 -4.6212e-05 -6.89748e-06 -2.63791e-21 -2.34158 1.88887
0.396524 -4.70762e-05 -7.11067e-06 4.15311e-23 -2.37761 1.89631
0.392898 -4.98889e-05 -6.791e-06 -6.45389e-27 -2.41513 1.94176
0.389289 -5.16819e-05 -6.54542e-06 -2.70319e-21 -2.43476 1.97982
0.385704 -5.13541e-05 -6.85559e-06 5.37036e-21 -2.4647 1.96425
0.382144 -5.17392e-05 -7.02365e-06 2.65622e-21 -2.49576 1.96197
0.378603 -5.22761e-05 -7.26009e-06 4.2424e-23 -2.52968 1.96267
0.375087 -5.43163e-05 -7.14862e-06 4.25372e-23 -2.56727 1.98988
0.371592 -5.64676e-05 -6.85963e-06 -8.51896e-23 -2.59316 2.0274
0.368117 -5.69399e-05 -6.97253e-06 -2.70106e-21 -2.61961 2.03097
0.364668 -5.71462e-05 -7.17059e-06 -1.23427e-37 -2.65015 2.02556
0.361237 -5.75986e-05 -7.36366e-06 -5.55103e-21 -2.68244 2.02449
0.35783 -5.84739e-05 -7.55731e-06 2.75052e-21 -2.71789 2.03071
0.354446 -6.1003e-05 -7.28699e-06 8.73546e-23 -2.75503 2.06484
0.35108 -6.26785e-05 -7.08592e-06 -4.37967e-23 -2.77669 2.09414
0.347737 -6.25147e-05 -7.38096e-06 2.8281e-21 -2.80759 2.08294
0.344419 -6.29622e-05 -7.55517e-06 -4.44287e-23 -2.8398 2.08173
0.341117 -6.3501e-05 -7.81096e-06 8.92488e-23 -2.87499 2.08215
0.337839 -6.53553e-05 -7.81454e-06 -2.91562e-21 -2.91465 2.10317
0.334585 -6.84695e-05 -7.35341e-06 1.43396e-21 -2.94712 2.14896
0.331346 -6.97561e-05 -7.23485e-06 1.39322e-21 -2.96787 2.17059
0.328131 -6.94337e-05 -7.55267e-06 1.49765e-21 -2.99843 2.15774
0.32494 -6.97028e-05 -7.77628e-06 1.50581e-21 -3.031 2.154
0.321764 -7.01991e-05 -8.10727e-06 1.42075e-21 -3.06823 2.15396
0.318612 -7.33247e-05 -7.84464e-06 1.46948e-21 -3.11217 2.19234
0.315483 -7.74071e-05 -7.05262e-06 -4.58163e-23 -3.13654 2.25568
0.312369 -7.82527e-05 -6.98963e-06 4.59465e-23 -3.15207 2.2715
0.309278 -7.75415e-05 -7.33665e-06 -4.6413e-23 -3.17922 2.25419
0.30621 -7.75407e-05 -7.57163e-06 1.4947e-21 -3.20882 2.24713
0.303158 -7.78785e-05 -7.90932e-06 9.38592e-23 -3.24389 2.24519
0.300128 -8.1453e-05 -7.52487e-06 1.5021e-21 -3.28677 2.28799
0.297121 -8.60377e-05 -6.53773e-06 -1.54529e-21 -3.30519 2.3572
0.29413 -8.67685e-05 -6.44077e-06 1.5024e-21 -3.31386 2.37246
0.291159 -8.57761e-05 -6.78625e-06 1.72192e-41 -3.3357 2.35278
0.288211 -8.56801e-05 -6.94236e-06 1.52802e-21 -3.3595 2.34529
0.285281 -8.58327e-05 -7.16578e-06 -3.52648e-38 -3.38715 2.34131
0.282371 -8.78529e-05 -7.03485e-06 -1.49195e-21 -3.42018 2.36217
0.279482 -9.12051e-05 -6.40399e-06 -4.81806e-23 -3.44252 2.40636
0.276613 -9.22726e-05 -6.23659e-06 4.83235e-23 -3.45206 2.42359
0.27376 -9.15968e-05 -6.51866e-06 -5.65922e-27 -3.47292 2.40921
0.27093 -9.17264e-05 -6.6089e-06 -4.90867e-23 -3.49489 2.40534
0.268121 -9.19571e-05 -6.7378e-06 2.66323e-39 -3.51895 2.40284
0.265328 -9.25943e-05 -6.83191e-06 2.47786e-23 -3.54557 2.40563
0.262556 -9.41355e-05 -6.69172e-06 -2.4911e-23 -3.57323 2.42047
0.259805 -9.50924e-05 -6.6355e-06 -7.75945e-22 -3.59311 2.43119
0.257072 -9.50034e-05 -6.84342e-06 -2.51695e-23 -3.61968 2.42485
0.254357 -9.52928e-05 -6.98027e-06 8.10454e-22 -3.64794 2.42333
0.251663 -9.54689e-05 -7.20739e-06 2.38772e-39 -3.67898 2.42046
0.24899 -9.59289e-05 -7.48098e-06 -8.46049e-22 -3.71537 2.42131
0.246333 -9.93818e-05 -7.0579e-06 8.44245e-22 -3.75934 2.45871
0.243695 -0.000102339 -6.45915e-06 -1.61746e-21 -3.77715 2.50023
0.241078 -0.000101791 -6.74179e-06 -5.16205e-23 -3.80201 2.49294
0.238479 -0.000100818 -7.09444e-06 -8.06168e-22 -3.83624 2.4766
0.235897 -0.000100111 -7.49984e-06 -8.12449e-22 -3.87673 2.46359
0.233335 -9.96826e-05 -8.08016e-06 8.46359e-22 -3.9275 2.45423
0.230794 -0.000104138 -8.15582e-06 8.14149e-22 -3.99555 2.50391
0.228269 -0.0001196 -5.40574e-06 -2.55923e-23 -4.05919 2.68531
0.22576 -0.000125494 -3.07058e-06 -3.81634e-22 -4.00186 2.79517
0.223271 -0.000117423 -4.71847e-06 2.58226e-23 -4.02487 2.70122
0.220803 -0.00011464 -5.02918e-06 -2.61905e-23 -4.05099 2.6666
0.218351 -0.000111915 -5.72011e-06 2.6503e-23 -4.09075 2.63231
0.215915 -0.000111521 -6.60668e-06 -2.66018e-23 -4.14946 2.62563
0.2135 -0.000125986 -5.00667e-06 4.13764e-22 -4.24572 2.78729
0.211104 -0.000147947 8.23236e-07 -9.52793e-40 -4.24862 3.06078
0.208725 -0.000150021 3.01401e-06 -2.22646e-22 -4.14259 3.13651
0.206362 -0.000138027 8.26113e-07 -7.55712e-23 -4.13984 3.00862
0.204018 -0.000132381 3.12797e-07 -4.97921e-40 -4.14432 2.94727
0.201694 -0.000127353 -5.68559e-07 0 -4.16531 2.89121
0.199388 -0.000125962 -1.66317e-06 1.61478e-46 -4.21134 2.87606
0.197098 -0.000147394 1.76633e-06 2.34372e-28 -4.32009 3.11257
0.194825 -0.000169513 9.42264e-06 5.13874e-40 -4.24526 3.40091
0.192573 -0.000166062 1.05408e-05 -1.65304e-39 -4.12374 3.41389
0.190342 -0.000153279 8.32059e-06 -7.89631e-22 -4.09626 3.28329
0.188127 -0.00014667 7.54266e-06 -8.63254e-39 -4.07294 3.21614
0.185929 -0.000140237 6.53284e-06 8.22931e-22 -4.07064 3.14868
0.183747 -0.000137519 5.77735e-06 -3.12241e-39 -4.08927 3.12205
0.181584 -0.000153332 8.7897e-06 2.50032e-23 -4.16126 3.30264
0.17944 -0.000171586 1.52462e-05 -2.42632e-23 -4.09807 3.54159
0.177317 -0.000168747 1.6532e-05 -7.97338e-22 -3.97336 3.55562
0.175211 -0.00015584 1.40646e-05 4.94641e-23 -3.94068 3.42277
0.173121 -0.000148903 1.31037e-05 -2.53238e-23 -3.91368 3.35277
0.171049 -0.000142589 1.19681e-05 8.53337e-22 -3.90479 3.28723
0.168995 -0.000140012 1.12665e-05 8.33575e-22 -3.9161 3.26367
0.166958 -0.000153583 1.29627e-05 -2.50342e-23 -3.97466 3.42638
0.164939 -0.000184 2.25096e-05 -7.28464e-22 -3.99726 3.78786
0.162941 -0.000188302 2.79063e-05 1.78522e-26 -3.75996 3.90838
0.160964 -0.000167498 2.3245e-05 -2.38909e-23 -3.71277 3.69386
0.159003 -0.000159137 2.21186e-05 -7.34684e-40 -3.65592 3.6118
0.157059 -0.000151471 2.07025e-05 1.64168e-21 -3.62235 3.53363
0.155133 -0.000145696 1.96236e-05 -2.57591e-23 -3.59817 3.47527
0.153223 -0.000147076 1.97414e-05 -1.62875e-21 -3.60157 3.5019
0.151329 -0.000171214 2.60435e-05 -1.19885e-23 -3.67203 3.79418
0.149455 -0.000181926 3.30181e-05 1.18555e-23 -3.48368 3.97446
0.147602 -0.000169101 3.0823e-05 -4.15728e-38 -3.38822 3.85442
0.145767 -0.000158737 2.87113e-05 0 -3.32384 3.74722
0.143949 -0.000150984 2.71729e-05 -1.46937e-39 -3.27319 3.66718
0.142147 -0.000144828 2.59055e-05 -1.65083e-21 -3.2353 3.60372
0.140361 -0.000140475 2.515e-05 1.21682e-39 -3.20694 3.56129
0.138591 -0.000144075 2.62739e-05 -1.63301e-21 -3.19962 3.61991
0.136836 -0.000163272 3.17352e-05 1.56462e-21 -3.22698 3.87246
0.135101 -0.000167507 3.58914e-05 1.54277e-21 -3.04276 3.96784
0.133387 -0.000150932 3.17415e-05 7.34684e-40 -3.00066 3.77804
0.131688 -0.000144359 3.04861e-05 5.57925e-27 -2.9451 3.70922
0.130005 -0.000137774 2.898e-05 1.7001e-21 -2.90708 3.63663
0.128337 -0.000133121 2.80036e-05 1.72037e-21 -2.87697 3.58767
0.126684 -0.000131429 2.78467e-05 -1.34905e-23 -2.85433 3.57804
0.125047 -0.000137357 2.97671e-05 -1.68964e-21 -2.85347 3.67261
0.123425 -0.000158655 3.59801e-05 1.58973e-21 -2.88449 3.96674
0.121824 -0.00016303 4.04663e-05 0 -2.6951 4.05946
0.120245 -0.000145418 3.5812e-05 1.61187e-21 -2.6544 3.84699
0.11868 -0.000138923 3.4414e-05 1.30979e-23 -2.59656 3.77573
0.11713 -0.000132287 3.27414e-05 4.79686e-27 -2.55573 3.6986
0.115595 -0.000127548 3.15921e-05 1.36992e-23 -2.52194 3.6457
0.114074 -0.000124497 3.10622e-05 1.76136e-21 -2.49432 3.61615
0.112567 -0.000126975 3.22476e-05 0 -2.47981 3.66735
0.111074 -0.000140915 3.64175e-05 -1.29842e-23 -2.498 3.88013
0.109601 -0.000146668 4.02825e-05 1.29539e-23 -2.38166 3.98208
0.108148 -0.000137815 3.86266e-05 -1.66708e-21 -2.3129 3.87653
0.106711 -0.000130054 3.65051e-05 -1.35086e-23 -2.26356 3.78073
0.105288 -0.000124225 3.49071e-05 1.38554e-23 -2.22124 3.70973
0.103879 -0.000119442 3.35777e-05 1.79764e-21 -2.18664 3.65175
0.102483 -0.000115912 3.26514e-05 1.46937e-39 -2.15757 3.61143
0.101102 -0.000115125 3.28397e-05 1.42511e-44 -2.13274 3.6144
0.0997335 -0.000119378 3.46607e-05 4.75455e-40 -2.12124 3.69663
0.0983793 -0.000130857 3.83902e-05 -1.46937e-39 -2.11607 3.88585
0.0970442 -0.000132537 4.05513e-05 -1.74211e-21 -2.0048 3.92296
0.0957277 -0.00012075 3.71469e-05 -2.75776e-27 -1.97272 3.75908
0.0944247 -0.000115936 3.58184e-05 -2.81085e-27 -1.93139 3.69835
0.093135 -0.000111078 3.43844e-05 2.94064e-23 -1.90019 3.63417
0.0918585 -0.00010764 3.3405e-05 -2.99686e-23 -1.87323 3.59136
0.090595 -0.000105739 3.30589e-05 1.51402e-23 -1.84998 3.5739
0.0893444 -0.000106829 3.37921e-05 -3.83376e-21 -1.82978 3.60729
0.0881066 -0.000112208 3.61264e-05 1.85699e-21 -1.82226 3.7131
0.0868819 -0.000125225 4.00854e-05 1.88263e-38 -1.82478 3.93528
0.0856765 -0.000127541 4.2935e-05 1.75998e-21 -1.71254 3.97406
0.0844901 -0.00011499 3.91617e-05 -2.93874e-39 -1.68329 3.789
0.0833163 -0.000110375 3.77803e-05 3.77997e-21 -1.6422 3.72725
0.0821551 -0.000105538 3.62319e-05 -1.76324e-38 -1.61037 3.65893
0.0810062 -0.0001019 3.50695e-05 0 -1.58218 3.60909
0.0798696 -9.90638e-05 3.42007e-05 -1.00513e-21 -1.55792 3.57211
0.0787456 -9.76029e-05 3.39482e-05 1.01331e-21 -1.5355 3.55988
0.0776339 -9.87357e-05 3.4716e-05 -2.93874e-39 -1.51771 3.59508
0.076534 -0.000103822 3.6356e-05 7.61384e-24 -1.50911 3.69903
0.0754486 -0.000106928 3.82565e-05 9.67148e-22 -1.46426 3.76017
0.0743796 -0.000104468 3.8132e-05 9.79341e-22 -1.41642 3.72368
0.0733245 -9.89727e-05 3.63027e-05 0 -1.38839 3.638
0.0722813 -9.5525e-05 3.51218e-05 -1.02698e-21 -1.36049 3.58726
0.0712496 -9.22976e-05 3.40126e-05 -2.05712e-38 -1.33676 3.53901
0.0702299 -8.96772e-05 3.31283e-05 -2.93874e-39 -1.31593 3.50099
0.0692221 -8.77334e-05 3.25356e-05 1.08082e-21 -1.29719 3.47549
0.0682258 -8.71003e-05 3.25391e-05 -8.46425e-24 -1.27967 3.47615
0.0672406 -8.81961e-05 3.32438e-05 1.08774e-21 -1.2653 3.51134
0.0662664 -9.1972e-05 3.46431e-05 -1.6346e-23 -1.25624 3.59763
0.0653051 -9.43908e-05 3.59292e-05 8.17782e-24 -1.22323 3.64687
0.0643589 -9.26363e-05 3.58249e-05 -4.11101e-24 -1.18676 3.61692
0.0634263 -8.8046e-05 3.424e-05 1.08738e-21 -1.16584 3.53872
0.0625051 -8.52542e-05 3.32401e-05 1.19386e-28 -1.14477 3.49419
0.0615946 -8.27051e-05 3.23408e-05 -4.38494e-24 -1.12688 3.45345
0.0606948 -8.08426e-05 3.1743e-05 -1.13941e-21 -1.11075 3.42627
0.059806 -7.99817e-05 3.16102e-05 2.29556e-21 -1.0956 3.4203
0.0589284 -8.04604e-05 3.20415e-05 0 -1.08154 3.44304
0.0580612 -8.18729e-05 3.29228e-05 0 -1.06873 3.48617
0.0572041 -8.52596e-05 3.46653e-05 2.17708e-21 -1.06071 3.57073
0.0563571 -9.19613e-05 3.69663e-05 4.07622e-24 -1.05645 3.71768
0.0555254 -9.39348e-05 3.83955e-05 1.04356e-21 -1.00525 3.7373
0.0547095 -8.71736e-05 3.62748e-05 4.24926e-24 -0.984915 3.61153
0.0539039 -8.38413e-05 3.50393e-05 -5.87747e-39 -0.961991 3.5536
0.0531088 -8.06666e-05 3.38275e-05 -1.14574e-21 -0.942468 3.49738
0.0523243 -7.80819e-05 3.2829e-05 2.06316e-28 -0.924657 3.45206
0.0515495 -7.58394e-05 3.19705e-05 -2.33105e-24 -0.908746 3.41305
0.0507845 -7.40152e-05 3.1299e-05 1.14794e-41 -0.894359 3.3826
0.0500297 -7.27011e-05 3.08937e-05 -3.80543e-39 -0.880805 3.36356
0.0492846 -7.22773e-05 3.09163e-05 0 -0.867533 3.36515
0.0485486 -7.27953e-05 3.13437e-05 2.11858e-27 -0.855696 3.38842
0.0478224 -7.45212e-05 3.20791e-05 1.06723e-40 -0.845898 3.43813
0.0471069 -7.57242e-05 3.2646e-05 0 -0.826674 3.46618
0.0464028 -7.48756e-05 3.25219e-05 -6.06285e-22 -0.804559 3.44626
0.04571 -7.17698e-05 3.13551e-05 6.1892e-22 -0.791318 3.38466
0.0450268 -6.99193e-05 3.0609e-05 1.23384e-24 -0.777437 3.35047
0.044353 -6.80856e-05 2.98752e-05 6.43995e-22 -0.765275 3.316
0.0436888 -6.65806e-05 2.92843e-05 -1.2742e-24 -0.754099 3.28869
0.0430334 -6.53808e-05 2.88477e-05 -6.61261e-22 -0.743799 3.26855
0.0423874 -6.45955e-05 2.86535e-05 -3.436e-29 -0.733709 3.25894
0.0417503 -6.45693e-05 2.88095e-05 -1.33081e-21 -0.723939 3.26836
0.041122 -6.49279e-05 2.91133e-05 6.61733e-22 -0.714847 3.28725
0.0405026 -6.57738e-05 2.96963e-05 -2.93874e-39 -0.706426 3.31892
0.0398915 -6.75093e-05 3.06488e-05 -1.52833e-25 -0.699683 3.37221
0.0392892 -7.01227e-05 3.16264e-05 1.53338e-25 -0.69186 3.44291
0.038698 -7.07854e-05 3.18665e-05 -2.93874e-39 -0.669107 3.43929
0.0381179 -6.66618e-05 3.04391e-05 6.5318e-22 -0.660845 3.34948
0.0375467 -6.50738e-05 2.98043e-05 -6.67777e-22 -0.649405 3.31806
0.0369841 -6.32718e-05 2.90659e-05 3.32049e-25 -0.639904 3.28086
0.03643 -6.18894e-05 2.84979e-05 1.43493e-42 -0.630998 3.25341
0.0358843 -6.0742e-05 2.80414e-05 6.83601e-25 -0.622865 3.23167
0.0353468 -5.99004e-05 2.77435e-05 2.78537e-29 -0.615155 3.21787
0.0348174 -5.94143e-05 2.7671e-05 -6.94657e-25 -0.607662 3.21401
0.0342961 -5.94385e-05 2.78398e-05 7.09852e-22 -0.60061 3.22377
0.0337826 -5.9748e-05 2.81081e-05 -7.05582e-22 -0.594166 3.24086
0.0332769 -6.0382e-05 2.85568e-05 1.39848e-21 -0.588199 3.26701
0.0327788 -6.14614e-05 2.92428e-05 -1.34376e-24 -0.583012 3.30514
0.0322883 -6.3246e-05 3.0104e-05 1.31814e-24 -0.57878 3.36037
0.0318057 -6.50107e-05 3.08075e-05 -3.35051e-22 -0.570649 3.40609
0.0313329 -6.52875e-05 3.09569e-05 5.87747e-39 -0.556049 3.39653
0.0308698 -6.25733e-05 2.99899e-05 6.87441e-22 -0.549774 3.33515
0.0304141 -6.15307e-05 2.96026e-05 1.36684e-24 -0.541641 3.31537
0.029966 -6.04774e-05 2.92178e-05 -3.55675e-22 -0.534586 3.29555
0.0295256 -5.98268e-05 2.90643e-05 1.39551e-24 -0.527619 3.2867
0.0290923 -5.95592e-05 2.91322e-05 3.57969e-22 -0.520984 3.28855
0.0286663 -5.96334e-05 2.93244e-05 -3.58308e-22 -0.514848 3.29917
0.0282475 -5.99297e-05 2.95913e-05 1.38605e-24 -0.509236 3.31554
0.0278355 -6.04522e-05 2.99737e-05 1.37383e-24 -0.504066 3.3382
0.0274304 -6.12116e-05 3.04835e-05 -1.35783e-24 -0.499292 3.36742
0.0270321 -6.22249e-05 3.11339e-05 -5.56753e-39 -0.494887 3.40363
0.0266404 -6.35102e-05 3.19389e-05 0 -0.490813 3.44724
0.0262551 -6.50858e-05 3.29205e-05 -2.95731e-27 -0.48705 3.49864
0.0258764 -6.70508e-05 3.4111e-05 -3.22037e-22 -0.483934 3.55984
0.025504 -6.95656e-05 3.54326e-05 1.21697e-24 -0.481608 3.63356
0.0251381 -7.21177e-05 3.66988e-05 3.05142e-22 -0.476071 3.69816
0.0247799 -7.37267e-05 3.79643e-05 2.93874e-39 -0.46678 3.73476
0.0244292 -7.49982e-05 3.92287e-05 -1.15848e-24 -0.460362 3.77933
0.024085 -7.69415e-05 4.0547e-05 -2.88718e-22 -0.453741 3.83778
0.0237473 -7.9123e-05 4.19861e-05 1.4014e-22 -0.447647 3.90202
0.0234158 -8.16205e-05 4.35795e-05 2.14594e-24 -0.441767 3.97312
0.0230904 -8.43874e-05 4.53197e-05 -2.08253e-24 -0.436112 4.04991
0.0227712 -8.74161e-05 4.72057e-05 1.00882e-24 -0.43063 4.13196
0.0224578 -9.06916e-05 4.92331e-05 -2.93874e-39 -0.425299 4.21871
0.0221503 -9.42005e-05 5.13982e-05 2.41981e-22 -0.420093 4.30968
0.0218485 -9.79288e-05 5.36989e-05 -2.33688e-22 -0.415 4.40439
0.0215524 -0.00010187 5.61365e-05 1.12566e-22 -0.410058 4.50256
0.0212618 -0.000106021 5.86988e-05 -1.09029e-22 -0.405217 4.6037
0.0209767 -0.000110404 6.12223e-05 4.09289e-25 -0.40014 4.70656
0.0206968 -0.000114946 6.36894e-05 1.01143e-22 -0.394536 4.80978
0.0204222 -0.000119581 6.61371e-05 1.95292e-22 -0.388409 4.91269
0.0201527 -0.000124391 6.84856e-05 1.84849e-25 -0.382143 5.01587
0.0198881 -0.000129106 7.04555e-05 -8.78194e-27 -0.372626 5.11423
0.0196285 -0.00013178 7.2102e-05 -8.93977e-23 -0.346474 5.17801
0.0193737 -0.000133767 7.47897e-05 4.26889e-26 -0.326375 5.22332
0.0929482 -3.46741e-05 -3.60499e-06 -1.10203e-39 -0.324246 1.72438
0.106153 -3.25667e-05 -3.06027e-06 -3.08174e-24 -0.293156 1.6633
0.119369 -3.3342e-05 -2.89056e-06 3.0844e-24 -0.28877 1.67497
0.132598 -3.25094e-05 -2.32572e-06 -6.32205e-21 -0.291338 1.64368
0.145838 -3.11795e-05 -1.91805e-06 2.97547e-37 -0.277676 1.60247
0.159087 -3.04355e-05 -1.58695e-06 -3.09502e-24 -0.267137 1.57671
0.172342 -2.89464e-05 -1.21349e-06 -6.34302e-21 -0.257117 1.53167
0.185602 -2.78272e-05 -1.06166e-06 3.1739e-21 -0.233967 1.49899
0.198862 -2.76643e-05 -1.025e-06 3.18218e-21 -0.219975 1.49254
0.212124 -2.74242e-05 -9.81045e-07 -3.18042e-21 -0.20911 1.48419
0.225387 -2.7208e-05 -9.49634e-07 -3.10712e-24 -0.200071 1.47673
0.23865 -2.70479e-05 -9.34628e-07 -3.18261e-21 -0.19289 1.47103
0.251913 -2.70708e-05 -9.47424e-07 1.55421e-24 -0.186955 1.47055
0.265176 -2.72347e-05 -9.51899e-07 3.18494e-21 -0.184625 1.47373
0.278439 -2.72794e-05 -9.24526e-07 3.18366e-21 -0.184517 1.47346
0.291703 -2.7384e-05 -8.85658e-07 -6.36782e-21 -0.184262 1.47474
0.304968 -2.72149e-05 -7.75358e-07 -1.24805e-29 -0.187572 1.46821
0.318235 -2.67819e-05 -6.70841e-07 -3.18526e-21 -0.186008 1.45488
0.331502 -2.65584e-05 -5.97261e-07 3.18613e-21 -0.184113 1.44747
0.34477 -2.63827e-05 -5.18814e-07 -3.18679e-21 -0.182731 1.44144
0.358039 -2.60167e-05 -4.22856e-07 -1.59379e-21 -0.18164 1.43025
0.371309 -2.57053e-05 -3.7148e-07 -1.59424e-21 -0.177442 1.42088
0.384579 -2.56658e-05 -3.23954e-07 3.18978e-21 -0.174847 1.41911
0.397849 -2.54455e-05 -2.52079e-07 -1.55736e-24 -0.174141 1.41232
0.41112 -2.51815e-05 -2.08769e-07 -7.96363e-22 -0.170667 1.40453
0.424391 -2.52669e-05 -1.71435e-07 -7.98004e-22 -0.168137 1.40656
0.437662 -2.50464e-05 -7.74891e-08 3.98839e-22 -0.169611 1.40002
0.450933 -2.46152e-05 -1.59289e-08 -9.97356e-23 -0.16568 1.38777
0.464205 -2.45539e-05 3.72347e-08 -1.21969e-41 -0.162423 1.38601
0.477476 -2.41983e-05 1.22182e-07 7.98147e-22 -0.161924 1.37601
0.490747 -2.38001e-05 1.58446e-07 -1.59674e-21 -0.155966 1.36486
0.504018 -2.38038e-05 1.93307e-07 -7.98477e-22 -0.15223 1.36525
0.517288 -2.36264e-05 2.5565e-07 -1.59709e-21 -0.1507 1.36058
0.530559 -2.32913e-05 3.0023e-07 2.94275e-38 -0.146888 1.35141
0.543829 -2.32553e-05 3.46663e-07 2.29589e-41 -0.14247 1.35097
0.557098 -2.28884e-05 4.33016e-07 1.59702e-21 -0.142091 1.34119
0.570366 -2.23536e-05 4.69213e-07 -3.19659e-21 -0.135055 1.32629
0.583634 -2.21928e-05 5.08757e-07 3.19804e-21 -0.129658 1.32244
0.596902 -2.18781e-05 5.56457e-07 -3.19777e-21 -0.125376 1.31415
0.610168 -2.15231e-05 5.83157e-07 -3.1985e-21 -0.118957 1.30453
0.623434 -2.13705e-05 6.15831e-07 -2.34044e-37 -0.112974 1.30105
0.636699 -2.1098e-05 6.70758e-07 -3.19793e-21 -0.108663 1.29423
0.649963 -2.05847e-05 7.17359e-07 -3.20031e-21 -0.102574 1.28006
0.663225 -2.00888e-05 7.52149e-07 -3.20289e-21 -0.0946519 1.26622
0.676485 -1.96525e-05 8.03236e-07 1.5637e-24 -0.0864587 1.25436
0.689744 -1.88087e-05 8.50575e-07 -3.1285e-24 -0.0786091 1.22954
0.702999 -1.7846e-05 8.48949e-07 -1.28203e-20 -0.0646757 1.1997
0.716253 -1.70223e-05 8.43387e-07 -6.41461e-21 -0.0509763 1.17365
0.729506 -1.60393e-05 7.95165e-07 -1.14794e-41 -0.035244 1.14082
0.74276 -1.53155e-05 7.16005e-07 -6.42567e-21 -0.0169253 1.11545
0.756015 -1.4799e-05 6.29711e-07 -2.73753e-28 -0.000811302 1.09657
0.769274 -1.43987e-05 5.28819e-07 3.21733e-21 0.0157661 1.08104
0.782536 -1.39292e-05 3.95606e-07 -3.2154e-21 0.0296881 1.06177
0.795802 -1.3992e-05 2.21724e-07 -3.21608e-21 0.0468083 1.06047
0.809072 -1.44722e-05 6.73376e-08 3.14076e-24 0.0554072 1.07434
0.822342 -1.48238e-05 -1.28248e-07 -6.28119e-24 0.0632544 1.082
0.835612 -1.53682e-05 -3.53322e-07 3.14015e-24 0.0678141 1.095
0.848876 -1.61869e-05 -6.19462e-07 3.21153e-21 0.0701916 1.11555
0.862131 -1.72896e-05 -9.28461e-07 3.1382e-24 0.0675198 1.14318
0.875375 -1.85141e-05 -1.278e-06 -6.42745e-21 0.0605408 1.17205
0.888602 -1.98623e-05 -1.66738e-06 3.13546e-24 0.0490677 1.20199
0.901811 -2.14499e-05 -2.1049e-06 -1.28385e-20 0.0334616 1.23599
0.914998 -2.31389e-05 -2.60553e-06 3.13159e-24 0.0114425 1.26927
0.92816 -2.5679e-05 -3.22208e-06 1.28089e-20 -0.0129103 1.32072
0.941292 -2.78971e-05 -3.99131e-06 -1.27948e-20 -0.0556978 1.35732
0.954401 -3.50851e-05 -4.86162e-06 6.24047e-24 -0.0821836 1.5078
0.967488 -3.01299e-05 -5.33071e-06 1.27244e-20 -0.231084 1.38211
0.98051 -7.08569e-05 -1.17364e-05 -1.85508e-36 -0.0636656 2.04297
0.993498 -6.34088e-05 7.87633e-06 6.07212e-21 -0.98662 2.30986
0.0145217 -0.00012875 -9.13541e-05 -9.12548e-22 -0.756856 4.30709
0.0152842 -0.000103795 -6.84007e-05 3.17634e-23 -0.68639 3.79295
0.0161528 -9.6636e-05 -6.08685e-05 -3.8216e-27 -0.682091 3.60851
0.0171419 -0.000105104 -6.2771e-05 -3.72245e-21 -0.735743 3.70814
0.01827 -0.000154045 -9.41733e-05 1.51873e-21 -0.729261 4.48046
0.0196355 -0.000162826 -7.39371e-05 -1.47638e-21 -1.2553 4.20584
0.0212977 -8.33962e-05 -1.94885e-05 2.93874e-39 -1.09299 2.8207
0.0232178 -4.40123e-05 -8.24193e-06 4.00849e-21 -0.861408 2.03234
0.0254199 -4.4187e-05 -6.95743e-06 5.21626e-38 -0.878721 1.97628
0.0279424 -1.64767e-05 3.08277e-07 3.64497e-21 -0.782532 1.17553
0.0307977 -7.81322e-06 1.59371e-06 1.45757e-26 -0.645851 0.809237
0.034013 -1.10745e-05 -1.47705e-08 9.33155e-27 -0.581726 0.961516
0.0376124 -1.32228e-05 -5.09785e-07 -2.09381e-23 -0.49691 1.05522
0.0416162 -2.07608e-05 -2.38792e-06 -4.77807e-21 -0.436192 1.3319
0.0460462 -2.6579e-05 -3.71209e-06 -4.32675e-21 -0.400435 1.51114
0.0509159 -2.79198e-05 -3.76934e-06 -3.95169e-21 -0.383245 1.54659
0.0562293 -2.88503e-05 -3.87894e-06 -1.42428e-23 -0.348809 1.57645
0.0620021 -3.42254e-05 -4.99939e-06 -6.55026e-24 -0.324402 1.72328
0.0683471 -3.37314e-05 -4.23379e-06 -6.08827e-21 -0.350309 1.70226
0.0752535 -3.08531e-05 -3.66051e-06 5.58992e-24 -0.311755 1.63198
0.0825844 -3.46666e-05 -4.36111e-06 5.42265e-21 -0.295225 1.73628
5.25652e-05 -9.4326e-07 -4.98202e-06 5.79092e-22 1.01894 0.668939
0.000157696 -1.91199e-06 -1.18453e-05 5.51013e-40 1.01682 1.0314
0.000262826 -3.03793e-06 -1.97462e-05 1.07209e-21 1.00559 1.32892
0.000380761 -5.16383e-06 -3.00206e-05 -1.01204e-21 0.990724 1.64915
0.000552073 -7.72333e-06 -3.43569e-05 -9.59531e-22 0.95814 1.79988
0.000763957 -8.86505e-06 -3.80954e-05 9.20965e-22 0.938995 1.89405
0.00097584 -1.1201e-05 -4.68586e-05 0 0.911495 2.1004
0.00118772 -1.37852e-05 -5.57772e-05 2.5116e-23 0.872039 2.29224
0.00139961 -2.07451e-05 -8.06651e-05 -7.36106e-22 0.837241 2.76279
0.00168626 -3.10827e-05 -8.53212e-05 -4.43597e-23 0.706266 2.96271
0.00208866 -3.19093e-05 -7.19091e-05 8.32403e-27 0.646676 2.77676
0.00253206 -3.1749e-05 -6.75839e-05 -1.45627e-21 0.63099 2.70947
0.00297546 -3.68066e-05 -7.65586e-05 1.40536e-21 0.586433 2.89857
0.00342695 -4.51065e-05 -9.0738e-05 1.28414e-21 0.528049 3.18179
0.00391987 -4.86586e-05 -8.77805e-05 -5.87747e-39 0.414493 3.18793
0.00444614 -4.8985e-05 -8.47667e-05 2.4724e-21 0.386211 3.16033
0.0049724 -5.7498e-05 -9.68798e-05 -1.43413e-26 0.333431 3.40502
0.00549867 -6.68802e-05 -0.000109608 3.17806e-23 0.236809 3.65164
0.00602493 -9.71316e-05 -0.0001582 -3.41865e-21 0.183499 4.42128
0.00665031 -0.000111866 -0.000141028 -2.69483e-23 -0.285762 4.35416
0.0073796 -8.24035e-05 -9.35804e-05 4.13027e-21 -0.152311 3.64771
0.00811367 -7.72404e-05 -8.22719e-05 0 -0.14992 3.49928
0.00884775 -8.78191e-05 -9.0193e-05 0 -0.203776 3.72987
0.00958889 -0.000110217 -0.000111258 0 -0.263857 4.19774
0.0103832 -0.000110859 -9.79267e-05 -2.89502e-23 -0.514152 4.04454
0.0112237 -8.55238e-05 -6.96019e-05 3.33795e-23 -0.430967 3.53164
0.0120641 -8.64084e-05 -6.74058e-05 2.13126e-21 -0.432553 3.56209
0.0129046 -9.68532e-05 -7.3354e-05 -1.90617e-21 -0.478242 3.7957
0.0137451 -0.000126348 -9.76161e-05 0 -0.496975 4.41208
5.52157e-05 -6.81638e-07 4.43201e-06 3.61579e-23 1.02009 0.608839
0.000164233 -1.00666e-06 1.13822e-05 -5.90852e-22 1.01374 1.04219
0.000270313 -1.88752e-06 1.8137e-05 1.10203e-39 1.00532 1.39643
0.000386882 -3.0283e-06 2.62932e-05 -4.4081e-39 0.990516 1.75699
0.000547574 -5.13562e-06 3.07691e-05 -9.26361e-22 0.967459 1.94631
0.000738656 -6.64132e-06 3.50497e-05 -8.46523e-22 0.94997 2.17566
0.000926325 -8.12005e-06 4.10766e-05 -7.5856e-22 0.927552 2.45581
0.00111064 -9.99341e-06 4.87846e-05 0 0.901146 2.78181
0.00129158 -1.27165e-05 5.70168e-05 -5.48265e-22 0.865629 3.11873
0.0014691 -1.52073e-05 7.54486e-05 5.73078e-27 0.829797 3.70832
0.00171893 -2.2561e-05 8.05053e-05 9.9295e-22 0.715662 3.66118
0.00205094 -2.50365e-05 6.93366e-05 1.46937e-38 0.693408 3.48116
0.00238716 -2.69056e-05 6.66596e-05 1.63939e-23 0.67452 3.52923
0.00271589 -2.97169e-05 7.06499e-05 -1.49651e-23 0.642815 3.73751
0.00303749 -3.33507e-05 7.66584e-05 4.39114e-22 0.603267 3.99692
0.00335213 -3.72922e-05 8.87147e-05 -4.03341e-22 0.560837 4.39152
0.003691 -4.1871e-05 9.32596e-05 -7.7254e-22 0.461893 4.3711
0.00405939 -4.33169e-05 8.61804e-05 -4.06934e-22 0.431772 4.28368
0.00442607 -4.52103e-05 8.44037e-05 -3.89823e-22 0.407429 4.34612
0.00478566 -4.83173e-05 8.76778e-05 -3.50439e-22 0.370486 4.52231
0.00513831 -5.23968e-05 9.34002e-05 3.20015e-22 0.324608 4.75658
0.00548413 -5.78401e-05 0.000101557 -9.28469e-24 0.269337 5.04831
0.00582327 -6.55298e-05 0.000111548 -5.11105e-22 0.19556 5.38832
0.00615741 -7.60713e-05 0.000138682 2.32099e-22 0.114542 6.0333
0.00654632 -9.86089e-05 0.000153046 -8.43264e-24 -0.185015 5.376
0.00698705 -9.53897e-05 0.000113855 1.04963e-23 -0.0908844 4.94124
0.00741862 -8.76377e-05 9.8639e-05 -3.70759e-22 -0.0593714 4.70223
0.00784123 -8.19346e-05 9.23989e-05 -6.11379e-24 -0.0682581 4.59893
0.00825506 -7.89379e-05 8.93414e-05 4.01615e-22 -0.0939973 4.57053
0.00866029 -8.04111e-05 8.93489e-05 -2.93874e-39 -0.122597 4.63998
0.00905711 -8.54791e-05 9.2854e-05 0 -0.157217 4.80056
0.00944567 -9.25037e-05 0.00010315 0 -0.200639 5.08238
0.00983852 -0.000100932 0.000114289 3.39636e-22 -0.299742 5.00524
0.0102516 -0.000109382 0.0001097 6.15038e-24 -0.370254 4.55713
0.0106724 -0.000101875 8.41629e-05 -4.71287e-22 -0.329801 4.24711
0.0110849 -9.23932e-05 7.40451e-05 5.21397e-22 -0.314392 4.03904
0.0114893 -8.4735e-05 6.87998e-05 5.53036e-22 -0.314944 3.90559
0.0118858 -7.99994e-05 6.54004e-05 5.62686e-22 -0.321629 3.82852
0.0122744 -7.84529e-05 6.41007e-05 1.78666e-23 -0.334333 3.81827
0.0126554 -8.0253e-05 6.47448e-05 2.68369e-22 -0.349303 3.87854
0.0130289 -8.45938e-05 6.71566e-05 5.26178e-22 -0.366016 3.99402
0.0133951 -9.10351e-05 7.16836e-05 8.81621e-39 -0.386192 4.15813
0.0137541 -9.89052e-05 8.06768e-05 -7.05592e-24 -0.412036 4.38808
0.0141115 -0.00010473 9.13296e-05 -2.29466e-22 -0.469998 4.32727
0.0144788 -0.000115379 9.2038e-05 5.49199e-22 -0.525429 3.86385
0.0148504 -0.000105365 6.59424e-05 -1.05335e-23 -0.501809 3.56948
0.0152152 -9.25949e-05 5.37109e-05 -3.90848e-22 -0.483511 3.31521
0.0155732 -8.14408e-05 4.72002e-05 4.57209e-22 -0.474175 3.11924
0.0159243 -7.3076e-05 4.26787e-05 -4.74513e-22 -0.468626 2.97073
0.016269 -6.73169e-05 3.94035e-05 1.51032e-23 -0.465095 2.86468
0.0166074 -6.36963e-05 3.72029e-05 9.83695e-22 -0.463561 2.79762
0.0169397 -6.20495e-05 3.57168e-05 5.09524e-22 -0.463751 2.7679
0.0172659 -6.40892e-05 3.57191e-05 9.99074e-22 -0.465004 2.8125
0.0175862 -6.78041e-05 3.71704e-05 -1.50288e-23 -0.46662 2.89586
0.0179008 -7.22448e-05 3.98258e-05 1.42954e-23 -0.469775 2.99967
0.0182096 -7.72612e-05 4.32245e-05 2.15662e-22 -0.47484 3.11622
0.0185127 -8.27469e-05 4.73324e-05 1.26448e-23 -0.482461 3.24421
0.0188104 -9.01395e-05 5.06379e-05 -1.18426e-23 -0.493247 3.40722
0.0191027 -0.00011531 4.44141e-05 1.60984e-22 -0.509311 3.72641
