1.33462
1.75408
1.90182
1.69091
1.70257
1.62953
1.57658
1.52386
1.49768
1.47608
1.45982
1.439
1.42197
1.40303
1.38464
1.36748
1.3485
1.33146
1.31266
1.29612
1.27805
1.26199
1.24429
1.22798
1.2109
1.19326
1.17663
1.15819
1.14104
1.12303
1.10366
1.0857
1.06638
1.04581
1.02823
1.00604
0.98335
0.967453
0.941523
0.915624
0.899705
0.871203
0.840902
0.821364
0.793233
0.758416
0.72729
0.705628
0.655535
0.604828
0.588629
0.526905
0.452606
0.404317
0.393258
0.341794
0.405021
0.421106
0.472233
0.557538
0.620685
0.636604
0.681338
0.744427
0.787087
0.803545
0.840418
0.899283
0.936965
0.949307
0.978109
1.0438
1.09037
1.09265
1.10606
1.17371
1.23657
1.22975
1.23974
1.27613
1.33339
1.35212
1.35122
1.35917
1.40823
1.45302
1.4432
1.4492
1.46972
1.51541
1.53982
1.53424
1.53861
1.5708
1.62094
1.63379
1.62813
1.63073
1.6692
1.72326
1.73005
1.72293
1.72362
1.75772
1.80996
1.81937
1.81039
1.80949
1.8328
1.88225
1.9031
1.89113
1.88887
1.89631
1.94176
1.97982
1.96425
1.96197
1.96267
1.98988
2.0274
2.03097
2.02556
2.02449
2.03071
2.06484
2.09414
2.08294
2.08173
2.08215
2.10317
2.14896
2.17059
2.15774
2.154
2.15396
2.19234
2.25568
2.2715
2.25419
2.24713
2.24519
2.28799
2.3572
2.37246
2.35278
2.34529
2.34131
2.36217
2.40636
2.42359
2.40921
2.40534
2.40284
2.40563
2.42047
2.43119
2.42485
2.42333
2.42046
2.42131
2.45871
2.50023
2.49294
2.4766
2.46359
2.45423
2.50391
2.68531
2.79517
2.70122
2.6666
2.63231
2.62563
2.78729
3.06078
3.13651
3.00862
2.94727
2.89121
2.87606
3.11257
3.40091
3.41389
3.28329
3.21614
3.14868
3.12205
3.30264
3.54159
3.55562
3.42277
3.35277
3.28723
3.26367
3.42638
3.78786
3.90838
3.69386
3.6118
3.53363
3.47527
3.5019
3.79418
3.97446
3.85442
3.74722
3.66718
3.60372
3.56129
3.61991
3.87246
3.96784
3.77804
3.70922
3.63663
3.58767
3.57804
3.67261
3.96674
4.05946
3.84699
3.77573
3.6986
3.6457
3.61615
3.66735
3.88013
3.98208
3.87653
3.78073
3.70973
3.65175
3.61143
3.6144
3.69663
3.88585
3.92296
3.75908
3.69835
3.63417
3.59136
3.5739
3.60729
3.7131
3.93528
3.97406
3.789
3.72725
3.65893
3.60909
3.57211
3.55988
3.59508
3.69903
3.76017
3.72368
3.638
3.58726
3.53901
3.50099
3.47549
3.47615
3.51134
3.59763
3.64687
3.61692
3.53872
3.49419
3.45345
3.42627
3.4203
3.44304
3.48617
3.57073
3.71768
3.7373
3.61153
3.5536
3.49738
3.45206
3.41305
3.3826
3.36356
3.36515
3.38842
3.43813
3.46618
3.44626
3.38466
3.35047
3.316
3.28869
3.26855
3.25894
3.26836
3.28725
3.31892
3.37221
3.44291
3.43929
3.34948
3.31806
3.28086
3.25341
3.23167
3.21787
3.21401
3.22377
3.24086
3.26701
3.30514
3.36037
3.40609
3.39653
3.33515
3.31537
3.29555
3.2867
3.28855
3.29917
3.31554
3.3382
3.36742
3.40363
3.44724
3.49864
3.55984
3.63356
3.69816
3.73476
3.77933
3.83778
3.90202
3.97312
4.04991
4.13196
4.21871
4.30968
4.40439
4.50256
4.6037
4.70656
4.80978
4.91269
5.01587
5.11423
5.17801
5.22332
1.72438
1.6633
1.67497
1.64368
1.60247
1.57671
1.53167
1.49899
1.49254
1.48419
1.47673
1.47103
1.47055
1.47373
1.47346
1.47474
1.46821
1.45488
1.44747
1.44144
1.43025
1.42088
1.41911
1.41232
1.40453
1.40656
1.40002
1.38777
1.38601
1.37601
1.36486
1.36525
1.36058
1.35141
1.35097
1.34119
1.32629
1.32244
1.31415
1.30453
1.30105
1.29423
1.28006
1.26622
1.25436
1.22954
1.1997
1.17365
1.14082
1.11545
1.09657
1.08104
1.06177
1.06047
1.07434
1.082
1.095
1.11555
1.14318
1.17205
1.20199
1.23599
1.26927
1.32072
1.35732
1.5078
1.38211
2.04297
2.30986
4.30709
3.79295
3.60851
3.70814
4.48046
4.20584
2.8207
2.03234
1.97628
1.17553
0.809237
0.961516
1.05522
1.3319
1.51114
1.54659
1.57645
1.72328
1.70226
1.63198
1.73628
0.668939
1.0314
1.32892
1.64915
1.79988
1.89405
2.1004
2.29224
2.76279
2.96271
2.77676
2.70947
2.89857
3.18179
3.18793
3.16033
3.40502
3.65164
4.42128
4.35416
3.64771
3.49928
3.72987
4.19774
4.04454
3.53164
3.56209
3.7957
4.41208
0.608839
1.04219
1.39643
1.75699
1.94631
2.17566
2.45581
2.78181
3.11873
3.70832
3.66118
3.48116
3.52923
3.73751
3.99692
4.39152
4.3711
4.28368
4.34612
4.52231
4.75658
5.04831
5.38832
6.0333
5.376
4.94124
4.70223
4.59893
4.57053
4.63998
4.80056
5.08238
5.00524
4.55713
4.24711
4.03904
3.90559
3.82852
3.81827
3.87854
3.99402
4.15813
4.38808
4.32727
3.86385
3.56948
3.31521
3.11924
2.97073
2.86468
2.79762
2.7679
2.8125
2.89586
2.99967
3.11622
3.24421
3.40722
3.72641
