/*--------------------------------*- C++ -*----------------------------------*\
| =========                 |                                                 |
| \\      /  F ield         | OpenFOAM: The Open Source CFD Toolbox           |
|  \\    /   O peration     | Version:  v2006                                 |
|   \\  /    A nd           | Website:  www.openfoam.com                      |
|    \\/     M anipulation  |                                                 |
\*---------------------------------------------------------------------------*/
FoamFile
{
    version     2.0;
    format      ascii;
    class       cellSet;
    location    "constant/polyMesh/sets";
    object      highAspectRatioCells;
}
// * * * * * * * * * * * * * * * * * * * * * * * * * * * * * * * * * * * * * //


457
(
34839
34840
34841
34842
34843
34844
34845
34846
26665
26666
26667
26668
26669
26670
30769
30770
30771
30772
30773
30774
30775
30776
30777
30778
30779
30780
31805
30781
31806
30782
31807
30783
31808
30784
31809
31810
31811
34913
34914
34915
34916
26724
34917
26725
34918
26726
34919
26727
34920
26728
34921
30843
30844
30845
30846
30847
30848
30849
30850
30851
30852
30853
30854
31879
30855
31880
30856
31881
30857
31882
31883
31884
26784
26785
26786
34987
34988
34989
34990
34991
34992
34993
34994
34995
34996
30917
30918
30919
30920
30921
30922
30923
30924
30925
30926
30927
30928
31953
30929
31954
30930
31955
30931
31956
31957
31958
26844
26845
35061
35062
35063
35064
35065
35066
35067
35068
35069
35070
30991
30992
30993
30994
30995
30996
30997
30998
30999
26903
31000
31001
31002
32027
31003
32028
31004
32029
32030
32031
35135
35136
35137
35138
35139
35140
35141
35142
35143
35144
35145
31065
31066
31067
31068
31069
31070
31071
31072
31073
31074
31075
31076
32101
31077
32102
32103
32104
35209
35210
35211
35212
35213
35214
35215
35216
35217
35218
35219
35220
31139
31140
31141
31142
31143
31144
31145
31146
31147
31148
31149
31150
32175
31151
32176
32177
32178
34247
35283
35284
35285
35286
35287
35288
35289
35290
35291
35292
35293
35294
35295
31213
31214
31215
31216
31217
31218
31219
31220
31221
31222
31223
31224
32249
32250
32251
34321
34322
29205
29206
29207
29208
29209
29210
29211
29212
35357
35358
35359
35360
35361
35362
35363
35364
35365
35366
35367
35368
35369
35370
29229
29230
29231
29232
29233
29234
31287
31288
31289
31290
31291
31292
31293
31294
31295
31296
31297
31298
32323
32324
29253
29254
29255
34395
34396
29277
35431
35432
35433
35434
35435
35436
35437
35438
35439
35440
35441
35442
35443
35444
35445
31361
31362
31363
31364
31365
31366
31367
31368
31369
31370
31371
34469
34470
34471
35505
35506
35507
35508
35509
35510
35511
35512
35513
35514
35515
35516
35517
35518
35519
35520
31435
31436
31437
31438
31439
31440
31441
31442
31443
31444
34543
34544
34545
34546
35579
35580
35581
35582
35583
35584
35585
35586
35587
35588
35589
35590
35591
35592
35593
35594
35595
31509
31510
31511
31512
31513
31514
31515
31516
31517
31518
34617
34618
34619
34620
34621
30525
30549
30550
30551
31583
31584
31585
31586
31587
31588
31589
31590
31591
30573
30574
30575
30576
30577
34691
34692
34693
30597
34694
30598
34695
30599
34696
30600
30601
30602
30603
30604
30621
30622
30623
30624
30625
30626
30627
30628
30629
30630
30631
30632
31657
30633
31658
30634
31659
30635
31660
30636
31661
30637
31662
31663
31664
34765
34766
34767
34768
34769
34770
34771
30695
30696
30697
30698
30699
30700
30701
30702
30703
30704
30705
26609
30706
26610
31731
30707
26611
31732
30708
31733
30709
31734
30710
31735
30711
31736
31737
31738
)


// ************************************************************************* //
