# ccx tau_xx tau_yy tau_zz cp yplus
0.996464 4.46696e-06 1.91912e-06 -2.49747e-20 -0.28063 1.53901
0.988953 5.03985e-06 1.75866e-06 3.46764e-20 -0.282431 1.82253
0.980947 5.13667e-06 1.27246e-06 1.82918e-20 -0.29754 1.85538
0.972985 4.1365e-06 1.13803e-06 -1.9221e-20 -0.296776 1.63523
0.965205 4.168e-06 1.172e-06 -1.9736e-20 -0.302845 1.60956
0.957562 3.80633e-06 1.05235e-06 2.02775e-20 -0.305494 1.51666
0.950013 3.59196e-06 9.61333e-07 1.00998e-23 -0.308764 1.45315
0.942557 3.46053e-06 9.11885e-07 -1.03117e-23 -0.311067 1.40472
0.935198 3.45295e-06 9.00335e-07 -8.60736e-28 -0.314057 1.38133
0.927925 3.47746e-06 8.98956e-07 2.78629e-37 -0.316827 1.3645
0.920729 3.50592e-06 8.84698e-07 1.76324e-38 -0.320101 1.35068
0.913605 3.51775e-06 8.72284e-07 1.11455e-20 -0.323155 1.33334
0.906551 3.5395e-06 8.62239e-07 -1.12777e-20 -0.326534 1.31823
0.899565 3.54766e-06 8.49629e-07 -1.14349e-20 -0.329844 1.30085
0.892647 3.55952e-06 8.44425e-07 1.1565e-20 -0.333358 1.28356
0.885793 3.57143e-06 8.3255e-07 5.87747e-39 -0.336898 1.2673
0.879002 3.57716e-06 8.25197e-07 5.87747e-39 -0.340622 1.24955
0.87227 3.59018e-06 8.11536e-07 -1.19013e-20 -0.344365 1.23419
0.865595 3.5973e-06 8.02839e-07 -2.35271e-23 -0.348333 1.21739
0.858974 3.60836e-06 7.85512e-07 1.21663e-20 -0.352312 1.2027
0.852405 3.6176e-06 7.77887e-07 1.22602e-20 -0.356531 1.18665
0.845887 3.62058e-06 7.5347e-07 -1.23742e-20 -0.360789 1.172
0.839418 3.62777e-06 7.47891e-07 -1.24957e-20 -0.365239 1.15587
0.833004 3.62731e-06 7.22266e-07 -2.47119e-23 -0.369805 1.14131
0.826639 3.63136e-06 7.13053e-07 2.40457e-27 -0.374508 1.12559
0.820321 3.62776e-06 6.94274e-07 -2.51423e-23 -0.379398 1.10995
0.814046 3.62625e-06 6.76694e-07 2.5352e-23 -0.384407 1.09478
0.807817 3.62262e-06 6.64786e-07 1.3075e-20 -0.389638 1.07848
0.801638 3.61194e-06 6.39318e-07 5.16848e-23 -0.395009 1.06334
0.795505 3.6078e-06 6.2629e-07 1.33086e-20 -0.400571 1.04739
0.789412 3.59143e-06 6.02731e-07 -1.34384e-20 -0.406367 1.03098
0.78336 3.57611e-06 5.75775e-07 -1.3552e-20 -0.412329 1.01532
0.777355 3.56539e-06 5.57276e-07 -1.36857e-20 -0.418568 0.999173
0.771393 3.52896e-06 5.22188e-07 -1.37856e-20 -0.425041 0.982224
0.765465 3.51346e-06 4.94346e-07 -1.38824e-20 -0.431707 0.96708
0.759579 3.4868e-06 4.70851e-07 5.47346e-23 -0.438791 0.949663
0.753736 3.42215e-06 4.25715e-07 -2.1872e-27 -0.446034 0.931322
0.747928 3.41387e-06 3.93244e-07 1.4167e-20 -0.45359 0.917774
0.742155 3.36119e-06 3.62128e-07 -5.87747e-39 -0.461638 0.897884
0.736423 3.27136e-06 3.08336e-07 -7.17894e-21 -0.469792 0.877364
0.73073 3.25139e-06 2.70322e-07 -5.68808e-23 -0.478385 0.863245
0.725066 3.17744e-06 2.34122e-07 7.32638e-21 -0.487482 0.841632
0.719444 3.05664e-06 1.78943e-07 7.34674e-21 -0.496756 0.817038
0.71386 2.99783e-06 1.30432e-07 1.16412e-22 -0.506486 0.799117
0.708306 2.90527e-06 8.39256e-08 7.43684e-21 -0.516742 0.775964
0.70279 2.76372e-06 2.46241e-08 5.53952e-37 -0.527365 0.748141
0.697313 2.61572e-06 -3.92418e-08 5.95365e-23 -0.53844 0.719619
0.691864 2.56083e-06 -9.16385e-08 -7.66536e-21 -0.54996 0.702531
0.686452 2.3504e-06 -1.49155e-07 -7.8622e-21 -0.562473 0.664595
0.681078 2.08391e-06 -2.48158e-07 -7.73372e-21 -0.574764 0.62056
0.675729 2.03713e-06 -2.96689e-07 7.34684e-39 -0.587992 0.605996
0.670419 1.78071e-06 -3.79751e-07 -1.39834e-39 -0.602101 0.560088
0.665144 1.42823e-06 -4.76701e-07 4.74101e-39 -0.616234 0.500153
0.659893 1.14e-06 -5.52809e-07 -6.26118e-23 -0.631097 0.447941
0.654679 1.08773e-06 -6.42091e-07 8.22619e-21 -0.64615 0.437305
0.649501 5.94832e-07 -7.43693e-07 -8.14054e-21 -0.663523 0.356768
0.644346 1.50909e-08 -8.86841e-07 -6.41083e-23 -0.678821 0.331057
0.639225 -8.2287e-08 -9.85181e-07 -3.58732e-43 -0.69624 0.347886
0.634137 -3.80607e-07 -1.10512e-06 -6.50226e-23 -0.713814 0.385296
0.629077 -9.65683e-07 -1.21633e-06 8.43517e-21 -0.732955 0.461599
0.62405 -1.52779e-06 -1.33562e-06 -6.58096e-23 -0.750682 0.535974
0.619051 -1.70615e-06 -1.44221e-06 6.60287e-23 -0.770102 0.557156
0.614082 -2.11269e-06 -1.56489e-06 -4.92812e-38 -0.790231 0.60175
0.609148 -2.77345e-06 -1.67779e-06 7.00246e-40 -0.811191 0.667546
0.604237 -3.33787e-06 -1.79429e-06 6.68862e-23 -0.831378 0.719022
0.599358 -3.61332e-06 -1.92008e-06 -6.74812e-23 -0.852921 0.739371
0.594514 -4.08709e-06 -2.06035e-06 -6.76437e-23 -0.875496 0.774777
0.589693 -4.92109e-06 -2.17693e-06 8.75264e-21 -0.898904 0.835345
0.584904 -5.6104e-06 -2.2975e-06 -9.84477e-38 -0.920979 0.881897
0.580143 -5.92774e-06 -2.43659e-06 -1.10203e-38 -0.94465 0.897242
0.575409 -6.38874e-06 -2.61096e-06 -4.34367e-21 -0.969367 0.92161
0.570708 -7.52939e-06 -2.71517e-06 -9.18559e-27 -0.996092 0.985853
0.566029 -8.56154e-06 -2.81783e-06 -8.98876e-27 -1.01888 1.0434
0.561379 -8.83191e-06 -2.95593e-06 -9.01683e-21 -1.04421 1.04986
0.556761 -9.10483e-06 -3.18152e-06 -7.01536e-23 -1.06991 1.05737
0.552166 -1.04778e-05 -3.26329e-06 1.40355e-22 -1.10077 1.11823
0.547601 -1.20354e-05 -3.31204e-06 -4.66022e-21 -1.12332 1.19367
0.54306 -1.21932e-05 -3.46018e-06 -4.39266e-21 -1.14959 1.19191
0.538546 -1.25718e-05 -3.65425e-06 -1.09214e-26 -1.17624 1.19996
0.534063 -1.34821e-05 -3.79694e-06 -1.43148e-22 -1.20653 1.23002
0.5296 -1.50675e-05 -3.82732e-06 7.16081e-23 -1.23399 1.29156
0.525167 -1.58873e-05 -3.91161e-06 7.22154e-23 -1.25943 1.31911
0.520762 -1.61863e-05 -4.06396e-06 4.56696e-21 -1.28678 1.32039
0.51638 -1.65033e-05 -4.30572e-06 9.33053e-21 -1.31542 1.32297
0.512028 -1.80058e-05 -4.33299e-06 -4.67811e-21 -1.34882 1.36747
0.507699 -1.9592e-05 -4.32729e-06 9.68251e-27 -1.37288 1.42302
0.503394 -1.97232e-05 -4.49592e-06 3.69146e-23 -1.40126 1.41678
0.499119 -2.01615e-05 -4.68297e-06 -3.71188e-23 -1.43003 1.42119
0.494866 -2.0917e-05 -4.8604e-06 4.76216e-21 -1.46208 1.43574
0.490641 -2.25983e-05 -4.84892e-06 -4.78729e-21 -1.49368 1.48218
0.486443 -2.37803e-05 -4.8836e-06 -3.74956e-23 -1.52008 1.51493
0.482265 -2.40208e-05 -5.06225e-06 -4.79258e-21 -1.54962 1.51132
0.478116 -2.43711e-05 -5.31595e-06 4.86521e-21 -1.58043 1.51147
0.473991 -2.56065e-05 -5.42246e-06 -3.52648e-38 -1.6162 1.53655
0.46989 -2.76875e-05 -5.32774e-06 -4.85115e-21 -1.64651 1.59176
0.465816 -2.86249e-05 -5.38074e-06 9.74144e-21 -1.67394 1.61244
0.461762 -2.88598e-05 -5.56643e-06 -4.89358e-21 -1.70398 1.60787
0.457735 -2.9117e-05 -5.86924e-06 3.88835e-23 -1.73598 1.60453
0.453735 -3.07005e-05 -5.90138e-06 -5.01303e-21 -1.77429 1.63461
0.449755 -3.31645e-05 -5.70259e-06 -1.08733e-37 -1.80307 1.69628
0.445801 -3.39428e-05 -5.76009e-06 2.50825e-21 -1.83009 1.71038
0.441868 -3.41231e-05 -5.95349e-06 2.55771e-21 -1.85977 1.70405
0.437961 -3.43295e-05 -6.26655e-06 2.54158e-21 -1.89184 1.69894
0.434081 -3.58701e-05 -6.29812e-06 2.50391e-21 -1.93043 1.72441
0.430219 -3.84699e-05 -6.04352e-06 -2.5044e-21 -1.95992 1.78327
0.426382 -3.94016e-05 -6.06456e-06 -1.21072e-26 -1.98598 1.80044
0.42257 -3.95299e-05 -6.25779e-06 2.53419e-21 -2.01538 1.79291
0.418779 -3.97462e-05 -6.53853e-06 -7.34684e-40 -2.04682 1.78772
0.415014 -4.08941e-05 -6.65635e-06 -6.13963e-38 -2.08406 1.80233
0.411271 -4.35195e-05 -6.36597e-06 -1.0359e-37 -2.11694 1.85404
0.407549 -4.50137e-05 -6.26691e-06 -2.61754e-21 -2.14072 1.88443
0.403853 -4.50487e-05 -6.45749e-06 2.6321e-21 -2.16939 1.87515
0.400175 -4.52997e-05 -6.67612e-06 -2.64446e-21 -2.19907 1.87049
0.396524 -4.5716e-05 -6.98456e-06 4.16992e-23 -2.23326 1.8695
0.392898 -4.82289e-05 -6.69868e-06 -6.76773e-27 -2.27221 1.91012
0.389289 -5.06427e-05 -6.41173e-06 -2.71261e-21 -2.29302 1.96045
0.385704 -5.04807e-05 -6.64266e-06 5.38532e-21 -2.32112 1.9479
0.382144 -5.08319e-05 -6.80701e-06 2.66326e-21 -2.34986 1.94511
0.378603 -5.10701e-05 -7.10785e-06 4.25745e-23 -2.38164 1.94056
0.375087 -5.27092e-05 -7.04894e-06 4.27062e-23 -2.41945 1.96111
0.371592 -5.51995e-05 -6.74973e-06 -8.5465e-23 -2.44667 2.00527
0.368117 -5.59737e-05 -6.79884e-06 -2.70963e-21 -2.47238 2.01425
0.364668 -5.62713e-05 -6.95288e-06 -6.94276e-38 -2.50098 2.01048
0.361237 -5.66087e-05 -7.15755e-06 -5.5659e-21 -2.53073 2.00755
0.35783 -5.70873e-05 -7.43555e-06 2.76147e-21 -2.56442 2.0073
0.354446 -5.93492e-05 -7.18806e-06 8.7685e-23 -2.60264 2.03756
0.35108 -6.16166e-05 -6.94292e-06 -4.39422e-23 -2.62505 2.07704
0.347737 -6.16295e-05 -7.16508e-06 2.83595e-21 -2.65401 2.06871
0.344419 -6.20767e-05 -7.31938e-06 -4.45436e-23 -2.68369 2.06757
0.341117 -6.22974e-05 -7.63205e-06 8.95362e-23 -2.71602 2.06302
0.337839 -6.3557e-05 -7.737e-06 -2.92862e-21 -2.75512 2.07504
0.334585 -6.67462e-05 -7.27565e-06 1.43931e-21 -2.78991 2.12271
0.331346 -6.8736e-05 -7.07683e-06 1.39802e-21 -2.81123 2.15541
0.328131 -6.86376e-05 -7.30614e-06 1.50146e-21 -2.83943 2.14593
0.32494 -6.8826e-05 -7.51314e-06 1.50929e-21 -2.86853 2.14098
0.321764 -6.87052e-05 -7.97185e-06 1.42622e-21 -2.90226 2.13179
0.318612 -7.08883e-05 -7.83734e-06 1.47722e-21 -2.94734 2.15683
0.315483 -7.55049e-05 -7.01798e-06 -4.59919e-23 -2.9762 2.22885
0.312369 -7.7213e-05 -6.82588e-06 4.61105e-23 -2.99236 2.25718
0.309278 -7.67583e-05 -7.07659e-06 -4.65287e-23 -3.01678 2.24345
0.30621 -7.66434e-05 -7.30505e-06 1.49807e-21 -3.04247 2.23477
0.303158 -7.62102e-05 -7.80851e-06 9.4246e-23 -3.07372 2.22199
0.300128 -7.86174e-05 -7.56759e-06 1.51097e-21 -3.11857 2.24911
0.297121 -8.39014e-05 -6.53527e-06 -1.55176e-21 -3.14285 2.32887
0.29413 -8.55938e-05 -6.29013e-06 1.50828e-21 -3.15249 2.35725
0.291159 -8.48205e-05 -6.56459e-06 -2.86986e-42 -3.17174 2.34046
0.288211 -8.47119e-05 -6.72116e-06 1.53222e-21 -3.1926 2.33282
0.285281 -8.44447e-05 -7.04304e-06 -3.56322e-38 -3.2171 2.32327
0.282371 -8.566e-05 -7.02852e-06 -1.49969e-21 -3.25031 2.33366
0.279482 -8.92119e-05 -6.37343e-06 -4.83854e-23 -3.2763 2.38104
0.276613 -9.10757e-05 -6.10965e-06 4.85175e-23 -3.28675 2.40881
0.27376 -9.05516e-05 -6.35085e-06 -5.15687e-27 -3.30552 2.39638
0.27093 -9.07419e-05 -6.44387e-06 -4.92405e-23 -3.32568 2.39337
0.268121 -9.09166e-05 -6.59332e-06 1.70068e-38 -3.34762 2.39022
0.265328 -9.1332e-05 -6.73867e-06 2.48707e-23 -3.37273 2.39027
0.262556 -9.28177e-05 -6.59709e-06 -2.49953e-23 -3.40059 2.40458
0.259805 -9.42329e-05 -6.50635e-06 -7.783e-22 -3.42007 2.42127
0.257072 -9.43388e-05 -6.68353e-06 -2.52321e-23 -3.44463 2.41743
0.254357 -9.4778e-05 -6.78322e-06 8.12201e-22 -3.47063 2.41783
0.251663 -9.48232e-05 -7.01519e-06 9.18355e-40 -3.498 2.41334
0.24899 -9.46238e-05 -7.43542e-06 -8.49483e-22 -3.53095 2.40606
0.246333 -9.74607e-05 -7.05563e-06 8.47374e-22 -3.57696 2.43623
0.243695 -0.000101838 -6.37306e-06 -1.61934e-21 -3.59764 2.49539
0.241078 -0.000102016 -6.54308e-06 -5.16473e-23 -3.61998 2.49693
0.238479 -0.00010152 -6.79801e-06 -8.05491e-22 -3.64977 2.48639
0.235897 -0.000100841 -7.10972e-06 -8.11063e-22 -3.68338 2.47366
0.233335 -9.85843e-05 -7.98831e-06 8.47138e-22 -3.7237 2.44207
0.230794 -9.9032e-05 -8.72728e-06 8.2278e-22 -3.79229 2.44404
0.228269 -0.000114222 -6.04359e-06 -2.57242e-23 -3.87877 2.62635
0.22576 -0.000126128 -2.80753e-06 -3.82527e-22 -3.83019 2.8038
0.223271 -0.000118799 -4.30235e-06 2.57236e-23 -3.84237 2.71847
0.220803 -0.000116513 -4.55971e-06 -2.60638e-23 -3.86073 2.68977
0.218351 -0.000112701 -5.37255e-06 2.63689e-23 -3.8881 2.64304
0.215915 -0.000107555 -6.92134e-06 -2.68078e-23 -3.93677 2.58051
0.2135 -0.000115332 -5.9157e-06 4.20632e-22 -4.04395 2.66928
0.211104 -0.000142112 4.59215e-07 -9.18355e-41 -4.08863 3.00164
0.208725 -0.000151601 3.43096e-06 -2.22411e-22 -3.98311 3.15475
0.206362 -0.000139003 1.31149e-06 -7.51984e-23 -3.9688 3.02113
0.204018 -0.000134437 9.23212e-07 -2.48243e-40 -3.96274 2.97197
0.201694 -0.00012736 -3.06306e-07 0 -3.96722 2.89312
0.199388 -0.000118852 -2.59921e-06 -4.92644e-46 -4.0014 2.79583
0.197098 -0.000132834 -2.38932e-07 3.58871e-28 -4.13379 2.95634
0.194825 -0.000164565 9.04145e-06 1.4628e-40 -4.10257 3.35275
0.192573 -0.000166848 1.10955e-05 1.01937e-38 -3.98489 3.42406
0.190342 -0.000154669 8.80995e-06 -7.84889e-22 -3.94019 3.30026
0.188127 -0.000148371 8.0933e-06 -1.83671e-39 -3.90969 3.23691
0.185929 -0.000140467 6.72416e-06 8.18105e-22 -3.89061 3.15324
0.183747 -0.000132014 4.69531e-06 -3.03057e-39 -3.89791 3.06033
0.181584 -0.000142052 6.45745e-06 2.54017e-23 -3.98727 3.17998
0.17944 -0.000168171 1.50117e-05 -2.4237e-23 -3.96148 3.50826
0.177317 -0.000170562 1.71727e-05 -7.93564e-22 -3.83996 3.57705
0.175211 -0.000157953 1.45883e-05 4.89727e-23 -3.79033 3.44824
0.173121 -0.000151142 1.36494e-05 -2.50732e-23 -3.75594 3.38028
0.171049 -0.00014287 1.21242e-05 8.46449e-22 -3.73432 3.29263
0.168995 -0.000132406 9.9665e-06 8.45343e-22 -3.73124 3.17522
0.166958 -0.000136158 1.08469e-05 -2.58638e-23 -3.79735 3.2278
0.164939 -0.00017235 2.12281e-05 -7.35634e-22 -3.87668 3.66819
0.162941 -0.000188762 2.86992e-05 1.82614e-26 -3.65756 3.91591
0.160964 -0.000167599 2.35401e-05 -2.37405e-23 -3.58674 3.69722
0.159003 -0.000159736 2.2425e-05 -2.20405e-39 -3.52024 3.62085
0.157059 -0.000151353 2.08102e-05 1.63475e-21 -3.48014 3.53432
0.155133 -0.000141539 1.87248e-05 -2.58254e-23 -3.44233 3.42667
0.153223 -0.000134744 1.73392e-05 -1.68004e-21 -3.4386 3.35276
0.151329 -0.000158437 2.41183e-05 -1.21618e-23 -3.54486 3.65196
0.149455 -0.000182787 3.36535e-05 1.18285e-23 -3.38782 3.98629
0.147602 -0.000169553 3.10878e-05 1.93888e-38 -3.28344 3.86162
0.145767 -0.000159436 2.89755e-05 0 -3.20659 3.75757
0.143949 -0.000151631 2.73775e-05 -7.34684e-40 -3.15001 3.67705
0.142147 -0.00014465 2.58324e-05 -1.64345e-21 -3.1068 3.60322
0.140361 -0.000136683 2.39998e-05 -8.72437e-39 -3.06883 3.51366
0.138591 -0.000134614 2.378e-05 -1.67049e-21 -3.05996 3.49943
0.136836 -0.000155557 3.05595e-05 1.57465e-21 -3.12133 3.7826
0.135101 -0.000168095 3.65636e-05 1.54572e-21 -2.95248 3.97776
0.133387 -0.000151555 3.19768e-05 2.20405e-39 -2.89417 3.78784
0.131688 -0.000145428 3.08082e-05 5.50903e-27 -2.83158 3.72503
0.130005 -0.000138451 2.91275e-05 1.68669e-21 -2.78937 3.64738
0.128337 -0.000132223 2.75546e-05 1.71366e-21 -2.75653 3.57659
0.126684 -0.000124926 2.58194e-05 -1.37292e-23 -2.72692 3.48839
0.125047 -0.000125025 2.6453e-05 -1.74665e-21 -2.72549 3.50422
0.123425 -0.000149331 3.44234e-05 1.60754e-21 -2.79174 3.85192
0.121824 -0.000162594 4.09553e-05 -2.29589e-41 -2.6183 4.05728
0.120245 -0.000145046 3.57641e-05 1.60404e-21 -2.56155 3.84381
0.11868 -0.000139185 3.45415e-05 1.30439e-23 -2.49739 3.78119
0.11713 -0.000132337 3.27489e-05 4.79505e-27 -2.45303 3.70095
0.115595 -0.000126784 3.12298e-05 1.36668e-23 -2.41685 3.63581
0.114074 -0.000120731 2.96983e-05 1.7762e-21 -2.38471 3.56124
0.112567 -0.000119053 2.99399e-05 -1.46937e-39 -2.36725 3.55201
0.111074 -0.000134296 3.51852e-05 -1.30711e-23 -2.4044 3.79139
0.109601 -0.000147843 4.10898e-05 1.29366e-23 -2.3059 4.00113
0.108148 -0.000138623 3.88385e-05 -1.65098e-21 -2.23248 3.88936
0.106711 -0.00013115 3.6828e-05 -1.33885e-23 -2.17598 3.79837
0.105288 -0.00012531 3.52347e-05 1.37265e-23 -2.12982 3.72766
0.103879 -0.000120253 3.3758e-05 1.78177e-21 -2.09262 3.66558
0.102483 -0.000115554 3.23097e-05 -2.20405e-38 -2.06257 3.60648
0.101102 -0.000111388 3.14206e-05 1.25351e-44 -2.03463 3.55554
0.0997335 -0.000113266 3.28565e-05 6.45225e-40 -2.02458 3.60258
0.0983793 -0.000127269 3.7891e-05 1.46937e-39 -2.03847 3.83623
0.0970442 -0.000133165 4.11773e-05 -1.73891e-21 -1.93465 3.93555
0.0957277 -0.000121732 3.74441e-05 -3.22962e-27 -1.89334 3.77589
0.0944247 -0.000117369 3.62824e-05 -3.04197e-27 -1.84802 3.72292
0.093135 -0.000112177 3.46953e-05 2.90751e-23 -1.81396 3.6536
0.0918585 -0.000107975 3.33779e-05 -2.97168e-23 -1.78616 3.59789
0.090595 -0.000104042 3.20907e-05 1.517e-23 -1.76427 3.54453
0.0893444 -0.000100859 3.14209e-05 -3.94182e-21 -1.74229 3.50446
0.0881066 -0.000104019 3.35936e-05 1.91028e-21 -1.73599 3.57763
0.0868819 -0.000120013 3.93144e-05 8.26519e-39 -1.75745 3.85847
0.0856765 -0.000127276 4.33951e-05 1.76802e-21 -1.65339 3.97386
0.0844901 -0.000115376 3.92811e-05 0 -1.61502 3.79674
0.0833163 -0.000111575 3.82315e-05 3.74743e-21 -1.57038 3.74928
0.0821551 -0.00010687 3.67028e-05 -5.87747e-39 -1.53663 3.68359
0.0810062 -0.000103328 3.55383e-05 -1.46937e-39 -1.50665 3.63571
0.0798696 -0.0001001 3.44618e-05 -9.9425e-22 -1.48208 3.59171
0.0787456 -9.75976e-05 3.37527e-05 1.00946e-21 -1.45914 3.56027
0.0776339 -9.74936e-05 3.42656e-05 0 -1.44087 3.57413
0.076534 -0.000103443 3.67377e-05 7.52707e-24 -1.43774 3.6969
0.0754486 -0.000109903 3.97487e-05 9.47076e-22 -1.4004 3.81595
0.0743796 -0.000107066 3.91626e-05 9.58702e-22 -1.35384 3.77164
0.0733245 -0.000101923 3.73984e-05 0 -1.32189 3.69351
0.0722813 -9.86686e-05 3.631e-05 -1.00322e-21 -1.29213 3.64765
0.0712496 -9.55194e-05 3.52213e-05 -1.17549e-38 -1.26693 3.60201
0.0702299 -9.2841e-05 3.42925e-05 -2.93874e-39 -1.24505 3.56379
0.0692221 -9.05917e-05 3.35161e-05 1.05476e-21 -1.22645 3.53273
0.0682258 -8.90418e-05 3.31138e-05 -8.32285e-24 -1.20887 3.5154
0.0672406 -8.94593e-05 3.37752e-05 1.06942e-21 -1.19427 3.53868
0.0662664 -9.40709e-05 3.59117e-05 -1.59129e-23 -1.18891 3.64338
0.0653051 -9.89898e-05 3.80969e-05 7.89911e-24 -1.16112 3.73889
0.0643589 -9.68525e-05 3.75698e-05 -3.96953e-24 -1.1256 3.70064
0.0634263 -9.25302e-05 3.6016e-05 1.04884e-21 -1.10135 3.62965
0.0625051 -8.974e-05 3.50234e-05 2.02438e-28 -1.07862 3.58694
0.0615946 -8.69492e-05 3.4004e-05 -4.22554e-24 -1.05954 3.54271
0.0606948 -8.4548e-05 3.31329e-05 -1.10022e-21 -1.04311 3.50511
0.059806 -8.2637e-05 3.24278e-05 2.23514e-21 -1.02978 3.47653
0.0589284 -8.1448e-05 3.20438e-05 -5.87747e-39 -1.0179 3.46293
0.0580612 -8.12738e-05 3.23875e-05 0 -1.00469 3.47329
0.0572041 -8.44582e-05 3.46235e-05 2.15942e-21 -0.997378 3.55831
0.0563571 -9.32456e-05 3.82447e-05 3.97134e-24 -1.00132 3.75089
0.0555254 -9.81356e-05 4.07341e-05 1.01496e-21 -0.953007 3.82583
0.0547095 -9.19528e-05 3.84032e-05 4.08097e-24 -0.929123 3.71182
0.0539039 -8.93851e-05 3.75022e-05 0 -0.903412 3.67216
0.0531088 -8.65056e-05 3.64203e-05 -1.08967e-21 -0.882589 3.62469
0.0523243 -8.43144e-05 3.55864e-05 2.08732e-28 -0.863428 3.59009
0.0515495 -8.22984e-05 3.48275e-05 -2.20015e-24 -0.846555 3.55833
0.0507845 -8.06498e-05 3.42266e-05 -1.54972e-40 -0.831455 3.53375
0.0500297 -7.94057e-05 3.38092e-05 1.68059e-38 -0.817866 3.51758
0.0492846 -7.87151e-05 3.36894e-05 -5.60519e-45 -0.80465 3.5139
0.0485486 -7.90833e-05 3.41942e-05 1.81859e-27 -0.792741 3.53506
0.0478224 -8.13303e-05 3.54427e-05 6.4796e-42 -0.784605 3.59742
0.0471069 -8.38679e-05 3.66095e-05 2.93874e-39 -0.76847 3.65329
0.0464028 -8.29074e-05 3.62425e-05 -5.61858e-22 -0.746337 3.63005
0.04571 -8.00779e-05 3.51276e-05 5.71808e-22 -0.730861 3.57832
0.0450268 -7.83469e-05 3.44479e-05 1.13678e-24 -0.715623 3.54994
0.044353 -7.65511e-05 3.37301e-05 5.91806e-22 -0.702443 3.51932
0.0436888 -7.50207e-05 3.31211e-05 -1.16893e-24 -0.690456 3.49401
0.0430334 -7.36429e-05 3.25899e-05 -6.06271e-22 -0.67974 3.47175
0.0423874 -7.25575e-05 3.2199e-05 -2.90938e-29 -0.670165 3.45596
0.0417503 -7.18998e-05 3.19829e-05 -1.23245e-21 -0.661486 3.44996
0.041122 -7.17173e-05 3.20579e-05 6.14984e-22 -0.65298 3.45608
0.0405026 -7.21917e-05 3.2643e-05 0 -0.644051 3.4799
0.0398915 -7.4246e-05 3.40267e-05 -1.40922e-25 -0.63787 3.54182
0.0392892 -7.79253e-05 3.56573e-05 1.40795e-25 -0.633677 3.63621
0.038698 -7.93711e-05 3.6223e-05 -2.93874e-39 -0.610171 3.64813
0.0381179 -7.56343e-05 3.47435e-05 5.94267e-22 -0.599168 3.57158
0.0375467 -7.42343e-05 3.41842e-05 -6.05254e-22 -0.585907 3.54781
0.0369841 -7.233e-05 3.34012e-05 3.00201e-25 -0.575361 3.51165
0.03643 -7.08772e-05 3.27973e-05 1.43493e-42 -0.565469 3.48533
0.0358843 -6.94871e-05 3.22253e-05 6.17287e-25 -0.556783 3.46004
0.0353468 -6.83155e-05 3.17546e-05 2.47586e-29 -0.548935 3.43964
0.0348174 -6.73671e-05 3.13874e-05 -6.30905e-25 -0.541865 3.42445
0.0342961 -6.67335e-05 3.11791e-05 6.50876e-22 -0.535398 3.41715
0.0337826 -6.64788e-05 3.11902e-05 -6.51183e-22 -0.529343 3.41989
0.0332769 -6.66385e-05 3.14935e-05 1.29515e-21 -0.523112 3.43429
0.0327788 -6.74506e-05 3.22623e-05 -1.24551e-24 -0.517016 3.46682
0.0322883 -6.94331e-05 3.35069e-05 1.21895e-24 -0.512976 3.52804
0.0318057 -7.18773e-05 3.45646e-05 -3.09096e-22 -0.506648 3.58852
0.0313329 -7.19713e-05 3.44583e-05 0 -0.49133 3.57133
0.0308698 -6.89792e-05 3.32422e-05 6.34295e-22 -0.483139 3.5056
0.0304141 -6.74503e-05 3.25895e-05 1.26574e-24 -0.473858 3.47483
0.029966 -6.56199e-05 3.17937e-05 -3.31361e-22 -0.466455 3.43584
0.0295256 -6.41196e-05 3.11255e-05 1.31125e-24 -0.459613 3.40426
0.0290923 -6.26625e-05 3.0475e-05 3.41051e-22 -0.45369 3.37316
0.0286663 -6.13508e-05 2.98862e-05 -3.47645e-22 -0.44846 3.34521
0.0282475 -6.0163e-05 2.9339e-05 1.3718e-24 -0.443875 3.31989
0.0278355 -5.91116e-05 2.88642e-05 1.3892e-24 -0.439854 3.29797
0.0274304 -5.82252e-05 2.84891e-05 -1.40474e-24 -0.436331 3.28051
0.0270321 -5.75448e-05 2.82405e-05 -3.80543e-39 -0.433223 3.26887
0.0266404 -5.70924e-05 2.8133e-05 5.60519e-45 -0.430319 3.26389
0.0262551 -5.68828e-05 2.82114e-05 -6.61935e-29 -0.427423 3.26654
0.0258764 -5.70579e-05 2.85497e-05 -3.64462e-22 -0.424898 3.28073
0.025504 -5.7816e-05 2.90544e-05 1.40316e-24 -0.423201 3.31007
0.0251381 -5.86715e-05 2.9306e-05 3.59522e-22 -0.419637 3.33057
0.0247799 -5.82109e-05 2.89391e-05 0 -0.41428 3.30754
0.0244292 -5.65973e-05 2.82859e-05 -1.43809e-24 -0.41153 3.26888
0.024085 -5.57451e-05 2.79603e-05 -3.71715e-22 -0.408471 3.25134
0.0237473 -5.49461e-05 2.76941e-05 1.87084e-22 -0.406132 3.23569
0.0234158 -5.45313e-05 2.76285e-05 2.96583e-24 -0.403892 3.23112
0.0230904 -5.44059e-05 2.77235e-05 -2.96179e-24 -0.40186 3.23523
0.0227712 -5.46196e-05 2.8006e-05 1.47081e-24 -0.39987 3.24957
0.0224578 -5.51906e-05 2.85044e-05 0 -0.397827 3.27491
0.0221503 -5.61568e-05 2.92467e-05 3.66115e-22 -0.39561 3.31235
0.0218485 -5.7548e-05 3.02627e-05 -3.5753e-22 -0.393089 3.36265
0.0215524 -5.93981e-05 3.15907e-05 1.73195e-22 -0.39015 3.4266
0.0212618 -6.17688e-05 3.3266e-05 -1.67761e-22 -0.386803 3.50528
0.0209767 -6.47029e-05 3.52766e-05 6.26364e-25 -0.383006 3.59876
0.0206968 -6.80793e-05 3.75875e-05 1.5314e-22 -0.378019 3.70331
0.0204222 -7.18705e-05 4.0323e-05 2.90982e-22 -0.37155 3.81781
0.0201527 -7.68849e-05 4.3416e-05 2.69937e-25 -0.36757 3.95497
0.0198881 -8.29796e-05 4.54494e-05 -1.03501e-26 -0.367219 4.10261
0.0196285 -8.45929e-05 4.66436e-05 -1.25253e-22 -0.336639 4.15972
0.0193737 -8.5222e-05 5.27816e-05 5.77529e-26 -0.282222 4.21571
0.0929482 -3.86509e-05 -3.98749e-06 -1.10203e-39 -0.352808 1.82078
0.106153 -3.56379e-05 -3.32519e-06 -3.07049e-24 -0.298932 1.74022
0.119369 -3.6575e-05 -3.18401e-06 3.07432e-24 -0.303588 1.75457
0.132598 -3.5055e-05 -2.49603e-06 -6.30435e-21 -0.303779 1.70703
0.145838 -3.33771e-05 -2.04848e-06 4.44116e-37 -0.285215 1.65819
0.159087 -3.24052e-05 -1.68619e-06 -3.08872e-24 -0.273875 1.62712
0.172342 -3.06557e-05 -1.27724e-06 -6.33186e-21 -0.260186 1.57643
0.185602 -2.95431e-05 -1.13106e-06 3.16889e-21 -0.234948 1.5447
0.198862 -2.94113e-05 -1.09878e-06 3.17735e-21 -0.223172 1.53912
0.212124 -2.90598e-05 -1.04489e-06 -3.17589e-21 -0.213505 1.52796
0.225387 -2.87339e-05 -1.0062e-06 -3.10303e-24 -0.204911 1.51772
0.23865 -2.85238e-05 -9.89282e-07 -3.17866e-21 -0.198308 1.51076
0.251913 -2.85285e-05 -1.00286e-06 1.55239e-24 -0.193472 1.50975
0.265176 -2.86461e-05 -1.00354e-06 3.18132e-21 -0.192547 1.51154
0.278439 -2.86338e-05 -9.72109e-07 3.18009e-21 -0.193061 1.50969
0.291703 -2.86755e-05 -9.27894e-07 -6.3609e-21 -0.193502 1.5092
0.304968 -2.83924e-05 -8.07393e-07 -6.97797e-30 -0.196537 1.49972
0.318235 -2.79039e-05 -6.98121e-07 -3.18217e-21 -0.193613 1.48513
0.331502 -2.76964e-05 -6.22934e-07 3.1831e-21 -0.191566 1.47824
0.34477 -2.74864e-05 -5.39998e-07 -3.18382e-21 -0.19035 1.47136
0.358039 -2.70646e-05 -4.39841e-07 -1.59237e-21 -0.188538 1.45884
0.371309 -2.67724e-05 -3.872e-07 -1.59286e-21 -0.183904 1.45015
0.384579 -2.67361e-05 -3.38667e-07 3.18702e-21 -0.182067 1.44846
0.397849 -2.64594e-05 -2.61809e-07 -1.55605e-24 -0.181237 1.44025
0.41112 -2.62122e-05 -2.1764e-07 -7.95714e-22 -0.177362 1.43305
0.424391 -2.63044e-05 -1.78941e-07 -7.97346e-22 -0.175946 1.4352
0.437662 -2.59906e-05 -8.02025e-08 3.98523e-22 -0.177217 1.42622
0.450933 -2.55493e-05 -1.61176e-08 -9.96606e-23 -0.172128 1.41391
0.464205 -2.55006e-05 3.85427e-08 -2.51113e-42 -0.169487 1.41253
0.477476 -2.50823e-05 1.26599e-07 7.97563e-22 -0.168489 1.40098
0.490747 -2.47114e-05 1.6481e-07 -1.5956e-21 -0.161722 1.3908
0.504018 -2.47543e-05 2.01227e-07 -7.97893e-22 -0.159028 1.39229
0.517288 -2.45213e-05 2.65176e-07 -1.59594e-21 -0.157657 1.38616
0.530559 -2.41833e-05 3.12039e-07 -5.53883e-39 -0.153241 1.37709
0.543829 -2.41483e-05 3.60019e-07 5.73972e-41 -0.149527 1.37671
0.557098 -2.36975e-05 4.47541e-07 1.59594e-21 -0.148639 1.36473
0.570366 -2.31695e-05 4.864e-07 -3.19454e-21 -0.140356 1.35033
0.583634 -2.30503e-05 5.29003e-07 3.19593e-21 -0.135531 1.3478
0.596902 -2.27062e-05 5.77517e-07 -3.19568e-21 -0.131197 1.33884
0.610168 -2.23603e-05 6.06539e-07 -3.19644e-21 -0.124402 1.32971
0.623434 -2.22286e-05 6.41531e-07 -3.03724e-37 -0.118975 1.32696
0.636699 -2.19037e-05 6.95921e-07 -3.19587e-21 -0.114739 1.31875
0.649963 -2.13445e-05 7.42965e-07 -3.19835e-21 -0.107756 1.30351
0.663225 -2.08591e-05 7.80989e-07 -3.20096e-21 -0.0992853 1.29031
0.676485 -2.03801e-05 8.31475e-07 1.56278e-24 -0.0909313 1.27741
0.689744 -1.94388e-05 8.75634e-07 -3.12679e-24 -0.0815255 1.25
0.702999 -1.8455e-05 8.75586e-07 -1.28139e-20 -0.0657598 1.22005
0.716253 -1.76266e-05 8.71643e-07 -6.41148e-21 -0.0511763 1.19435
0.729506 -1.66277e-05 8.23434e-07 7.17465e-43 -0.0341438 1.16161
0.74276 -1.59357e-05 7.46919e-07 -6.42277e-21 -0.0152496 1.13787
0.756015 -1.54467e-05 6.60554e-07 -2.70576e-28 0.000715227 1.12037
0.769274 -1.50284e-05 5.54614e-07 3.21589e-21 0.017081 1.10448
0.782536 -1.45863e-05 4.201e-07 -3.21401e-21 0.0311626 1.08657
0.795802 -1.47633e-05 2.45675e-07 -3.21445e-21 0.0469871 1.08936
0.809072 -1.52874e-05 8.20922e-08 3.13917e-24 0.053186 1.10422
0.822342 -1.55859e-05 -1.26678e-07 -6.27806e-24 0.0595781 1.10949
0.835612 -1.62026e-05 -3.6598e-07 3.13844e-24 0.0630771 1.12436
0.848876 -1.71318e-05 -6.38206e-07 3.20968e-21 0.0622985 1.14765
0.862131 -1.82305e-05 -9.63359e-07 3.13638e-24 0.0566892 1.17386
0.875375 -1.951e-05 -1.32918e-06 -6.42347e-21 0.0470603 1.20313
0.888602 -2.09069e-05 -1.73598e-06 3.1334e-24 0.0319991 1.23314
0.901811 -2.26385e-05 -2.19613e-06 -1.28293e-20 0.0131355 1.2697
0.914998 -2.43368e-05 -2.71314e-06 3.12913e-24 -0.0144577 1.3016
0.92816 -2.72843e-05 -3.37261e-06 1.27968e-20 -0.0426503 1.36118
0.941292 -2.96208e-05 -4.14933e-06 -1.27808e-20 -0.0977779 1.39824
0.954401 -3.72257e-05 -5.13376e-06 6.23445e-24 -0.136653 1.55292
0.967488 -3.13821e-05 -5.32268e-06 1.27185e-20 -0.289718 1.40963
0.98051 -6.86554e-05 -1.11106e-05 -1.1619e-36 -0.172674 2.00981
0.993498 -5.61377e-05 6.42643e-06 6.05653e-21 -1.06909 2.17271
0.0145217 -0.00011815 -8.61742e-05 -9.3731e-22 -0.903035 4.14597
0.0152842 -8.84465e-05 -5.63238e-05 3.42588e-23 -0.79929 3.48602
0.0161528 -8.96304e-05 -5.41982e-05 -7.17896e-27 -0.806428 3.45522
0.0171419 -0.000103185 -6.05741e-05 -3.67545e-21 -0.882871 3.66455
0.01827 -0.000158416 -9.96094e-05 1.55109e-21 -0.945487 4.55867
0.0196355 -0.000133979 -6.34238e-05 -1.51224e-21 -1.47777 3.8289
0.0212977 -1.91146e-05 1.76864e-06 -5.87747e-39 -1.17391 1.30936
0.0232178 -1.76794e-05 -2.46318e-07 4.49788e-21 -0.936837 1.26883
0.0254199 -2.27798e-05 -4.24914e-06 3.89383e-38 -0.957084 1.42339
0.0279424 5.64757e-06 4.98238e-06 3.77001e-21 -0.840904 0.77342
0.0307977 -3.65707e-07 3.44475e-06 1.75664e-26 -0.676682 0.465245
0.034013 -1.35587e-05 -8.00515e-08 1.11507e-26 -0.590626 1.06368
0.0376124 -2.13273e-05 -1.76767e-06 -2.02374e-23 -0.492986 1.34379
0.0416162 -3.09871e-05 -4.20638e-06 -4.63686e-21 -0.440213 1.63027
0.0460462 -3.67831e-05 -5.41596e-06 -4.22368e-21 -0.413652 1.77942
0.0509159 -3.70209e-05 -5.11264e-06 -3.87594e-21 -0.396459 1.78192
0.0562293 -3.72486e-05 -5.17246e-06 -1.40137e-23 -0.359636 1.7924
0.0620021 -4.20596e-05 -6.23143e-06 -6.46616e-24 -0.347884 1.91117
0.0683471 -3.97889e-05 -4.90579e-06 -6.02069e-21 -0.375145 1.84898
0.0752535 -3.63888e-05 -4.33976e-06 5.5396e-24 -0.322379 1.77284
0.0825844 -4.03512e-05 -5.13231e-06 5.38124e-21 -0.319223 1.87376
5.25652e-05 -1.8788e-06 -1.17371e-05 5.56438e-22 0.997859 1.02897
0.000157696 -2.74908e-06 -1.79097e-05 -1.83671e-40 0.989985 1.26748
0.000262826 -3.99103e-06 -2.58916e-05 1.03398e-21 0.971644 1.5215
0.000380761 -6.20722e-06 -3.61555e-05 -9.78807e-22 0.947617 1.80952
0.000552073 -9.03996e-06 -4.00757e-05 -9.31979e-22 0.908397 1.94388
0.000763957 -1.00368e-05 -4.30376e-05 8.94538e-22 0.887149 2.01304
0.00097584 -1.26066e-05 -5.22916e-05 -1.46937e-39 0.850897 2.2191
0.00118772 -1.54328e-05 -6.15096e-05 2.44037e-23 0.800468 2.40744
0.00139961 -2.17663e-05 -8.6452e-05 -7.19886e-22 0.74404 2.85748
0.00168626 -3.20747e-05 -9.02001e-05 -4.32854e-23 0.603442 3.04142
0.00208866 -3.15812e-05 -7.07725e-05 4.77972e-27 0.567447 2.75631
0.00253206 -3.22554e-05 -6.74319e-05 -1.44741e-21 0.556551 2.71048
0.00297546 -3.80931e-05 -7.82883e-05 1.38482e-21 0.496352 2.93374
0.00342695 -4.71304e-05 -9.44234e-05 1.26698e-21 0.421418 3.24614
0.00391987 -4.99751e-05 -9.03831e-05 0 0.309966 3.23325
0.00444614 -4.93884e-05 -8.51187e-05 2.4643e-21 0.290606 3.16795
0.0049724 -5.79888e-05 -9.76651e-05 -9.5704e-27 0.222152 3.41835
0.00549867 -6.71746e-05 -0.000109154 3.15426e-23 0.0997771 3.64664
0.00602493 -9.67821e-05 -0.000161429 -3.5263e-21 -0.0131165 4.44954
0.00665031 -9.82215e-05 -0.000126049 -2.77942e-23 -0.439314 4.10585
0.0073796 -6.4151e-05 -6.66624e-05 4.66072e-21 -0.238331 3.145
0.00811367 -6.84962e-05 -6.83536e-05 1.17549e-38 -0.249886 3.23824
0.00884775 -8.41857e-05 -8.42839e-05 0 -0.328316 3.62631
0.00958889 -0.0001105 -0.000112985 0 -0.412996 4.21489
0.0103832 -9.94299e-05 -8.96273e-05 -2.96669e-23 -0.646169 3.84854
0.0112237 -7.19188e-05 -5.57682e-05 3.63748e-23 -0.520542 3.20992
0.0120641 -7.8763e-05 -5.95217e-05 2.22609e-21 -0.535391 3.37985
0.0129046 -9.18254e-05 -6.86345e-05 -1.93464e-21 -0.603232 3.68569
0.0137451 -0.000124564 -9.78447e-05 2.93874e-39 -0.654601 4.39303
5.52157e-05 -6.01835e-07 -2.70888e-06 3.58303e-23 1.00935 0.4774
0.000164233 -6.41668e-07 7.07861e-06 -6.13052e-22 1.00459 0.820525
0.000270313 -1.39878e-06 1.38574e-05 1.10203e-39 0.997534 1.21997
0.000386882 -2.45911e-06 2.18348e-05 7.34684e-40 0.983544 1.60088
0.000547574 -4.41951e-06 2.67767e-05 -9.65516e-22 0.963153 1.81509
0.000738656 -5.71532e-06 3.10881e-05 -8.85385e-22 0.946178 2.04761
0.000926325 -6.96043e-06 3.68154e-05 -7.97009e-22 0.923028 2.32256
0.00111064 -8.47557e-06 4.41897e-05 -1.65304e-39 0.895681 2.64419
0.00129158 -1.13243e-05 5.13254e-05 -5.75738e-22 0.858771 2.9565
0.0014691 -1.28129e-05 7.05898e-05 4.76055e-27 0.816178 3.57945
0.00171893 -1.98307e-05 7.29082e-05 1.04775e-21 0.718035 3.4822
0.00205094 -2.28118e-05 6.18987e-05 2.05712e-38 0.710317 3.29416
0.00238716 -2.47591e-05 6.05864e-05 1.73085e-23 0.687738 3.36695
0.00271589 -2.7547e-05 6.58409e-05 -1.57164e-23 0.651339 3.60611
0.00303749 -3.1149e-05 7.18419e-05 4.55858e-22 0.60795 3.86665
0.00335213 -3.49117e-05 8.48876e-05 -4.191e-22 0.558838 4.28782
0.003691 -3.89342e-05 8.89576e-05 -8.01577e-22 0.473683 4.25993
0.00405939 -4.0612e-05 8.1957e-05 -4.23223e-22 0.452305 4.17205
0.00442607 -4.21837e-05 7.97171e-05 -4.06678e-22 0.425939 4.2178
0.00478566 -4.51469e-05 8.29862e-05 -3.65451e-22 0.382756 4.39217
0.00513831 -4.92714e-05 8.87952e-05 3.32391e-22 0.332182 4.63039
0.00548413 -5.45366e-05 9.7608e-05 -9.63961e-24 0.274039 4.93773
0.00582327 -6.15978e-05 0.000106087 -5.25915e-22 0.191877 5.24579
0.00615741 -7.02751e-05 0.000134584 2.47701e-22 0.0971418 5.90124
0.00654632 -7.61621e-05 0.000137767 -8.94173e-24 -0.136655 4.99025
0.00698705 -6.76731e-05 8.89648e-05 1.21002e-23 -0.0415956 4.29746
0.00741862 -6.0217e-05 6.88701e-05 -4.63627e-22 -0.0307803 3.92091
0.00784123 -5.92497e-05 6.52201e-05 -7.86457e-24 -0.0592805 3.88936
0.00825506 -6.32207e-05 6.62997e-05 4.86913e-22 -0.0793045 4.01046
0.00866029 -6.9298e-05 7.13768e-05 0 -0.0983752 4.22079
0.00905711 -7.63744e-05 7.88611e-05 0 -0.130571 4.47433
0.00944567 -8.49046e-05 9.18497e-05 2.93874e-39 -0.174638 4.82229
0.00983852 -9.07592e-05 0.000106653 3.66613e-22 -0.253862 4.79096
0.0102516 -8.27501e-05 9.19275e-05 6.82922e-24 -0.310626 4.06983
0.0106724 -6.81995e-05 6.02876e-05 -5.7259e-22 -0.289502 3.53142
0.0110849 -6.04192e-05 4.82091e-05 6.796e-22 -0.29338 3.26942
0.0114893 -5.79038e-05 4.4124e-05 7.39047e-22 -0.302984 3.19532
0.0118858 -5.97532e-05 4.32346e-05 7.24687e-22 -0.303145 3.23803
0.0122744 -6.39833e-05 4.61253e-05 2.15757e-23 -0.305906 3.36846
0.0126554 -6.88296e-05 5.08765e-05 3.09209e-22 -0.312011 3.53042
0.0130289 -7.39419e-05 5.65759e-05 5.87945e-22 -0.323121 3.70507
0.0133951 -7.97113e-05 6.24441e-05 -5.87747e-39 -0.341282 3.88656
0.0137541 -8.69803e-05 7.05481e-05 -7.73119e-24 -0.366457 4.10858
0.0141115 -9.27226e-05 8.44152e-05 -2.51054e-22 -0.406609 4.1039
0.0144788 -8.37908e-05 7.64649e-05 6.14709e-22 -0.452272 3.3785
0.0148504 -6.41613e-05 4.62445e-05 -1.27521e-23 -0.444779 2.85057
0.0152152 -5.30368e-05 3.24349e-05 -5.07247e-22 -0.447885 2.5311
0.0155732 -4.77273e-05 2.58627e-05 6.23662e-22 -0.447751 2.37474
0.0159243 -4.57404e-05 2.18938e-05 -6.62425e-22 -0.442456 2.30299
0.016269 -4.52187e-05 2.05298e-05 2.08663e-23 -0.435433 2.28537
0.0166074 -4.57222e-05 2.09491e-05 1.29177e-21 -0.428099 2.30747
0.0169397 -4.64592e-05 2.21864e-05 6.36775e-22 -0.421212 2.34341
0.0172659 -4.77916e-05 2.38064e-05 1.2259e-21 -0.415403 2.3956
0.0175862 -4.98296e-05 2.58034e-05 -1.83405e-23 -0.411381 2.46503
0.0179008 -5.25474e-05 2.79972e-05 1.75076e-23 -0.409566 2.5483
0.0182096 -5.58484e-05 3.04e-05 2.6612e-22 -0.409925 2.64192
0.0185127 -6.02379e-05 3.36071e-05 1.55804e-23 -0.412069 2.75602
0.0188104 -6.23335e-05 3.88857e-05 -1.51176e-23 -0.416778 2.87253
0.0191027 -6.99712e-05 2.3635e-05 2.12301e-22 -0.430443 2.88136
