1.53901
1.82253
1.85538
1.63523
1.60956
1.51666
1.45315
1.40472
1.38133
1.3645
1.35068
1.33334
1.31823
1.30085
1.28356
1.2673
1.24955
1.23419
1.21739
1.2027
1.18665
1.172
1.15587
1.14131
1.12559
1.10995
1.09478
1.07848
1.06334
1.04739
1.03098
1.01532
0.999173
0.982224
0.96708
0.949663
0.931322
0.917774
0.897884
0.877364
0.863245
0.841632
0.817038
0.799117
0.775964
0.748141
0.719619
0.702531
0.664595
0.62056
0.605996
0.560088
0.500153
0.447941
0.437305
0.356768
0.331057
0.347886
0.385296
0.461599
0.535974
0.557156
0.60175
0.667546
0.719022
0.739371
0.774777
0.835345
0.881897
0.897242
0.92161
0.985853
1.0434
1.04986
1.05737
1.11823
1.19367
1.19191
1.19996
1.23002
1.29156
1.31911
1.32039
1.32297
1.36747
1.42302
1.41678
1.42119
1.43574
1.48218
1.51493
1.51132
1.51147
1.53655
1.59176
1.61244
1.60787
1.60453
1.63461
1.69628
1.71038
1.70405
1.69894
1.72441
1.78327
1.80044
1.79291
1.78772
1.80233
1.85404
1.88443
1.87515
1.87049
1.8695
1.91012
1.96045
1.9479
1.94511
1.94056
1.96111
2.00527
2.01425
2.01048
2.00755
2.0073
2.03756
2.07704
2.06871
2.06757
2.06302
2.07504
2.12271
2.15541
2.14593
2.14098
2.13179
2.15683
2.22885
2.25718
2.24345
2.23477
2.22199
2.24911
2.32887
2.35725
2.34046
2.33282
2.32327
2.33366
2.38104
2.40881
2.39638
2.39337
2.39022
2.39027
2.40458
2.42127
2.41743
2.41783
2.41334
2.40606
2.43623
2.49539
2.49693
2.48639
2.47366
2.44207
2.44404
2.62635
2.8038
2.71847
2.68977
2.64304
2.58051
2.66928
3.00164
3.15475
3.02113
2.97197
2.89312
2.79583
2.95634
3.35275
3.42406
3.30026
3.23691
3.15324
3.06033
3.17998
3.50826
3.57705
3.44824
3.38028
3.29263
3.17522
3.2278
3.66819
3.91591
3.69722
3.62085
3.53432
3.42667
3.35276
3.65196
3.98629
3.86162
3.75757
3.67705
3.60322
3.51366
3.49943
3.7826
3.97776
3.78784
3.72503
3.64738
3.57659
3.48839
3.50422
3.85192
4.05728
3.84381
3.78119
3.70095
3.63581
3.56124
3.55201
3.79139
4.00113
3.88936
3.79837
3.72766
3.66558
3.60648
3.55554
3.60258
3.83623
3.93555
3.77589
3.72292
3.6536
3.59789
3.54453
3.50446
3.57763
3.85847
3.97386
3.79674
3.74928
3.68359
3.63571
3.59171
3.56027
3.57413
3.6969
3.81595
3.77164
3.69351
3.64765
3.60201
3.56379
3.53273
3.5154
3.53868
3.64338
3.73889
3.70064
3.62965
3.58694
3.54271
3.50511
3.47653
3.46293
3.47329
3.55831
3.75089
3.82583
3.71182
3.67216
3.62469
3.59009
3.55833
3.53375
3.51758
3.5139
3.53506
3.59742
3.65329
3.63005
3.57832
3.54994
3.51932
3.49401
3.47175
3.45596
3.44996
3.45608
3.4799
3.54182
3.63621
3.64813
3.57158
3.54781
3.51165
3.48533
3.46004
3.43964
3.42445
3.41715
3.41989
3.43429
3.46682
3.52804
3.58852
3.57133
3.5056
3.47483
3.43584
3.40426
3.37316
3.34521
3.31989
3.29797
3.28051
3.26887
3.26389
3.26654
3.28073
3.31007
3.33057
3.30754
3.26888
3.25134
3.23569
3.23112
3.23523
3.24957
3.27491
3.31235
3.36265
3.4266
3.50528
3.59876
3.70331
3.81781
3.95497
4.10261
4.15972
4.21571
1.82078
1.74022
1.75457
1.70703
1.65819
1.62712
1.57643
1.5447
1.53912
1.52796
1.51772
1.51076
1.50975
1.51154
1.50969
1.5092
1.49972
1.48513
1.47824
1.47136
1.45884
1.45015
1.44846
1.44025
1.43305
1.4352
1.42622
1.41391
1.41253
1.40098
1.3908
1.39229
1.38616
1.37709
1.37671
1.36473
1.35033
1.3478
1.33884
1.32971
1.32696
1.31875
1.30351
1.29031
1.27741
1.25
1.22005
1.19435
1.16161
1.13787
1.12037
1.10448
1.08657
1.08936
1.10422
1.10949
1.12436
1.14765
1.17386
1.20313
1.23314
1.2697
1.3016
1.36118
1.39824
1.55292
1.40963
2.00981
2.17271
4.14597
3.48602
3.45522
3.66455
4.55867
3.8289
1.30936
1.26883
1.42339
0.77342
0.465245
1.06368
1.34379
1.63027
1.77942
1.78192
1.7924
1.91117
1.84898
1.77284
1.87376
1.02897
1.26748
1.5215
1.80952
1.94388
2.01304
2.2191
2.40744
2.85748
3.04142
2.75631
2.71048
2.93374
3.24614
3.23325
3.16795
3.41835
3.64664
4.44954
4.10585
3.145
3.23824
3.62631
4.21489
3.84854
3.20992
3.37985
3.68569
4.39303
0.4774
0.820525
1.21997
1.60088
1.81509
2.04761
2.32256
2.64419
2.9565
3.57945
3.4822
3.29416
3.36695
3.60611
3.86665
4.28782
4.25993
4.17205
4.2178
4.39217
4.63039
4.93773
5.24579
5.90124
4.99025
4.29746
3.92091
3.88936
4.01046
4.22079
4.47433
4.82229
4.79096
4.06983
3.53142
3.26942
3.19532
3.23803
3.36846
3.53042
3.70507
3.88656
4.10858
4.1039
3.3785
2.85057
2.5311
2.37474
2.30299
2.28537
2.30747
2.34341
2.3956
2.46503
2.5483
2.64192
2.75602
2.87253
2.88136
