# ccx tau_xx tau_yy tau_zz cp yplus
0.996464 1.21551e-06 -2.96752e-07 -2.20014e-20 -0.339872 0.73981
0.988953 6.1726e-06 2.09949e-06 3.02995e-20 -0.341532 2.01187
0.980947 7.3473e-06 1.82186e-06 1.6366e-20 -0.362684 2.21794
0.972985 6.59339e-06 1.80503e-06 -1.73573e-20 -0.364841 2.06333
0.965205 6.91533e-06 1.95922e-06 -1.80553e-20 -0.373036 2.07295
0.957562 6.60615e-06 1.84437e-06 1.87139e-20 -0.379011 1.99791
0.950013 6.08986e-06 1.66915e-06 9.43185e-24 -0.383601 1.89284
0.942557 5.62867e-06 1.53598e-06 -9.73725e-24 -0.386248 1.79286
0.935198 5.348e-06 1.45308e-06 -8.83401e-28 -0.388786 1.72072
0.927925 5.18985e-06 1.40143e-06 -8.07693e-38 -0.390972 1.66864
0.920729 5.07228e-06 1.3398e-06 0 -0.393582 1.6263
0.913605 4.97068e-06 1.2929e-06 1.07937e-20 -0.395851 1.58663
0.906551 4.94034e-06 1.26255e-06 -1.09529e-20 -0.398385 1.55898
0.899565 4.91672e-06 1.23766e-06 -1.11262e-20 -0.400991 1.533
0.892647 4.9372e-06 1.23171e-06 1.12692e-20 -0.403666 1.51322
0.885793 4.9615e-06 1.21999e-06 5.87747e-39 -0.406623 1.4953
0.879002 4.99084e-06 1.21702e-06 1.17549e-38 -0.409562 1.47756
0.87227 5.01654e-06 1.20478e-06 -1.16231e-20 -0.412746 1.46063
0.865595 5.04434e-06 1.20026e-06 -2.29964e-23 -0.415877 1.44339
0.858974 5.0529e-06 1.18125e-06 1.18986e-20 -0.41925 1.42517
0.852405 5.07758e-06 1.177e-06 1.20015e-20 -0.42246 1.40786
0.845887 5.07218e-06 1.14904e-06 -1.21195e-20 -0.426043 1.38935
0.839418 5.08406e-06 1.14515e-06 -1.22507e-20 -0.429293 1.37057
0.833004 5.08979e-06 1.11879e-06 -2.42376e-23 -0.43303 1.35431
0.826639 5.08237e-06 1.10944e-06 1.82492e-27 -0.436452 1.33409
0.820321 5.10007e-06 1.09454e-06 -2.46971e-23 -0.44023 1.31863
0.814046 5.07992e-06 1.07622e-06 2.49212e-23 -0.443955 1.29853
0.807817 5.0933e-06 1.06965e-06 1.28621e-20 -0.447733 1.28166
0.801638 5.07856e-06 1.04483e-06 5.08681e-23 -0.451747 1.2639
0.795505 5.07045e-06 1.03562e-06 1.31086e-20 -0.45562 1.24488
0.789412 5.07868e-06 1.02034e-06 -1.32428e-20 -0.459787 1.22938
0.78336 5.04634e-06 9.97634e-07 -1.33624e-20 -0.463979 1.20978
0.777355 5.0443e-06 9.8699e-07 -1.3503e-20 -0.468174 1.19236
0.771393 5.02193e-06 9.56936e-07 -1.3607e-20 -0.47266 1.17578
0.765465 4.98317e-06 9.34053e-07 -1.37112e-20 -0.47705 1.15608
0.759579 4.99537e-06 9.22975e-07 5.4085e-23 -0.481636 1.14124
0.753736 4.95803e-06 8.80871e-07 -1.40343e-27 -0.486507 1.12563
0.747928 4.913e-06 8.57458e-07 1.40097e-20 -0.49125 1.10601
0.742155 4.91067e-06 8.41921e-07 -5.87747e-39 -0.496288 1.09056
0.736423 4.86153e-06 7.95864e-07 -7.10263e-21 -0.501537 1.07497
0.73073 4.8202e-06 7.7053e-07 -5.6303e-23 -0.506767 1.05684
0.725066 4.802e-06 7.50936e-07 7.25443e-21 -0.512327 1.04068
0.719444 4.74573e-06 7.08499e-07 7.27464e-21 -0.518073 1.02426
0.71386 4.69374e-06 6.777e-07 1.15305e-22 -0.523908 1.00646
0.708306 4.65277e-06 6.52751e-07 7.36814e-21 -0.530039 0.988863
0.70279 4.6027e-06 6.14166e-07 6.25951e-37 -0.536393 0.972601
0.697313 4.53453e-06 5.7393e-07 5.89905e-23 -0.543008 0.954859
0.691864 4.48185e-06 5.42751e-07 -7.59658e-21 -0.549808 0.936949
0.686452 4.40983e-06 5.04933e-07 -7.79296e-21 -0.557041 0.917863
0.681078 4.30436e-06 4.41884e-07 -7.6623e-21 -0.564422 0.899072
0.675729 4.25627e-06 4.01141e-07 -5.87747e-39 -0.572146 0.882527
0.670419 4.1525e-06 3.58544e-07 1.13754e-39 -0.580424 0.860528
0.665144 4.04487e-06 2.94087e-07 2.0663e-39 -0.58881 0.841969
0.659893 3.90313e-06 2.35029e-07 -6.19983e-23 -0.597862 0.818781
0.654679 3.85217e-06 1.81911e-07 8.14529e-21 -0.606966 0.803162
0.649501 3.66904e-06 1.27351e-07 -8.06209e-21 -0.617205 0.774008
0.644346 3.4474e-06 3.99422e-08 -6.3406e-23 -0.626961 0.746841
0.639225 3.36465e-06 -2.18614e-08 -1.79366e-43 -0.637917 0.728875
0.634137 3.22571e-06 -8.52378e-08 -6.4317e-23 -0.64903 0.705015
0.629077 2.97663e-06 -1.5054e-07 8.35989e-21 -0.661099 0.670317
0.62405 2.71456e-06 -2.34112e-07 -6.53522e-23 -0.672963 0.636088
0.619051 2.59052e-06 -2.94612e-07 6.56735e-23 -0.685919 0.61444
0.614082 2.37313e-06 -3.69489e-07 5.2461e-39 -0.69931 0.581742
0.609148 2.0418e-06 -4.64097e-07 6.77287e-40 -0.713435 0.535607
0.604237 1.73289e-06 -5.62214e-07 6.70498e-23 -0.72763 0.492023
0.599358 1.53845e-06 -6.42782e-07 -6.7753e-23 -0.742843 0.461629
0.594514 1.24153e-06 -7.31914e-07 -6.80862e-23 -0.758734 0.417623
0.589693 7.39995e-07 -8.31231e-07 8.84241e-21 -0.775371 0.348372
0.584904 3.24991e-07 -9.43582e-07 1.05794e-37 -0.7918 0.313425
0.580143 3.84739e-08 -1.06044e-06 -1.54284e-38 -0.809574 0.318941
0.575409 -3.35211e-07 -1.20236e-06 -4.41628e-21 -0.827929 0.352428
0.570708 -1.11778e-06 -1.33215e-06 -7.1202e-27 -0.847633 0.437933
0.566029 -1.77924e-06 -1.46875e-06 -7.26866e-27 -0.865657 0.513526
0.561379 -2.12337e-06 -1.5994e-06 -9.20123e-21 -0.885827 0.548268
0.556761 -2.48962e-06 -1.76496e-06 -7.15379e-23 -0.906126 0.583391
0.552166 -3.57506e-06 -1.87302e-06 1.43334e-22 -0.929333 0.671766
0.547601 -4.60966e-06 -1.9742e-06 -4.76137e-21 -0.948105 0.75214
0.54306 -4.90923e-06 -2.11871e-06 -4.48469e-21 -0.969834 0.769665
0.538546 -5.41327e-06 -2.27622e-06 -9.01008e-27 -0.991865 0.799574
0.534063 -6.29146e-06 -2.40859e-06 -1.46059e-22 -1.01594 0.849923
0.5296 -7.50969e-06 -2.48585e-06 7.31149e-23 -1.03827 0.919052
0.525167 -8.18603e-06 -2.60571e-06 7.37249e-23 -1.05987 0.953685
0.520762 -8.66253e-06 -2.75701e-06 4.65764e-21 -1.08337 0.972442
0.51638 -9.20126e-06 -2.94746e-06 9.50659e-21 -1.10754 0.993785
0.512028 -1.05574e-05 -3.01955e-06 -4.77078e-21 -1.13442 1.05154
0.507699 -1.17239e-05 -3.07293e-06 8.4651e-27 -1.1555 1.1047
0.503394 -1.20721e-05 -3.25015e-06 3.76182e-23 -1.18022 1.11245
0.499119 -1.27108e-05 -3.41762e-06 -3.77851e-23 -1.20542 1.13207
0.494866 -1.36207e-05 -3.57208e-06 4.84564e-21 -1.23248 1.16154
0.490641 -1.50744e-05 -3.61152e-06 -4.87431e-21 -1.25886 1.21292
0.486443 -1.6031e-05 -3.69161e-06 -3.81696e-23 -1.28213 1.24616
0.482265 -1.65014e-05 -3.87481e-06 -4.87482e-21 -1.3083 1.25493
0.478116 -1.71393e-05 -4.07981e-06 4.94231e-21 -1.33538 1.26944
0.473991 -1.84532e-05 -4.18041e-06 -2.05712e-38 -1.36522 1.30572
0.46989 -2.01014e-05 -4.14803e-06 -4.93273e-21 -1.39078 1.35744
0.465816 -2.08651e-05 -4.24572e-06 9.90332e-21 -1.41508 1.37796
0.461762 -2.13325e-05 -4.43498e-06 -4.97199e-21 -1.44211 1.38369
0.457735 -2.19425e-05 -4.66649e-06 3.94494e-23 -1.47049 1.39381
0.453735 -2.35745e-05 -4.70611e-06 -5.08778e-21 -1.50232 1.43287
0.449755 -2.54321e-05 -4.58487e-06 -1.80732e-37 -1.52674 1.48593
0.445801 -2.60523e-05 -4.68952e-06 2.54815e-21 -1.55096 1.49917
0.441868 -2.64646e-05 -4.88161e-06 2.59705e-21 -1.57806 1.50142
0.437961 -2.70474e-05 -5.11316e-06 2.5768e-21 -1.60676 1.50839
0.434081 -2.86855e-05 -5.13616e-06 2.53894e-21 -1.639 1.54208
0.430219 -3.066e-05 -4.9572e-06 -2.54234e-21 -1.66369 1.59208
0.426382 -3.13324e-05 -5.02757e-06 -1.10155e-26 -1.68691 1.60582
0.42257 -3.16482e-05 -5.22475e-06 2.57215e-21 -1.71367 1.60458
0.418779 -3.22066e-05 -5.43788e-06 -2.57139e-39 -1.74204 1.60935
0.415014 -3.35676e-05 -5.51217e-06 -1.03949e-37 -1.77362 1.63268
0.411271 -3.56984e-05 -5.29966e-06 -1.93589e-37 -1.80072 1.67901
0.407549 -3.66843e-05 -5.26596e-06 -2.65622e-21 -1.82178 1.70119
0.403853 -3.6853e-05 -5.47811e-06 2.67105e-21 -1.84793 1.69617
0.400175 -3.73749e-05 -5.65815e-06 -2.68166e-21 -1.87533 1.69905
0.396524 -3.81871e-05 -5.85716e-06 4.22217e-23 -1.90539 1.7083
0.392898 -4.05048e-05 -5.63918e-06 -5.70034e-27 -1.9371 1.7501
0.389289 -4.20407e-05 -5.43312e-06 -2.75225e-21 -1.95515 1.78604
0.385704 -4.20066e-05 -5.68046e-06 5.46457e-21 -1.9806 1.77685
0.382144 -4.25115e-05 -5.82887e-06 2.70122e-21 -2.00694 1.77873
0.378603 -4.30996e-05 -6.03923e-06 4.31232e-23 -2.03545 1.78241
0.375087 -4.48305e-05 -5.98054e-06 4.3273e-23 -2.06706 1.80817
0.371592 -4.66717e-05 -5.75327e-06 -8.66897e-23 -2.08979 1.84355
0.368117 -4.72071e-05 -5.84048e-06 -2.74878e-21 -2.11264 1.8496
0.364668 -4.75561e-05 -6.00947e-06 -6.13461e-38 -2.13859 1.84811
0.361237 -4.81119e-05 -6.17779e-06 -5.64324e-21 -2.16592 1.85056
0.35783 -4.89498e-05 -6.35829e-06 2.7964e-21 -2.19567 1.85829
0.354446 -5.11053e-05 -6.16769e-06 8.88875e-23 -2.2271 1.89031
0.35108 -5.25603e-05 -5.99315e-06 -4.4577e-23 -2.2464 1.91805
0.347737 -5.26031e-05 -6.2347e-06 2.87744e-21 -2.27261 1.91103
0.344419 -5.31296e-05 -6.38843e-06 -4.51875e-23 -2.29992 1.91261
0.341117 -5.37288e-05 -6.61175e-06 9.0737e-23 -2.32956 1.91557
0.337839 -5.53239e-05 -6.64249e-06 -2.96643e-21 -2.36284 1.93543
0.334585 -5.79405e-05 -6.27636e-06 1.46033e-21 -2.39075 1.97728
0.331346 -5.90708e-05 -6.16002e-06 1.41925e-21 -2.40915 1.99786
0.328131 -5.89482e-05 -6.42103e-06 1.52513e-21 -2.43506 1.98855
0.32494 -5.93099e-05 -6.61275e-06 1.5329e-21 -2.46266 1.98733
0.321764 -5.98172e-05 -6.90109e-06 1.44617e-21 -2.49391 1.98871
0.318612 -6.23954e-05 -6.71295e-06 1.49802e-21 -2.53079 2.02286
0.315483 -6.57577e-05 -6.0494e-06 -4.67667e-23 -2.55226 2.07957
0.312369 -6.64643e-05 -5.96586e-06 4.6918e-23 -2.5662 2.09394
0.309278 -6.5949e-05 -6.25063e-06 -4.73837e-23 -2.58922 2.07937
0.30621 -6.60256e-05 -6.45071e-06 1.52555e-21 -2.61435 2.07409
0.303158 -6.63206e-05 -6.74159e-06 9.58129e-23 -2.64386 2.07243
0.300128 -6.92101e-05 -6.44264e-06 1.53621e-21 -2.67989 2.10966
0.297121 -7.29353e-05 -5.60231e-06 -1.58297e-21 -2.69637 2.17095
0.29413 -7.34773e-05 -5.48509e-06 1.5399e-21 -2.70448 2.18383
0.291159 -7.26329e-05 -5.76778e-06 -8.60958e-42 -2.72299 2.16566
0.288211 -7.25408e-05 -5.90172e-06 1.56597e-21 -2.74328 2.15862
0.285281 -7.26204e-05 -6.09142e-06 -4.0775e-38 -2.76671 2.15424
0.282371 -7.41993e-05 -5.9894e-06 -1.5312e-21 -2.7946 2.17157
0.279482 -7.68762e-05 -5.45249e-06 -4.95197e-23 -2.81394 2.20999
0.276613 -7.76552e-05 -5.28863e-06 4.96966e-23 -2.82272 2.22407
0.27376 -7.69862e-05 -5.51768e-06 -4.95756e-27 -2.84049 2.20945
0.27093 -7.69907e-05 -5.5924e-06 -5.05062e-23 -2.85932 2.20443
0.268121 -7.70789e-05 -5.69835e-06 1.27824e-38 -2.8799 2.20066
0.265328 -7.74666e-05 -5.77509e-06 2.55226e-23 -2.90262 2.20116
0.262556 -7.86286e-05 -5.65302e-06 -2.56817e-23 -2.92624 2.21297
0.259805 -7.93155e-05 -5.59592e-06 -8.00335e-22 -2.94357 2.2212
0.257072 -7.91231e-05 -5.76594e-06 -2.59694e-23 -2.96628 2.21378
0.254357 -7.92418e-05 -5.87983e-06 8.36544e-22 -2.99049 2.21071
0.251663 -7.92728e-05 -6.07122e-06 1.2857e-39 -3.01709 2.20652
0.24899 -7.9471e-05 -6.30322e-06 -8.74463e-22 -3.04813 2.2048
0.246333 -8.22196e-05 -5.94663e-06 8.74052e-22 -3.08543 2.23736
0.243695 -8.45369e-05 -5.42642e-06 -1.6768e-21 -3.10142 2.27339
0.241078 -8.39142e-05 -5.6565e-06 -5.35411e-23 -3.12299 2.26449
0.238479 -8.29613e-05 -5.95517e-06 -8.3632e-22 -3.15238 2.24765
0.235897 -8.22729e-05 -6.3025e-06 -8.42959e-22 -3.18708 2.23445
0.233335 -8.18322e-05 -6.8073e-06 8.78716e-22 -3.23046 2.22483
0.230794 -8.53162e-05 -6.8727e-06 8.47565e-22 -3.28783 2.26763
0.228269 -9.80336e-05 -4.5431e-06 -2.67958e-23 -3.34089 2.43246
0.22576 -0.000102545 -2.5422e-06 -4.00834e-22 -3.29564 2.52787
0.223271 -9.50617e-05 -3.93773e-06 2.71468e-23 -3.31535 2.43165
0.220803 -9.25327e-05 -4.19373e-06 -2.75322e-23 -3.33806 2.39695
0.218351 -9.0288e-05 -4.80536e-06 2.78472e-23 -3.37176 2.3656
0.215915 -8.97786e-05 -5.59379e-06 -2.79821e-23 -3.42177 2.35723
0.2135 -0.000101649 -4.19498e-06 4.37736e-22 -3.5018 2.50516
0.211104 -0.000119839 7.64465e-07 1.13646e-39 -3.50417 2.75625
0.208725 -0.000120925 2.54273e-06 -2.38406e-22 -3.41769 2.81738
0.206362 -0.000109763 6.19667e-07 -8.10245e-23 -3.41532 2.6843
0.204018 -0.000104696 1.75291e-07 -4.63482e-40 -3.41979 2.62235
0.201694 -0.000100449 -6.39424e-07 0 -3.43739 2.56905
0.199388 -9.88526e-05 -1.66322e-06 2.06637e-46 -3.47697 2.54926
0.197098 -0.000117065 1.28529e-06 1.99075e-28 -3.56656 2.77561
0.194825 -0.000135799 7.8726e-06 -9.87733e-41 -3.50369 3.04582
0.192573 -0.000132138 8.62616e-06 1.60712e-38 -3.40293 3.04695
0.190342 -0.000120235 6.61507e-06 -8.63314e-22 -3.3798 2.90943
0.188127 -0.000114349 5.91998e-06 -9.36722e-39 -3.36019 2.84119
0.185929 -0.000108755 4.98595e-06 8.99446e-22 -3.35826 2.77415
0.183747 -0.000106218 4.2373e-06 -3.48975e-39 -3.3745 2.74514
0.181584 -0.00012001 6.93543e-06 2.74032e-23 -3.43304 2.92358
0.17944 -0.000135737 1.24095e-05 -2.67593e-23 -3.37884 3.15197
0.177317 -0.00013294 1.3283e-05 -8.82395e-22 -3.27548 3.1577
0.175211 -0.000121166 1.10413e-05 5.48119e-23 -3.24773 3.01965
0.173121 -0.000115232 1.02157e-05 -2.80539e-23 -3.22487 2.95095
0.171049 -0.00010996 9.18126e-06 9.44234e-22 -3.21684 2.88808
0.168995 -0.000107568 8.48696e-06 9.2248e-22 -3.22722 2.86193
0.166958 -0.000119342 9.93838e-06 -2.7728e-23 -3.2759 3.02199
0.164939 -0.000146315 1.82895e-05 -8.10635e-22 -3.28947 3.38021
0.162941 -0.000150058 2.25948e-05 1.66459e-26 -3.09321 3.4911
0.160964 -0.000130767 1.82806e-05 -2.68226e-23 -3.05216 3.26552
0.159003 -0.000123238 1.72754e-05 -2.93874e-39 -3.00506 3.18011
0.157059 -0.000116682 1.60338e-05 1.84534e-21 -2.97597 3.10295
0.155133 -0.000111614 1.50166e-05 -2.89425e-23 -2.95568 3.04312
0.153223 -0.000112543 1.51333e-05 -1.82966e-21 -2.95906 3.06487
0.151329 -0.000134497 2.07464e-05 -1.34677e-23 -3.01245 3.36512
0.149455 -0.000144223 2.65016e-05 1.33902e-23 -2.85483 3.5409
0.147602 -0.000132445 2.43141e-05 2.50252e-39 -2.77376 3.41298
0.145767 -0.000123001 2.23884e-05 0 -2.7199 3.30025
0.143949 -0.000116299 2.10503e-05 7.34684e-40 -2.67681 3.22011
0.142147 -0.000111104 1.9946e-05 -1.87336e-21 -2.64431 3.15785
0.140361 -0.000107424 1.92674e-05 4.50511e-38 -2.62024 3.11567
0.138591 -0.000110773 2.03054e-05 -1.84841e-21 -2.61348 3.17576
0.136836 -0.000128355 2.51992e-05 1.77082e-21 -2.63024 3.43568
0.135101 -0.000132308 2.84796e-05 1.75359e-21 -2.47784 3.52803
0.133387 -0.000117027 2.46455e-05 0 -2.44163 3.32812
0.131688 -0.000111303 2.35842e-05 4.8022e-27 -2.39533 3.25844
0.130005 -0.000105814 2.23158e-05 1.93959e-21 -2.36259 3.18842
0.128337 -0.000102029 2.14855e-05 1.96066e-21 -2.33654 3.14213
0.126684 -0.00010071 2.13401e-05 -1.53592e-23 -2.31736 3.13333
0.125047 -0.000106042 2.30762e-05 -1.92014e-21 -2.31587 3.22855
0.123425 -0.00012558 2.86534e-05 1.80557e-21 -2.33542 3.53112
0.121824 -0.000129684 3.21918e-05 0 -2.17868 3.62177
0.120245 -0.00011336 2.78758e-05 1.84532e-21 -2.14391 3.39763
0.11868 -0.00010766 2.66824e-05 1.50227e-23 -2.09564 3.32503
0.11713 -0.000102006 2.52517e-05 4.05494e-27 -2.0606 3.24893
0.115595 -9.80603e-05 2.42735e-05 1.57125e-23 -2.03154 3.19764
0.114074 -9.55212e-05 2.38109e-05 2.01895e-21 -2.00787 3.16851
0.112567 -9.78434e-05 2.4904e-05 -1.46937e-39 -1.99509 3.22064
0.111074 -0.000110796 2.87018e-05 -1.48314e-23 -2.00559 3.44206
0.109601 -0.000116125 3.18171e-05 1.48456e-23 -1.90761 3.5441
0.108148 -0.00010809 3.02162e-05 -1.91409e-21 -1.84977 3.43388
0.106711 -0.000101182 2.83439e-05 -1.55358e-23 -1.80831 3.33556
0.105288 -9.62146e-05 2.69913e-05 1.59427e-23 -1.7723 3.26562
0.103879 -9.22331e-05 2.58809e-05 2.06817e-21 -1.74264 3.20973
0.102483 -8.93624e-05 2.51092e-05 -4.70198e-38 -1.71737 3.17164
0.101102 -8.88471e-05 2.5276e-05 2.68354e-44 -1.69589 3.17589
0.0997335 -9.27909e-05 2.69229e-05 7.64683e-40 -1.68481 3.26001
0.0983793 -0.000103374 3.01751e-05 0 -1.67603 3.45419
0.0970442 -0.000104946 3.19351e-05 -2.00197e-21 -1.58391 3.49102
0.0957277 -9.41134e-05 2.8836e-05 -2.66866e-27 -1.55696 3.31907
0.0944247 -9.00588e-05 2.77339e-05 -2.75368e-27 -1.52215 3.26005
0.093135 -8.59995e-05 2.6542e-05 3.39292e-23 -1.49525 3.19819
0.0918585 -8.31984e-05 2.57329e-05 -3.45616e-23 -1.47189 3.15781
0.090595 -8.1664e-05 2.54341e-05 1.74545e-23 -1.45163 3.14115
0.0893444 -8.26203e-05 2.60523e-05 -4.41925e-21 -1.43423 3.17282
0.0881066 -8.74521e-05 2.81345e-05 2.13779e-21 -1.42623 3.27875
0.0868819 -9.93915e-05 3.14704e-05 6.61216e-39 -1.42357 3.50518
0.0856765 -0.000101459 3.3863e-05 2.03006e-21 -1.33094 3.5439
0.0844901 -8.97958e-05 3.03908e-05 2.93874e-39 -1.30663 3.34811
0.0833163 -8.58627e-05 2.92274e-05 4.38725e-21 -1.27214 3.28729
0.0821551 -8.17318e-05 2.79006e-05 0 -1.24492 3.21977
0.0810062 -7.87016e-05 2.69292e-05 0 -1.22059 3.17159
0.0798696 -7.63724e-05 2.62291e-05 -1.16772e-21 -1.19945 3.13634
0.0787456 -7.52634e-05 2.60469e-05 1.17647e-21 -1.17979 3.126
0.0776339 -7.63925e-05 2.67759e-05 -2.93874e-39 -1.16393 3.16258
0.076534 -8.10578e-05 2.84096e-05 8.82545e-24 -1.15388 3.2694
0.0754486 -8.39016e-05 2.97934e-05 1.12285e-21 -1.11525 3.3301
0.0743796 -8.17659e-05 2.96061e-05 1.13787e-21 -1.07533 3.29358
0.0733245 -7.68919e-05 2.80184e-05 0 -1.05183 3.20615
0.0722813 -7.4087e-05 2.7066e-05 -1.19551e-21 -1.02808 3.15874
0.0712496 -7.14874e-05 2.61727e-05 -2.93874e-38 -1.00768 3.11412
0.0702299 -6.94855e-05 2.54972e-05 -2.93874e-39 -0.989483 3.08125
0.0692221 -6.80695e-05 2.50906e-05 1.25515e-21 -0.97268 3.06098
0.0682258 -6.77829e-05 2.51957e-05 -9.80752e-24 -0.95707 3.06639
0.0672406 -6.88723e-05 2.58586e-05 1.25921e-21 -0.944042 3.10295
0.0662664 -7.2411e-05 2.71494e-05 -1.89046e-23 -0.934465 3.19207
0.0653051 -7.46426e-05 2.81881e-05 9.46617e-24 -0.905914 3.24217
0.0643589 -7.31598e-05 2.8056e-05 -4.76127e-24 -0.87552 3.21335
0.0634263 -6.92215e-05 2.67363e-05 1.26021e-21 -0.857785 3.13711
0.0625051 -6.71083e-05 2.5988e-05 6.86345e-28 -0.839527 3.09949
0.0615946 -6.51999e-05 2.53132e-05 -5.06818e-24 -0.823746 3.06558
0.0606948 -6.38835e-05 2.48994e-05 -1.31453e-21 -0.809152 3.04506
0.059806 -6.3352e-05 2.4866e-05 2.64307e-21 -0.795549 3.04344
0.0589284 -6.37875e-05 2.52453e-05 -1.17549e-38 -0.783177 3.06517
0.0580612 -6.50739e-05 2.60267e-05 -1.17549e-38 -0.771802 3.10772
0.0572041 -6.813e-05 2.75982e-05 2.50545e-21 -0.763733 3.19202
0.0563571 -7.41633e-05 2.97021e-05 4.68836e-24 -0.757562 3.33861
0.0555254 -7.59652e-05 3.07482e-05 1.20194e-21 -0.715358 3.35936
0.0547095 -6.99274e-05 2.88975e-05 4.90254e-24 -0.698392 3.2339
0.0539039 -6.72896e-05 2.79373e-05 5.87747e-39 -0.678771 3.18285
0.0531088 -6.4756e-05 2.69758e-05 -1.31982e-21 -0.661841 3.13283
0.0523243 -6.27663e-05 2.62124e-05 2.09269e-28 -0.646234 3.09431
0.0515495 -6.10982e-05 2.55798e-05 -2.67626e-24 -0.632098 3.06269
0.0507845 -5.98223e-05 2.51164e-05 -5.73972e-41 -0.61908 3.04022
0.0500297 -5.8981e-05 2.48896e-05 2.40724e-38 -0.606545 3.02887
0.0492846 -5.89281e-05 2.50546e-05 0 -0.594449 3.03805
0.0485486 -5.94873e-05 2.54842e-05 2.13192e-27 -0.583744 3.06279
0.0478224 -6.11786e-05 2.62004e-05 4.80029e-41 -0.574466 3.11482
0.0471069 -6.23572e-05 2.6687e-05 2.93874e-39 -0.557573 3.14451
0.0464028 -6.16769e-05 2.65946e-05 -6.89028e-22 -0.538814 3.12696
0.04571 -5.91197e-05 2.56746e-05 7.02912e-22 -0.527101 3.07141
0.0450268 -5.78013e-05 2.51537e-05 1.39824e-24 -0.514648 3.04579
0.044353 -5.64907e-05 2.46397e-05 7.2794e-22 -0.503559 3.01995
0.0436888 -5.54883e-05 2.42553e-05 -1.43617e-24 -0.493176 3.0017
0.0430334 -5.47378e-05 2.4001e-05 -7.42997e-22 -0.483347 2.99014
0.0423874 -5.43549e-05 2.39566e-05 -3.52966e-29 -0.473939 2.98888
0.0417503 -5.44131e-05 2.41277e-05 -1.48756e-21 -0.465106 2.99982
0.041122 -5.48168e-05 2.44623e-05 7.39317e-22 -0.456883 3.02032
0.0405026 -5.56662e-05 2.50241e-05 -2.93874e-39 -0.449155 3.05321
0.0398915 -5.7309e-05 2.59166e-05 -1.71153e-25 -0.442667 3.10706
0.0392892 -5.97668e-05 2.68355e-05 1.71001e-25 -0.435217 3.17839
0.038698 -6.0459e-05 2.70468e-05 -8.81621e-39 -0.415819 3.17793
0.0381179 -5.69495e-05 2.58806e-05 7.27834e-22 -0.408158 3.09572
0.0375467 -5.58322e-05 2.54496e-05 -7.42162e-22 -0.397656 3.07323
0.0369841 -5.44881e-05 2.49103e-05 3.68017e-25 -0.388755 3.04441
0.03643 -5.35269e-05 2.45227e-05 0 -0.380283 3.02537
0.0358843 -5.27522e-05 2.42233e-05 7.53275e-25 -0.37241 3.01134
0.0353468 -5.21956e-05 2.40682e-05 2.93278e-29 -0.364911 3.00377
0.0348174 -5.19951e-05 2.41177e-05 -7.60556e-25 -0.357824 3.0067
0.0342961 -5.20864e-05 2.42927e-05 7.76709e-22 -0.351285 3.01782
0.0337826 -5.24461e-05 2.45845e-05 -7.71589e-22 -0.345246 3.03656
0.0332769 -5.30985e-05 2.50238e-05 1.52856e-21 -0.339586 3.06383
0.0327788 -5.41491e-05 2.56767e-05 -1.46801e-24 -0.334538 3.10255
0.0322883 -5.58544e-05 2.65034e-05 1.43903e-24 -0.330273 3.15822
0.0318057 -5.7567e-05 2.71738e-05 -3.65495e-22 -0.32272 3.20523
0.0313329 -5.78952e-05 2.7327e-05 5.87747e-39 -0.309724 3.19836
0.0308698 -5.55846e-05 2.65355e-05 7.48975e-22 -0.303555 3.14347
0.0304141 -5.48079e-05 2.62544e-05 1.48638e-24 -0.295761 3.12896
0.029966 -5.3975e-05 2.59528e-05 -3.86166e-22 -0.288926 3.11319
0.0295256 -5.34583e-05 2.58512e-05 1.5136e-24 -0.282279 3.10675
0.0290923 -5.32719e-05 2.5935e-05 3.87942e-22 -0.276021 3.10999
0.0286663 -5.33354e-05 2.60966e-05 -3.88503e-22 -0.270221 3.11987
0.0282475 -5.35797e-05 2.63318e-05 1.50396e-24 -0.264885 3.13485
0.0278355 -5.40196e-05 2.6662e-05 1.492e-24 -0.259946 3.1555
0.0274304 -5.46665e-05 2.70938e-05 -1.47616e-24 -0.255354 3.18211
0.0270321 -5.55337e-05 2.76459e-05 2.88708e-39 -0.251086 3.21515
0.0266404 -5.66415e-05 2.8333e-05 0 -0.247103 3.25511
0.0262551 -5.80103e-05 2.91776e-05 -2.52428e-27 -0.243388 3.30251
0.0258764 -5.97291e-05 3.02086e-05 -3.51766e-22 -0.240181 3.35929
0.025504 -6.19402e-05 3.1368e-05 1.33088e-24 -0.2376 3.42812
0.0251381 -6.41866e-05 3.24791e-05 3.34054e-22 -0.232345 3.48839
0.0247799 -6.55694e-05 3.3569e-05 0 -0.223951 3.5215
0.0244292 -6.66404e-05 3.46678e-05 -1.27117e-24 -0.217975 3.56202
0.024085 -6.83302e-05 3.58185e-05 -3.17141e-22 -0.211799 3.61616
0.0237473 -7.02408e-05 3.7086e-05 1.54075e-22 -0.206044 3.6761
0.0234158 -7.24505e-05 3.85028e-05 2.36097e-24 -0.200436 3.74302
0.0230904 -7.49201e-05 4.00639e-05 -2.29227e-24 -0.194978 3.81587
0.0227712 -7.76459e-05 4.17695e-05 1.11065e-24 -0.189622 3.89428
0.0224578 -8.0617e-05 4.36154e-05 0 -0.18434 3.97774
0.0221503 -8.38224e-05 4.55974e-05 2.66311e-22 -0.179104 4.06575
0.0218485 -8.72496e-05 4.7712e-05 -2.57052e-22 -0.173893 4.15781
0.0215524 -9.08874e-05 4.99561e-05 1.23735e-22 -0.1687 4.25349
0.0212618 -9.47311e-05 5.23273e-05 -1.19756e-22 -0.163537 4.35244
0.0209767 -9.87667e-05 5.47714e-05 4.49147e-25 -0.158232 4.45374
0.0206968 -0.000102997 5.71453e-05 1.1087e-22 -0.152377 4.55574
0.0204222 -0.000107349 5.94458e-05 2.1385e-22 -0.145851 4.65731
0.0201527 -0.000111857 6.16533e-05 2.02231e-25 -0.13907 4.75903
0.0198881 -0.000116268 6.34981e-05 -8.5105e-27 -0.129301 4.85584
0.0196285 -0.000118713 6.50437e-05 -9.76939e-23 -0.104777 4.91767
0.0193737 -0.000120478 6.77279e-05 4.66327e-26 -0.0854743 4.96078
0.0929482 -2.88868e-05 -2.98985e-06 0 -0.365134 1.57332
0.106153 -2.70508e-05 -2.52269e-06 -3.0949e-24 -0.335809 1.51532
0.119369 -2.79165e-05 -2.40488e-06 3.09692e-24 -0.326186 1.53208
0.132598 -2.74097e-05 -1.96209e-06 -6.34596e-21 -0.325862 1.50875
0.145838 -2.62532e-05 -1.60395e-06 3.88648e-37 -0.310788 1.46993
0.159087 -2.56635e-05 -1.32795e-06 -3.10532e-24 -0.297991 1.44735
0.172342 -2.43698e-05 -1.00557e-06 -6.36282e-21 -0.285982 1.40491
0.185602 -2.33978e-05 -8.77059e-07 3.18324e-21 -0.262213 1.37407
0.198862 -2.34132e-05 -8.54966e-07 3.19104e-21 -0.246486 1.37265
0.212124 -2.33879e-05 -8.27504e-07 -3.18872e-21 -0.234513 1.3702
0.225387 -2.3351e-05 -8.07698e-07 -3.11476e-24 -0.224468 1.36765
0.23865 -2.33536e-05 -8.01246e-07 -3.18994e-21 -0.216374 1.36648
0.251913 -2.3532e-05 -8.19256e-07 1.55752e-24 -0.209698 1.37067
0.265176 -2.38271e-05 -8.29872e-07 3.19146e-21 -0.20659 1.37806
0.278439 -2.39922e-05 -8.11558e-07 3.18992e-21 -0.205755 1.38145
0.291703 -2.4187e-05 -7.81115e-07 -6.38013e-21 -0.20505 1.3856
0.304968 -2.41072e-05 -6.86095e-07 -7.53529e-30 -0.207585 1.38147
0.318235 -2.37474e-05 -5.94858e-07 -3.19105e-21 -0.205816 1.36962
0.331502 -2.35849e-05 -5.30871e-07 3.19176e-21 -0.203472 1.36369
0.34477 -2.34822e-05 -4.59986e-07 -3.19224e-21 -0.201728 1.35955
0.358039 -2.31849e-05 -3.77528e-07 -1.59643e-21 -0.200242 1.34983
0.371309 -2.29323e-05 -3.30756e-07 -1.5968e-21 -0.195883 1.34172
0.384579 -2.2951e-05 -2.89982e-07 3.19477e-21 -0.192973 1.34163
0.397849 -2.27953e-05 -2.24622e-07 -1.55972e-24 -0.191926 1.33643
0.41112 -2.25865e-05 -1.87548e-07 -7.97536e-22 -0.18832 1.32988
0.424391 -2.27209e-05 -1.53455e-07 -7.99147e-22 -0.185599 1.3335
0.437662 -2.25588e-05 -6.97359e-08 3.99396e-22 -0.186653 1.32837
0.450933 -2.21729e-05 -1.40037e-08 -9.98714e-23 -0.182746 1.31682
0.464205 -2.21452e-05 3.36463e-08 -2.51113e-42 -0.179339 1.31597
0.477476 -2.18397e-05 1.10186e-07 7.99187e-22 -0.17853 1.30694
0.490747 -2.14796e-05 1.42928e-07 -1.59877e-21 -0.172685 1.29632
0.504018 -2.15199e-05 1.74699e-07 -7.99471e-22 -0.168774 1.29781
0.517288 -2.13925e-05 2.31313e-07 -1.59903e-21 -0.167062 1.29437
0.530559 -2.10995e-05 2.71688e-07 -1.03722e-37 -0.163206 1.28597
0.543829 -2.10959e-05 3.14179e-07 -2.29589e-41 -0.158786 1.28644
0.557098 -2.07732e-05 3.92476e-07 1.59883e-21 -0.158094 1.27744
0.570366 -2.02711e-05 4.24797e-07 -3.20014e-21 -0.151272 1.26273
0.583634 -2.01358e-05 4.60897e-07 3.20153e-21 -0.145791 1.2594
0.596902 -1.98628e-05 5.04381e-07 -3.20119e-21 -0.141433 1.2519
0.610168 -1.95423e-05 5.28539e-07 -3.20184e-21 -0.135068 1.24279
0.623434 -1.94204e-05 5.58651e-07 -3.04306e-37 -0.129065 1.24001
0.636699 -1.91842e-05 6.08765e-07 -3.20114e-21 -0.124634 1.23388
0.649963 -1.87018e-05 6.50221e-07 -3.20346e-21 -0.118558 1.21986
0.663225 -1.82285e-05 6.80637e-07 -3.20599e-21 -0.110659 1.20592
0.676485 -1.78162e-05 7.25996e-07 1.56519e-24 -0.102453 1.19408
0.689744 -1.70062e-05 7.66188e-07 -3.13143e-24 -0.0944978 1.1689
0.702999 -1.6073e-05 7.61008e-07 -1.28321e-20 -0.0808019 1.13831
0.716253 -1.5279e-05 7.52782e-07 -6.42037e-21 -0.0671951 1.1117
0.729506 -1.43418e-05 7.06265e-07 -7.17465e-42 -0.0516459 1.07855
0.74276 -1.36455e-05 6.32788e-07 -6.43112e-21 -0.0338072 1.05267
0.756015 -1.31483e-05 5.54227e-07 -2.67754e-28 -0.0179797 1.0334
0.769274 -1.27716e-05 4.64005e-07 3.21996e-21 -0.00186781 1.01792
0.782536 -1.23377e-05 3.45568e-07 -3.21795e-21 0.0116867 0.999068
0.795802 -1.24144e-05 1.92856e-07 -3.21851e-21 0.0279741 0.998699
0.809072 -1.29118e-05 5.80909e-08 3.14304e-24 0.0363838 1.01457
0.822342 -1.33027e-05 -1.15734e-07 -6.28556e-24 0.0437462 1.02478
0.835612 -1.38737e-05 -3.18056e-07 3.14222e-24 0.0479017 1.04019
0.848876 -1.47463e-05 -5.60799e-07 3.21349e-21 0.0499691 1.06455
0.862131 -1.5909e-05 -8.47845e-07 3.13996e-24 0.0467534 1.09636
0.875375 -1.71867e-05 -1.17788e-06 -6.43071e-21 0.039367 1.12901
0.888602 -1.86257e-05 -1.5513e-06 3.13686e-24 0.0274421 1.16371
0.901811 -2.02825e-05 -1.97577e-06 -1.28433e-20 0.0108842 1.20161
0.914998 -2.21199e-05 -2.46831e-06 3.13257e-24 -0.0116793 1.2407
0.92816 -2.46862e-05 -3.07607e-06 1.28119e-20 -0.0387201 1.2946
0.941292 -2.72117e-05 -3.85252e-06 -1.27962e-20 -0.0811225 1.34014
0.954401 -3.44451e-05 -4.73803e-06 6.24104e-24 -0.114989 1.49356
0.967488 -2.96719e-05 -5.19951e-06 1.2723e-20 -0.261132 1.37109
0.98051 -7.14384e-05 -1.17703e-05 1.24162e-37 -0.107654 2.05074
0.993498 -6.53486e-05 8.27708e-06 6.05266e-21 -1.03535 2.34474
0.0145217 -0.000131121 -9.32364e-05 -9.01347e-22 -0.918816 4.3462
0.0152842 -0.000104966 -6.91721e-05 3.15213e-23 -0.840922 3.81278
0.0161528 -9.67438e-05 -6.08849e-05 -3.09016e-27 -0.83368 3.60861
0.0171419 -0.000106125 -6.31662e-05 -3.70905e-21 -0.882007 3.72282
0.01827 -0.000155607 -9.52554e-05 1.51674e-21 -0.880813 4.50191
0.0196355 -0.000163471 -7.44369e-05 -1.47119e-21 -1.4137 4.21332
0.0212977 -8.01563e-05 -1.75858e-05 -2.93874e-39 -1.23602 2.75896
0.0232178 -3.71246e-05 -5.74649e-06 4.0902e-21 -0.987364 1.85892
0.0254199 -3.74591e-05 -5.23771e-06 4.33464e-38 -0.989616 1.81614
0.0279424 -9.2789e-06 1.78667e-06 3.71781e-21 -0.884202 0.882077
0.0307977 5.66097e-07 3.09348e-06 1.55403e-26 -0.745481 0.456548
0.034013 -2.20741e-06 1.44972e-06 1.03e-26 -0.674353 0.443814
0.0376124 -4.38169e-06 9.71812e-07 -2.13182e-23 -0.584196 0.605593
0.0416162 -1.22916e-05 -9.23187e-07 -4.85275e-21 -0.514616 1.02175
0.0460462 -1.86225e-05 -2.35194e-06 -4.38609e-21 -0.471549 1.26322
0.0509159 -2.03304e-05 -2.5803e-06 -3.9998e-21 -0.448324 1.31853
0.0562293 -2.1532e-05 -2.75911e-06 -1.44009e-23 -0.410931 1.36082
0.0620021 -2.71121e-05 -3.89471e-06 -6.61588e-24 -0.383206 1.53295
0.0683471 -2.70886e-05 -3.37117e-06 -6.14317e-21 -0.400738 1.52482
0.0752535 -2.45136e-05 -2.85514e-06 5.63462e-24 -0.364085 1.45396
0.0825844 -2.83183e-05 -3.52826e-06 5.46307e-21 -0.344155 1.56858
5.25652e-05 -2.77132e-06 -1.96764e-05 5.35783e-22 0.995095 1.33221
0.000157696 -3.39374e-06 -2.3854e-05 1.83671e-40 0.984301 1.4617
0.000262826 -4.72179e-06 -3.17745e-05 1.00528e-21 0.9653 1.68484
0.000380761 -7.01928e-06 -4.20376e-05 -9.55711e-22 0.939554 1.95059
0.000552073 -1.02853e-05 -4.44247e-05 -9.11685e-22 0.895897 2.04795
0.000763957 -1.1095e-05 -4.77663e-05 8.75781e-22 0.87203 2.12025
0.00097584 -1.36441e-05 -5.70908e-05 0 0.836949 2.318
0.00118772 -1.66958e-05 -6.77563e-05 2.37964e-23 0.78837 2.52564
0.00139961 -2.38286e-05 -9.35525e-05 -7.03445e-22 0.739529 2.97371
0.00168626 -3.50211e-05 -9.62317e-05 -4.2175e-23 0.589718 3.14554
0.00208866 -3.51586e-05 -7.97279e-05 7.84248e-27 0.525598 2.92153
0.00253206 -3.39716e-05 -7.25048e-05 -1.42121e-21 0.514635 2.80521
0.00297546 -3.99836e-05 -8.22516e-05 1.36873e-21 0.469475 3.00676
0.00342695 -4.85077e-05 -9.70898e-05 1.25279e-21 0.403358 3.29184
0.00391987 -5.19802e-05 -9.35225e-05 2.93874e-39 0.281232 3.29053
0.00444614 -5.2155e-05 -9.01751e-05 2.41246e-21 0.251877 3.25892
0.0049724 -6.10998e-05 -0.000102614 -1.84275e-26 0.194461 3.50473
0.00549867 -7.21925e-05 -0.000117867 3.07867e-23 0.0938088 3.78715
0.00602493 -0.000102697 -0.000167938 -3.33668e-21 0.0207456 4.55132
0.00665031 -0.000117829 -0.000148518 -2.61468e-23 -0.473011 4.46684
0.0073796 -8.61015e-05 -9.80888e-05 4.02081e-21 -0.32312 3.73039
0.00811367 -7.91059e-05 -8.4205e-05 1.17549e-38 -0.309787 3.53943
0.00884775 -9.08242e-05 -9.3004e-05 0 -0.360481 3.78873
0.00958889 -0.000113621 -0.000114723 0 -0.426288 4.26057
0.0103832 -0.000113759 -0.000100566 -2.84995e-23 -0.684622 4.0961
0.0112237 -8.67442e-05 -7.04777e-05 3.30558e-23 -0.591361 3.55422
0.0120641 -8.67587e-05 -6.74854e-05 2.12651e-21 -0.587148 3.56594
0.0129046 -9.82638e-05 -7.40949e-05 -1.89276e-21 -0.629233 3.81852
0.0137451 -0.000129017 -9.95865e-05 0 -0.648808 4.45572
5.52157e-05 -1.51801e-07 -1.28961e-05 3.47212e-23 1.01407 1.03889
0.000164233 -4.07727e-07 -1.58256e-06 -6.33358e-22 1.01439 0.386935
0.000270313 -6.02119e-07 4.99162e-06 0 1.01275 0.731502
0.000386882 -1.53286e-06 1.07623e-05 -2.20405e-39 1.00824 1.12624
0.000547574 -3.03731e-06 1.60419e-05 -1.08532e-21 0.999071 1.40742
0.000738656 -4.13767e-06 2.13336e-05 -9.98459e-22 0.98795 1.69754
0.000926325 -5.33111e-06 2.71407e-05 -9.03102e-22 0.973108 1.99574
0.00111064 -6.81917e-06 3.3888e-05 -9.18355e-40 0.954421 2.31746
0.00129158 -8.96357e-06 4.11607e-05 -6.68729e-22 0.929608 2.64775
0.0014691 -1.06561e-05 5.5365e-05 3.85915e-27 0.902127 3.17399
0.00171893 -1.64416e-05 5.89732e-05 1.21981e-21 0.829839 3.13421
0.00205094 -1.86919e-05 5.18087e-05 5.5836e-38 0.808327 3.00919
0.00238716 -2.09554e-05 5.20007e-05 1.92304e-23 0.789507 3.11675
0.00271589 -2.34665e-05 5.65888e-05 -1.74617e-23 0.762824 3.34129
0.00303749 -2.65553e-05 6.24331e-05 5.12859e-22 0.729811 3.60036
0.00335213 -2.96734e-05 7.2663e-05 -4.73812e-22 0.693398 3.96612
0.003691 -3.33411e-05 7.62669e-05 -9.03393e-22 0.618472 3.94454
0.00405939 -3.4658e-05 7.06577e-05 -4.74657e-22 0.590634 3.87011
0.00442607 -3.68787e-05 7.00499e-05 -4.4967e-22 0.567067 3.95243
0.00478566 -3.99018e-05 7.36355e-05 -4.02278e-22 0.534599 4.13665
0.00513831 -4.36573e-05 7.92122e-05 3.66109e-22 0.495014 4.37166
0.00548413 -4.85013e-05 8.66176e-05 -1.06061e-23 0.447557 4.65452
0.00582327 -5.53406e-05 9.55455e-05 -5.8361e-22 0.386151 4.97996
0.00615741 -6.39445e-05 0.000118874 2.65532e-22 0.318204 5.57644
0.00654632 -8.29016e-05 0.000130592 -9.58127e-24 0.0869479 4.95796
0.00698705 -7.95492e-05 9.63421e-05 1.19598e-23 0.154417 4.53456
0.00741862 -7.28315e-05 8.33068e-05 -4.23954e-22 0.175293 4.30705
0.00784123 -6.82595e-05 7.82029e-05 -6.96861e-24 0.162598 4.21772
0.00825506 -6.64199e-05 7.60526e-05 4.54315e-22 0.13899 4.20795
0.00866029 -6.8368e-05 7.6668e-05 -2.93874e-39 0.113531 4.29095
0.00905711 -7.33854e-05 8.03549e-05 0 0.0834491 4.45854
0.00944567 -7.97323e-05 8.98848e-05 -2.93874e-39 0.0459578 4.73381
0.00983852 -8.67265e-05 9.97209e-05 3.79539e-22 -0.0359279 4.66118
0.0102516 -9.36185e-05 9.53484e-05 6.86342e-24 -0.095274 4.23469
0.0106724 -8.66352e-05 7.27702e-05 -5.26461e-22 -0.06551 3.93155
0.0110849 -7.83703e-05 6.37279e-05 5.82743e-22 -0.0554658 3.73226
0.0114893 -7.20846e-05 5.93398e-05 6.17373e-22 -0.0581723 3.61361
0.0118858 -6.82839e-05 5.66451e-05 6.25514e-22 -0.0665971 3.54924
0.0122744 -6.78112e-05 5.57962e-05 1.97287e-23 -0.0781035 3.55677
0.0126554 -6.99263e-05 5.67884e-05 2.95306e-22 -0.0914099 3.62658
0.0130289 -7.40161e-05 5.92633e-05 5.78017e-22 -0.106404 3.74355
0.0133951 -7.99162e-05 6.3537e-05 5.87747e-39 -0.124335 3.90451
0.0137541 -8.68929e-05 7.17552e-05 -7.74839e-24 -0.147359 4.12427
0.0141115 -9.1752e-05 8.12788e-05 -2.5173e-22 -0.196819 4.06531
0.0144788 -0.000100682 8.15196e-05 6.01704e-22 -0.243994 3.62102
0.0148504 -9.12494e-05 5.80136e-05 -1.15242e-23 -0.226277 3.33091
0.0152152 -7.97377e-05 4.69071e-05 -4.27423e-22 -0.212524 3.08359
0.0155732 -6.99995e-05 4.10467e-05 4.99619e-22 -0.205862 2.89769
0.0159243 -6.29576e-05 3.70636e-05 -5.17599e-22 -0.202132 2.76164
0.016269 -5.8268e-05 3.43415e-05 1.64186e-23 -0.200004 2.66903
0.0166074 -5.55662e-05 3.23896e-05 1.06559e-21 -0.199481 2.61407
0.0169397 -5.55031e-05 3.16114e-05 5.44386e-22 -0.200128 2.61561
0.0172659 -5.79342e-05 3.2232e-05 1.05943e-21 -0.201481 2.67379
0.0175862 -6.12353e-05 3.40526e-05 -1.58946e-23 -0.203918 2.75684
0.0179008 -6.48983e-05 3.6667e-05 1.51331e-23 -0.207726 2.85196
0.0182096 -6.89742e-05 3.97935e-05 2.29171e-22 -0.213451 2.95634
0.0185127 -7.33572e-05 4.33285e-05 1.35266e-23 -0.221487 3.06845
0.0188104 -7.95815e-05 4.58764e-05 -1.27703e-23 -0.231868 3.21503
0.0191027 -0.000102653 3.91202e-05 1.74805e-22 -0.24618 3.51656
