0.73981
2.01187
2.21794
2.06333
2.07295
1.99791
1.89284
1.79286
1.72072
1.66864
1.6263
1.58663
1.55898
1.533
1.51322
1.4953
1.47756
1.46063
1.44339
1.42517
1.40786
1.38935
1.37057
1.35431
1.33409
1.31863
1.29853
1.28166
1.2639
1.24488
1.22938
1.20978
1.19236
1.17578
1.15608
1.14124
1.12563
1.10601
1.09056
1.07497
1.05684
1.04068
1.02426
1.00646
0.988863
0.972601
0.954859
0.936949
0.917863
0.899072
0.882527
0.860528
0.841969
0.818781
0.803162
0.774008
0.746841
0.728875
0.705015
0.670317
0.636088
0.61444
0.581742
0.535607
0.492023
0.461629
0.417623
0.348372
0.313425
0.318941
0.352428
0.437933
0.513526
0.548268
0.583391
0.671766
0.75214
0.769665
0.799574
0.849923
0.919052
0.953685
0.972442
0.993785
1.05154
1.1047
1.11245
1.13207
1.16154
1.21292
1.24616
1.25493
1.26944
1.30572
1.35744
1.37796
1.38369
1.39381
1.43287
1.48593
1.49917
1.50142
1.50839
1.54208
1.59208
1.60582
1.60458
1.60935
1.63268
1.67901
1.70119
1.69617
1.69905
1.7083
1.7501
1.78604
1.77685
1.77873
1.78241
1.80817
1.84355
1.8496
1.84811
1.85056
1.85829
1.89031
1.91805
1.91103
1.91261
1.91557
1.93543
1.97728
1.99786
1.98855
1.98733
1.98871
2.02286
2.07957
2.09394
2.07937
2.07409
2.07243
2.10966
2.17095
2.18383
2.16566
2.15862
2.15424
2.17157
2.20999
2.22407
2.20945
2.20443
2.20066
2.20116
2.21297
2.2212
2.21378
2.21071
2.20652
2.2048
2.23736
2.27339
2.26449
2.24765
2.23445
2.22483
2.26763
2.43246
2.52787
2.43165
2.39695
2.3656
2.35723
2.50516
2.75625
2.81738
2.6843
2.62235
2.56905
2.54926
2.77561
3.04582
3.04695
2.90943
2.84119
2.77415
2.74514
2.92358
3.15197
3.1577
3.01965
2.95095
2.88808
2.86193
3.02199
3.38021
3.4911
3.26552
3.18011
3.10295
3.04312
3.06487
3.36512
3.5409
3.41298
3.30025
3.22011
3.15785
3.11567
3.17576
3.43568
3.52803
3.32812
3.25844
3.18842
3.14213
3.13333
3.22855
3.53112
3.62177
3.39763
3.32503
3.24893
3.19764
3.16851
3.22064
3.44206
3.5441
3.43388
3.33556
3.26562
3.20973
3.17164
3.17589
3.26001
3.45419
3.49102
3.31907
3.26005
3.19819
3.15781
3.14115
3.17282
3.27875
3.50518
3.5439
3.34811
3.28729
3.21977
3.17159
3.13634
3.126
3.16258
3.2694
3.3301
3.29358
3.20615
3.15874
3.11412
3.08125
3.06098
3.06639
3.10295
3.19207
3.24217
3.21335
3.13711
3.09949
3.06558
3.04506
3.04344
3.06517
3.10772
3.19202
3.33861
3.35936
3.2339
3.18285
3.13283
3.09431
3.06269
3.04022
3.02887
3.03805
3.06279
3.11482
3.14451
3.12696
3.07141
3.04579
3.01995
3.0017
2.99014
2.98888
2.99982
3.02032
3.05321
3.10706
3.17839
3.17793
3.09572
3.07323
3.04441
3.02537
3.01134
3.00377
3.0067
3.01782
3.03656
3.06383
3.10255
3.15822
3.20523
3.19836
3.14347
3.12896
3.11319
3.10675
3.10999
3.11987
3.13485
3.1555
3.18211
3.21515
3.25511
3.30251
3.35929
3.42812
3.48839
3.5215
3.56202
3.61616
3.6761
3.74302
3.81587
3.89428
3.97774
4.06575
4.15781
4.25349
4.35244
4.45374
4.55574
4.65731
4.75903
4.85584
4.91767
4.96078
1.57332
1.51532
1.53208
1.50875
1.46993
1.44735
1.40491
1.37407
1.37265
1.3702
1.36765
1.36648
1.37067
1.37806
1.38145
1.3856
1.38147
1.36962
1.36369
1.35955
1.34983
1.34172
1.34163
1.33643
1.32988
1.3335
1.32837
1.31682
1.31597
1.30694
1.29632
1.29781
1.29437
1.28597
1.28644
1.27744
1.26273
1.2594
1.2519
1.24279
1.24001
1.23388
1.21986
1.20592
1.19408
1.1689
1.13831
1.1117
1.07855
1.05267
1.0334
1.01792
0.999068
0.998699
1.01457
1.02478
1.04019
1.06455
1.09636
1.12901
1.16371
1.20161
1.2407
1.2946
1.34014
1.49356
1.37109
2.05074
2.34474
4.3462
3.81278
3.60861
3.72282
4.50191
4.21332
2.75896
1.85892
1.81614
0.882077
0.456548
0.443814
0.605593
1.02175
1.26322
1.31853
1.36082
1.53295
1.52482
1.45396
1.56858
1.33221
1.4617
1.68484
1.95059
2.04795
2.12025
2.318
2.52564
2.97371
3.14554
2.92153
2.80521
3.00676
3.29184
3.29053
3.25892
3.50473
3.78715
4.55132
4.46684
3.73039
3.53943
3.78873
4.26057
4.0961
3.55422
3.56594
3.81852
4.45572
1.03889
0.386935
0.731502
1.12624
1.40742
1.69754
1.99574
2.31746
2.64775
3.17399
3.13421
3.00919
3.11675
3.34129
3.60036
3.96612
3.94454
3.87011
3.95243
4.13665
4.37166
4.65452
4.97996
5.57644
4.95796
4.53456
4.30705
4.21772
4.20795
4.29095
4.45854
4.73381
4.66118
4.23469
3.93155
3.73226
3.61361
3.54924
3.55677
3.62658
3.74355
3.90451
4.12427
4.06531
3.62102
3.33091
3.08359
2.89769
2.76164
2.66903
2.61407
2.61561
2.67379
2.75684
2.85196
2.95634
3.06845
3.21503
3.51656
