# ccx tau_xx tau_yy tau_zz cp yplus
0.0241381 -5.78329e-05 -1.5848e-05 0 0.0920577 1.17279
0.0222903 -7.81381e-06 -2.97009e-06 2.81168e-21 0.115744 0.437819
0.0205488 -6.52087e-05 -1.95596e-05 2.79547e-24 -0.182544 1.25214
0.018972 -0.000120359 -5.89004e-05 -2.9605e-24 0.0449761 1.68601
0.0175735 -8.79324e-05 -5.1263e-05 3.10894e-24 0.195509 1.43212
0.0162732 -6.32328e-05 -3.86286e-05 -6.80849e-21 0.28564 1.22546
0.0150379 -7.10522e-05 -4.35329e-05 2.70364e-37 0.248955 1.30413
0.0138963 -7.95236e-05 -5.61513e-05 -7.31828e-24 0.373727 1.36456
0.0128539 -6.31767e-05 -4.73453e-05 7.71097e-24 0.442845 1.21877
0.0118717 -5.279e-05 -4.03214e-05 -8.14939e-24 0.49865 1.1236
0.010935 -4.82802e-05 -3.83845e-05 -2.37494e-28 0.512669 1.08864
0.0100558 -6.46741e-05 -5.34026e-05 -4.51983e-21 0.510817 1.25185
0.00926883 -6.12197e-05 -5.96576e-05 -9.24147e-24 0.628158 1.20013
0.00855386 -4.60219e-05 -4.6048e-05 9.7364e-24 0.662883 1.05559
0.00786886 -4.24319e-05 -4.23229e-05 2.93874e-39 0.706613 1.02163
0.00721139 -3.04513e-05 -3.33522e-05 -2.72661e-21 0.739136 0.894837
0.00658536 -5.07627e-05 -5.32929e-05 -2.93874e-39 0.685857 1.14351
0.00606692 -4.6475e-05 -6.96964e-05 -5.76727e-38 0.823724 1.05143
0.0056447 -2.83957e-05 -4.47913e-05 1.18794e-23 0.849694 0.849247
0.00523576 -2.5447e-05 -4.02866e-05 -1.23232e-23 0.890496 0.818023
0.00483917 -2.04269e-05 -3.30196e-05 -3.27392e-21 0.909136 0.750793
0.00445409 -1.85126e-05 -2.98197e-05 1.31316e-23 0.930722 0.725884
0.00407975 -1.52056e-05 -2.51144e-05 3.4602e-21 0.946281 0.675298
0.00371686 -1.55791e-05 -2.56445e-05 -3.55561e-21 0.953799 0.692664
0.00339126 -1.23611e-05 -2.35208e-05 1.82881e-21 0.976798 0.625591
0.00310082 -8.59101e-06 -1.68371e-05 2.95329e-23 0.984391 0.538221
0.00281832 -7.17549e-06 -1.39555e-05 -3.92235e-21 0.994113 0.500381
0.00254315 -5.131e-06 -1.00114e-05 5.87747e-39 0.999354 0.432286
0.00227474 -3.73737e-06 -7.11083e-06 2.08658e-21 1.00386 0.372502
0.00201259 -1.73965e-06 -3.02827e-06 -3.29434e-23 1.00687 0.25019
0.00175619 -9.46495e-10 5.68489e-07 3.367e-23 1.00675 0.100663
0.00155717 1.68639e-06 6.75148e-06 -1.16755e-21 1.00629 0.329366
0.00142641 2.60623e-06 1.12344e-05 -1.07231e-21 1.00044 0.421822
0.00131014 3.18829e-06 1.41569e-05 1.20373e-27 0.996035 0.486242
0.0011955 3.98771e-06 1.75705e-05 -2.2513e-21 0.988991 0.55616
0.00108237 4.63961e-06 2.07231e-05 -2.93874e-39 0.981621 0.618958
0.000970662 5.36179e-06 2.4123e-05 -3.55523e-23 0.97258 0.683354
0.000860265 6.10062e-06 2.77712e-05 1.21198e-21 0.962478 0.74892
0.000751085 6.86315e-06 3.16728e-05 -1.74746e-21 0.950478 0.815366
0.000643029 7.80354e-06 3.66287e-05 3.55693e-23 0.937026 0.892039
0.000536008 8.74934e-06 4.21875e-05 1.07711e-21 0.919792 0.971874
0.000434516 1.02267e-05 5.25353e-05 5.80591e-22 0.90034 1.09399
0.00036035 6.49205e-06 5.23448e-05 -3.01826e-22 0.867382 1.07674
0.000308737 5.07654e-06 4.93412e-05 1.78948e-23 0.860328 1.05712
0.000257599 5.5665e-06 5.50485e-05 6.91062e-39 0.840261 1.12834
0.000206854 5.94036e-06 6.04602e-05 -3.67342e-40 0.818138 1.19185
0.000156422 6.27384e-06 6.75364e-05 -2.79395e-22 0.792977 1.26581
0.000106227 6.40615e-06 7.65575e-05 2.82099e-22 0.761505 1.35006
5.61911e-05 7.10411e-06 9.49176e-05 2.56437e-22 0.723793 1.5032
2.54461e-05 2.27356e-06 0.000112456 1.32867e-22 0.656254 1.63664
4.59535e-05 -6.45125e-06 8.69537e-05 -2.65766e-22 0.592492 1.43976
9.85434e-05 -7.13188e-06 6.55166e-05 -2.79802e-22 0.616483 1.25048
0.000151297 -8.55619e-06 7.36471e-05 8.66e-24 0.596421 1.32322
0.000204302 -9.06886e-06 7.88153e-05 -8.55179e-24 0.571454 1.36227
0.00025765 -1.04394e-05 8.6328e-05 5.73972e-42 0.546352 1.41524
0.000311433 -1.17519e-05 9.19294e-05 -7.01735e-28 0.50731 1.4459
0.000365746 -1.62976e-05 0.000116296 -2.55768e-22 0.475931 1.60745
0.000445378 -2.04602e-05 0.000105497 1.58187e-23 0.377195 1.55446
0.00055156 -1.66664e-05 8.17908e-05 1.64069e-23 0.393895 1.35237
0.000659776 -1.95053e-05 8.66359e-05 -3.28136e-23 0.373336 1.37352
0.000769061 -2.12329e-05 9.31336e-05 3.24837e-23 0.341916 1.39966
0.000879508 -2.29236e-05 9.88142e-05 9.96295e-22 0.308035 1.41446
0.000991212 -2.53443e-05 0.000106477 1.04742e-21 0.267862 1.4381
0.00110427 -2.82377e-05 0.00011571 -2.00192e-21 0.218714 1.46582
0.0012188 -3.26628e-05 0.000129257 -1.01375e-21 0.16109 1.51284
0.00133489 -3.79555e-05 0.000144634 -9.56961e-22 0.0823096 1.56089
0.00145267 -5.28361e-05 0.000185429 9.42818e-22 -0.00788725 1.72553
0.00159864 -7.29772e-05 0.00020087 1.77048e-21 -0.20885 1.88498
0.00180908 -5.20588e-05 0.000125368 -1.77579e-21 -0.321691 1.57884
0.00205933 -3.04766e-05 7.83215e-05 -4.4081e-38 -0.207532 1.21761
0.0023151 -4.27742e-05 9.23996e-05 5.49004e-39 -0.21706 1.31445
0.00257684 -4.85069e-05 0.000102799 8.41672e-38 -0.2535 1.36042
0.00284503 -5.57876e-05 0.000115218 0 -0.289955 1.41402
0.00312021 -6.15755e-05 0.000125211 1.6917e-21 -0.363059 1.44586
0.00340292 -8.76841e-05 0.000167867 1.61511e-21 -0.424811 1.64972
0.00372781 -8.35186e-05 0.00013958 -4.4081e-38 -0.663075 1.61938
0.00409686 -5.32999e-05 9.75905e-05 2.93874e-39 -0.577897 1.31865
0.00447716 -6.62539e-05 0.000108248 3.11974e-21 -0.59685 1.38599
0.00486856 -7.74489e-05 0.000123324 3.00086e-21 -0.670671 1.45984
0.00527186 -9.26909e-05 0.000144001 -1.12686e-23 -0.751388 1.55722
0.00568796 -0.000106639 0.000162211 -5.87747e-38 -0.903989 1.63179
0.00612239 -0.000180654 0.000252315 -5.1041e-21 -1.05479 2.05363
0.00665821 -0.000133257 0.000141288 9.41064e-24 -1.73209 1.87127
0.00729611 -1.12787e-05 3.12754e-05 -1.02779e-23 -1.18903 0.75418
0.00795984 -6.84379e-05 6.98011e-05 9.71474e-24 -1.17595 1.30484
0.00865166 -8.09234e-05 8.21881e-05 5.87747e-39 -1.24501 1.40452
0.00937405 -0.00013532 0.000129406 4.39544e-21 -1.24493 1.77535
0.0101797 -0.000113056 9.14112e-05 -1.6353e-23 -1.6379 1.66839
0.0110816 -3.58283e-05 3.50757e-05 -4.24625e-21 -1.35456 0.982849
0.0120348 -5.54045e-05 4.35093e-05 -4.06059e-21 -1.30294 1.16107
0.0130351 -8.5643e-05 6.35015e-05 0 -1.30611 1.42147
0.014109 -9.93629e-05 6.64305e-05 -3.6318e-21 -1.41869 1.5375
0.0152921 -4.76877e-05 3.08127e-05 0 -1.44987 1.08716
0.0165683 -1.55489e-05 1.21779e-05 6.87316e-21 -1.23428 0.638316
0.0179138 -4.17299e-05 2.44634e-05 -6.46517e-21 -1.18927 0.998349
0.0193449 -4.56838e-05 2.56289e-05 5.98298e-24 -1.18803 1.04532
0.0208743 -3.43217e-05 1.91799e-05 -2.85503e-24 -1.13259 0.909535
0.0224959 -3.45834e-05 1.89162e-05 5.53501e-21 -1.05726 0.908931
0.0242093 -4.73248e-05 2.47542e-05 2.54956e-24 -1.02046 1.05603
0.982587 -1.58833e-05 -1.30682e-06 -3.91015e-20 0.169411 0.585041
0.948891 -1.95581e-05 -3.02709e-06 -4.16196e-20 0.272728 0.641603
0.917145 -1.54816e-05 -1.90269e-06 -1.67697e-25 0.292641 0.575954
0.886801 -1.3961e-05 -1.19142e-06 -2.29742e-20 0.311806 0.551875
0.857561 -1.23298e-05 -6.14756e-07 1.82083e-25 0.313668 0.522576
0.829308 -1.15103e-05 -1.75893e-07 -3.0871e-21 0.303797 0.50813
0.802059 -1.1001e-05 1.41687e-07 -3.44383e-41 0.28855 0.498995
0.775774 -1.12752e-05 4.03747e-07 -4.59177e-41 0.258664 0.506732
0.750274 -1.21992e-05 5.73969e-07 6.81262e-21 0.23107 0.527685
0.725449 -1.35805e-05 7.01115e-07 2.13165e-25 0.1963 0.556828
0.701392 -1.5298e-05 7.43604e-07 -4.42581e-25 0.170343 0.590483
0.678087 -1.67353e-05 7.11546e-07 7.44294e-21 0.14827 0.616847
0.655328 -1.78879e-05 6.44004e-07 2.32043e-25 0.133886 0.636955
0.633182 -1.86359e-05 5.78163e-07 -1.31006e-29 0.12262 0.649505
0.6117 -1.91838e-05 5.24333e-07 4.03947e-21 0.113462 0.658485
0.590708 -1.96672e-05 4.77944e-07 -8.23583e-21 0.1043 0.666306
0.570278 -2.02271e-05 4.23097e-07 -2.60346e-25 0.0955531 0.67528
0.550444 -2.08096e-05 3.51112e-07 0 0.0886912 0.68444
0.531024 -2.12774e-05 2.73853e-07 2.22446e-21 0.0841007 0.691623
0.512152 -2.15991e-05 2.08176e-07 -2.15239e-41 0.0804881 0.696459
0.493828 -2.18834e-05 1.52866e-07 1.1789e-21 0.076686 0.700728
0.475873 -2.21852e-05 9.39394e-08 2.94151e-25 0.0729245 0.705252
0.458438 -2.26556e-05 2.3817e-08 3.05323e-25 0.0681945 0.712368
0.441482 -2.31132e-05 -7.26711e-08 -1.04162e-30 0.0672625 0.719132
0.424897 -2.33461e-05 -1.49407e-07 6.53207e-22 0.0670151 0.722468
0.408797 -2.35347e-05 -2.09563e-07 -3.39225e-31 0.0667788 0.725194
0.393117 -2.36879e-05 -2.63673e-07 -1.37707e-21 0.066602 0.72741
0.377809 -2.39203e-05 -3.17167e-07 -3.46189e-25 0.0651151 0.73085
0.36296 -2.42707e-05 -3.90216e-07 1.25802e-41 0.0643529 0.73602
0.348496 -2.45678e-05 -4.69557e-07 -4.29722e-41 0.0648435 0.740348
0.334389 -2.47323e-05 -5.3985e-07 1.87781e-25 0.065925 0.742719
0.320715 -2.50876e-05 -6.13835e-07 -3.17972e-21 0.064904 0.74795
0.307417 -2.55263e-05 -7.22945e-07 6.50288e-21 0.0676142 0.754297
0.29444 -2.56523e-05 -8.03344e-07 -2.03715e-25 0.0717785 0.756099
0.281873 -2.57725e-05 -8.54681e-07 0 0.0747119 0.757923
0.269696 -2.58197e-05 -8.99716e-07 -3.55245e-21 0.0795067 0.758703
0.257819 -2.57384e-05 -9.07643e-07 -4.44949e-25 0.0825103 0.757701
0.246293 -2.56698e-05 -9.07344e-07 -1.31613e-30 0.0849523 0.756912
0.235149 -2.57432e-05 -9.07549e-07 3.89932e-21 0.084695 0.758222
0.224342 -2.58838e-05 -9.30868e-07 -4.00825e-21 0.0853258 0.760469
0.213836 -2.60813e-05 -9.55416e-07 4.12573e-21 0.0836701 0.763552
0.203649 -2.64291e-05 -1.00839e-06 4.26126e-21 0.0828115 0.768771
0.193818 -2.64304e-05 -1.0475e-06 -2.21477e-21 0.0831531 0.76896
0.184328 -2.67462e-05 -1.0842e-06 -2.28498e-21 0.0775688 0.773744
0.175136 -2.70689e-05 -1.18891e-06 -2.8811e-25 0.0771041 0.778512
0.166245 -2.78164e-05 -1.31249e-06 1.48936e-25 0.0686089 0.789327
0.157656 -2.90559e-05 -1.58163e-06 -7.7119e-26 0.0690159 0.806728
0.149371 -2.90585e-05 -1.76063e-06 5.23895e-21 0.0733996 0.806897
0.141387 -3.01558e-05 -1.95712e-06 -8.29586e-26 0.0662753 0.822214
0.13371 -2.97848e-05 -2.18928e-06 0 0.0831325 0.817319
0.126334 -3.14417e-05 -2.37285e-06 1.40182e-27 0.062147 0.840145
0.119242 -3.25806e-05 -2.94272e-06 -1.22253e-20 0.0925518 0.855293
0.112431 -3.15174e-05 -2.88414e-06 -4.85774e-26 0.0882871 0.841798
0.105896 -3.16726e-05 -3.08041e-06 5.05539e-26 0.104013 0.844377
0.0996302 -3.15337e-05 -3.1171e-06 1.49995e-38 0.100939 0.843149
0.0936397 -3.12707e-05 -3.27965e-06 -5.51013e-40 0.113441 0.840242
0.0879203 -3.39548e-05 -3.7191e-06 3.78638e-21 0.0960193 0.876198
0.0824636 -3.53375e-05 -4.42785e-06 -3.96622e-21 0.130117 0.894399
0.0772605 -3.29835e-05 -4.13799e-06 4.15518e-21 0.134513 0.86496
0.0722977 -3.1011e-05 -3.91322e-06 -4.3599e-21 0.149674 0.839638
0.0675726 -3.44706e-05 -4.37083e-06 4.57753e-21 0.122911 0.886123
0.0631012 -3.68864e-05 -5.40385e-06 -4.84707e-21 0.160845 0.917546
0.0588725 -3.3568e-05 -4.93223e-06 5.09916e-21 0.165817 0.876325
0.0548596 -3.25853e-05 -4.77946e-06 6.57125e-25 0.176358 0.864458
0.0510732 -3.1749e-05 -4.67197e-06 -3.67342e-40 0.174979 0.854339
0.0475028 -3.32416e-05 -5.06111e-06 -3.01983e-21 0.173635 0.875315
0.0441471 -3.24563e-05 -5.19173e-06 7.89081e-25 0.185197 0.866094
0.0410015 -2.88249e-05 -4.61433e-06 -3.43164e-21 0.186683 0.817237
0.0380488 -2.59139e-05 -4.10568e-06 8.44887e-38 0.179877 0.77581
0.0352932 -2.18864e-05 -3.47308e-06 2.79135e-37 0.171469 0.713902
0.0327232 -2.19331e-05 -3.56129e-06 0 0.140839 0.715738
0.0303331 -2.4024e-05 -4.15625e-06 2.46105e-38 0.1295 0.750321
0.0281209 -7.00159e-06 -1.29527e-06 -2.39759e-24 0.131988 0.406049
0.0260738 -3.74801e-05 -7.13458e-06 2.54468e-24 -0.0241451 0.941387
0.246845 -3.94636e-05 -2.24521e-06 -2.0558e-21 -1.15443 0.931125
0.252046 -3.82233e-05 -2.1846e-06 -1.99959e-21 -1.11144 0.916672
0.257396 -3.93669e-05 -2.23511e-06 1.94397e-21 -1.0915 0.930533
0.262901 -3.92588e-05 -2.27525e-06 -2.88416e-26 -1.07113 0.929489
0.268563 -3.91464e-05 -2.28591e-06 -7.35428e-21 -1.05067 0.928415
0.274384 -3.99993e-05 -2.32953e-06 -3.57716e-21 -1.03277 0.93875
0.280369 -3.98495e-05 -2.46888e-06 3.48e-21 -1.02553 0.937184
0.286519 -3.86984e-05 -2.47217e-06 1.034e-25 -1.00582 0.923814
0.292839 -4.00842e-05 -2.55319e-06 -1.0064e-25 -0.98757 0.940519
0.29933 -3.91997e-05 -2.78247e-06 3.2108e-21 -0.991751 0.930258
0.305995 -3.72922e-05 -2.7213e-06 9.54289e-26 -0.960744 0.907675
0.312839 -3.88722e-05 -2.85939e-06 -9.29896e-26 -0.94699 0.927028
0.319862 -3.73096e-05 -3.02107e-06 -1.18773e-20 -0.947677 0.908443
0.327069 -3.63158e-05 -2.94792e-06 5.78957e-21 -0.911585 0.896666
0.334476 -3.70333e-05 -3.1125e-06 -5.62466e-21 -0.909066 0.905793
0.342089 -3.57553e-05 -3.10629e-06 1.09607e-20 -0.891289 0.89039
0.349901 -3.62339e-05 -3.1594e-06 2.39822e-29 -0.872256 0.896719
0.357913 -3.57156e-05 -3.24942e-06 -5.21013e-21 -0.870149 0.890628
0.366128 -3.56382e-05 -3.24342e-06 -2.29462e-37 -0.845474 0.890088
0.374549 -3.56389e-05 -3.37719e-06 -4.95786e-21 -0.847477 0.89046
0.383181 -3.51835e-05 -3.37556e-06 1.47668e-25 -0.826382 0.885188
0.392029 -3.53274e-05 -3.5051e-06 9.43443e-21 -0.824394 0.887398
0.401118 -3.47594e-05 -3.54351e-06 1.83396e-20 -0.810439 0.880677
0.410448 -3.47409e-05 -3.644e-06 0 -0.802023 0.880885
0.420005 -3.42525e-05 -3.72319e-06 -5.11301e-37 -0.793477 0.875129
0.429792 -3.39742e-05 -3.79534e-06 -5.29253e-29 -0.780797 0.872045
0.439813 -3.361e-05 -3.89696e-06 -8.32984e-21 -0.773607 0.867839
0.450071 -3.3063e-05 -3.95127e-06 -2.48282e-25 -0.760228 0.861253
0.460595 -3.27829e-05 -4.04667e-06 7.91133e-21 -0.749888 0.858109
0.471398 -3.2073e-05 -4.09248e-06 -7.34684e-40 -0.738941 0.849291
0.482463 -3.19442e-05 -4.15844e-06 -1.50746e-20 -0.722703 0.848129
0.493788 -3.13658e-05 -4.23458e-06 -1.47245e-20 -0.717875 0.840948
0.505377 -3.11516e-05 -4.25789e-06 2.19394e-25 -0.69712 0.83865
0.517237 -3.09714e-05 -4.39671e-06 1.40521e-20 -0.696052 0.836768
0.529401 -3.01694e-05 -4.38842e-06 6.88766e-41 -0.677784 0.826459
0.541887 -3.02951e-05 -4.52001e-06 1.33292e-20 -0.667883 0.828765
0.554668 -2.92979e-05 -4.58343e-06 1.30187e-20 -0.661023 0.815597
0.567746 -2.8486e-05 -4.55645e-06 0 -0.637649 0.804851
0.58113 -2.83506e-05 -4.65094e-06 -7.34684e-40 -0.627449 0.803544
0.594829 -2.7592e-05 -4.65682e-06 2.42541e-20 -0.612609 0.79335
0.608878 -2.72115e-05 -4.67247e-06 1.80013e-25 -0.595198 0.788507
0.623302 -2.70714e-05 -4.74134e-06 1.75411e-25 -0.583576 0.787114
0.638085 -2.66938e-05 -4.81179e-06 2.24359e-20 -0.571421 0.782247
0.653222 -2.58454e-05 -4.83994e-06 0 -0.558815 0.770348
0.668725 -2.49891e-05 -4.81784e-06 3.41699e-28 -0.538437 0.758138
0.684611 -2.44058e-05 -4.82883e-06 -2.60909e-36 -0.521335 0.749892
0.700898 -2.3793e-05 -4.8199e-06 -1.54747e-25 -0.50255 0.741086
0.717605 -2.32673e-05 -4.82753e-06 1.5069e-25 -0.48475 0.733518
0.734755 -2.26068e-05 -4.82777e-06 -3.8423e-20 -0.467058 0.723681
0.752376 -2.17008e-05 -4.79066e-06 1.42428e-25 -0.447167 0.709662
0.77048 -2.0644e-05 -4.70293e-06 -3.63099e-20 -0.42384 0.692801
0.789082 -1.97271e-05 -4.60409e-06 1.34615e-25 -0.39782 0.677899
0.808215 -1.89885e-05 -4.51793e-06 3.4261e-20 -0.37307 0.665755
0.827917 -1.83297e-05 -4.46721e-06 1.77794e-36 -0.348481 0.654735
0.848248 -1.70878e-05 -4.30173e-06 -4.2267e-42 -0.325599 0.632748
0.869255 -1.61312e-05 -4.18339e-06 1.71475e-36 -0.290053 0.615358
0.890973 -1.43724e-05 -3.82745e-06 5.98749e-20 -0.26813 0.581446
0.913482 -1.4401e-05 -3.93183e-06 5.75868e-20 -0.213957 0.582494
0.936945 -9.75093e-06 -2.79891e-06 5.49037e-20 -0.231735 0.479931
0.961563 -1.60134e-05 -4.64448e-06 -9.92715e-26 -0.0813783 0.614894
0.987092 2.61428e-06 7.46223e-07 9.68397e-20 -0.337159 0.238996
0.0260118 -4.93412e-05 2.5162e-05 5.02774e-21 -1.02645 1.07753
0.0278765 -4.88062e-05 2.49038e-05 0 -0.979699 1.06889
0.0297852 -5.77034e-05 2.88203e-05 4.78544e-21 -0.972846 1.15681
0.0317451 -6.05134e-05 2.95687e-05 -9.35137e-21 -0.991634 1.1832
0.0337593 -5.74556e-05 2.76753e-05 -2.73302e-37 -0.984967 1.15217
0.0358222 -5.76473e-05 2.76352e-05 -2.18787e-24 -0.972057 1.1512
0.0379306 -6.62955e-05 3.13096e-05 4.27657e-24 -0.972476 1.23047
0.0400923 -6.33351e-05 2.89235e-05 -2.09796e-24 -1.02571 1.20382
0.0423089 -5.83401e-05 2.67769e-05 -8.426e-21 -0.982634 1.15402
0.0445712 -6.48865e-05 2.92915e-05 8.2608e-21 -0.99792 1.21329
0.0468792 -6.73101e-05 2.99447e-05 2.93874e-39 -1.02335 1.23468
0.049241 -6.53486e-05 2.85509e-05 1.94049e-24 -1.04032 1.21627
0.0516536 -6.49234e-05 2.82986e-05 7.80136e-21 -1.04059 1.21034
0.0541096 -7.45358e-05 3.20427e-05 0 -1.05572 1.29371
0.0566216 -7.10105e-05 2.90739e-05 -7.52473e-21 -1.13782 1.26508
0.0591928 -6.24424e-05 2.54319e-05 7.42376e-21 -1.09506 1.18648
0.0618136 -6.67175e-05 2.6762e-05 1.24162e-37 -1.10565 1.22365
0.0644836 -7.27563e-05 2.87235e-05 7.1533e-21 -1.12772 1.27638
0.0672093 -6.84965e-05 2.60309e-05 -7.03899e-21 -1.17977 1.23982
0.0699884 -6.48193e-05 2.46665e-05 -1.46937e-39 -1.14555 1.205
0.0728125 -7.34293e-05 2.75139e-05 -1.23393e-27 -1.17092 1.27998
0.0756894 -7.39058e-05 2.67896e-05 -6.70799e-21 -1.22847 1.28477
0.0786243 -6.89988e-05 2.44102e-05 8.06976e-25 -1.23071 1.24183
0.0816101 -6.91702e-05 2.43336e-05 -6.50901e-21 -1.23573 1.24183
0.0846419 -8.188e-05 2.83805e-05 2.93874e-39 -1.25182 1.34891
0.0877365 -7.4601e-05 2.37856e-05 6.30296e-21 -1.3765 1.29065
0.0908949 -6.38251e-05 2.04283e-05 -7.61161e-25 -1.28239 1.19378
0.0941007 -7.37615e-05 2.30692e-05 -6.13412e-21 -1.3142 1.28094
0.0973585 -7.757e-05 2.34977e-05 0 -1.35783 1.31365
0.100677 -7.10487e-05 2.03746e-05 1.46937e-39 -1.39473 1.25832
0.104052 -6.80782e-05 1.94767e-05 5.88506e-21 -1.35864 1.23082
0.107474 -8.10805e-05 2.27942e-05 5.79537e-21 -1.38141 1.34146
0.110956 -7.6698e-05 1.97585e-05 -6.97857e-25 -1.48875 1.30631
0.114501 -6.69788e-05 1.68862e-05 5.65854e-21 -1.42378 1.22092
0.118096 -7.36485e-05 1.82518e-05 6.80366e-25 -1.43662 1.27881
0.121743 -8.1806e-05 1.94659e-05 5.50138e-21 -1.476 1.34745
0.125456 -7.16962e-05 1.52197e-05 -2.93874e-39 -1.55211 1.26264
0.129233 -6.43802e-05 1.3676e-05 -1.07281e-20 -1.45789 1.19604
0.133059 -7.84907e-05 1.63166e-05 5.28817e-21 -1.48394 1.31932
0.136941 -7.52241e-05 1.40787e-05 -5.22194e-21 -1.57188 1.29209
0.140884 -6.6847e-05 1.19845e-05 -6.31372e-25 -1.51671 1.21796
0.144877 -7.29854e-05 1.28866e-05 5.10339e-21 -1.5191 1.27175
0.148923 -8.15609e-05 1.35435e-05 -5.04007e-21 -1.56142 1.34409
0.153037 -7.04941e-05 9.6508e-06 -3.67342e-40 -1.63764 1.24978
0.157214 -6.20268e-05 8.4623e-06 -6.00821e-25 -1.52984 1.17203
0.161438 -8.06733e-05 1.0759e-05 -4.85833e-21 -1.54403 1.33595
0.16572 -7.21243e-05 7.10158e-06 -4.80427e-21 -1.6815 1.26287
0.170061 -5.61311e-05 4.98154e-06 2.91155e-25 -1.54334 1.11396
0.174461 -6.53851e-05 5.67325e-06 2.349e-21 -1.52803 1.2019
0.178919 -6.87777e-05 5.06877e-06 2.32441e-21 -1.56065 1.23225
0.18343 -5.95918e-05 3.08657e-06 0 -1.56105 1.14638
0.187991 -5.47294e-05 2.77221e-06 2.78474e-25 -1.48647 1.09848
0.192607 -7.06921e-05 3.56264e-06 2.24797e-21 -1.46638 1.24841
0.197284 -5.96796e-05 5.77505e-07 -2.77811e-22 -1.59597 1.14538
0.202013 -4.50511e-05 3.21728e-07 -2.69683e-25 -1.41134 0.995418
0.206788 -5.85171e-05 4.88195e-07 -2.28556e-38 -1.4138 1.13447
0.21162 -5.38021e-05 -7.93141e-07 -1.07845e-21 -1.44765 1.08688
0.216509 -4.29409e-05 -1.2995e-06 -1.29029e-38 -1.367 0.970705
0.221445 -4.42732e-05 -1.33047e-06 7.91574e-38 -1.30666 0.985857
0.226429 -4.70287e-05 -1.68129e-06 2.02964e-38 -1.2915 1.016
0.231471 -4.11391e-05 -2.11743e-06 -1.26675e-25 -1.27241 0.949909
0.236565 -3.79241e-05 -1.98309e-06 6.28458e-26 -1.19694 0.912406
0.241702 -4.10961e-05 -2.10567e-06 9.35231e-26 -1.17236 0.950089
