1.17279
0.437819
1.25214
1.68601
1.43212
1.22546
1.30413
1.36456
1.21877
1.1236
1.08864
1.25185
1.20013
1.05559
1.02163
0.894837
1.14351
1.05143
0.849247
0.818023
0.750793
0.725884
0.675298
0.692664
0.625591
0.538221
0.500381
0.432286
0.372502
0.25019
0.100663
0.329366
0.421822
0.486242
0.55616
0.618958
0.683354
0.74892
0.815366
0.892039
0.971874
1.09399
1.07674
1.05712
1.12834
1.19185
1.26581
1.35006
1.5032
1.63664
1.43976
1.25048
1.32322
1.36227
1.41524
1.4459
1.60745
1.55446
1.35237
1.37352
1.39966
1.41446
1.4381
1.46582
1.51284
1.56089
1.72553
1.88498
1.57884
1.21761
1.31445
1.36042
1.41402
1.44586
1.64972
1.61938
1.31865
1.38599
1.45984
1.55722
1.63179
2.05363
1.87127
0.75418
1.30484
1.40452
1.77535
1.66839
0.982849
1.16107
1.42147
1.5375
1.08716
0.638316
0.998349
1.04532
0.909535
0.908931
1.05603
0.585041
0.641603
0.575954
0.551875
0.522576
0.50813
0.498995
0.506732
0.527685
0.556828
0.590483
0.616847
0.636955
0.649505
0.658485
0.666306
0.67528
0.68444
0.691623
0.696459
0.700728
0.705252
0.712368
0.719132
0.722468
0.725194
0.72741
0.73085
0.73602
0.740348
0.742719
0.74795
0.754297
0.756099
0.757923
0.758703
0.757701
0.756912
0.758222
0.760469
0.763552
0.768771
0.76896
0.773744
0.778512
0.789327
0.806728
0.806897
0.822214
0.817319
0.840145
0.855293
0.841798
0.844377
0.843149
0.840242
0.876198
0.894399
0.86496
0.839638
0.886123
0.917546
0.876325
0.864458
0.854339
0.875315
0.866094
0.817237
0.77581
0.713902
0.715738
0.750321
0.406049
0.941387
0.931125
0.916672
0.930533
0.929489
0.928415
0.93875
0.937184
0.923814
0.940519
0.930258
0.907675
0.927028
0.908443
0.896666
0.905793
0.89039
0.896719
0.890628
0.890088
0.89046
0.885188
0.887398
0.880677
0.880885
0.875129
0.872045
0.867839
0.861253
0.858109
0.849291
0.848129
0.840948
0.83865
0.836768
0.826459
0.828765
0.815597
0.804851
0.803544
0.79335
0.788507
0.787114
0.782247
0.770348
0.758138
0.749892
0.741086
0.733518
0.723681
0.709662
0.692801
0.677899
0.665755
0.654735
0.632748
0.615358
0.581446
0.582494
0.479931
0.614894
0.238996
1.07753
1.06889
1.15681
1.1832
1.15217
1.1512
1.23047
1.20382
1.15402
1.21329
1.23468
1.21627
1.21034
1.29371
1.26508
1.18648
1.22365
1.27638
1.23982
1.205
1.27998
1.28477
1.24183
1.24183
1.34891
1.29065
1.19378
1.28094
1.31365
1.25832
1.23082
1.34146
1.30631
1.22092
1.27881
1.34745
1.26264
1.19604
1.31932
1.29209
1.21796
1.27175
1.34409
1.24978
1.17203
1.33595
1.26287
1.11396
1.2019
1.23225
1.14638
1.09848
1.24841
1.14538
0.995418
1.13447
1.08688
0.970705
0.985857
1.016
0.949909
0.912406
0.950089
