# ccx tau_xx tau_yy tau_zz cp yplus
0.996464 2.5351e-06 4.34781e-07 -2.2138e-20 -0.324101 1.10867
0.988953 5.9556e-06 2.04449e-06 3.03657e-20 -0.326293 1.97817
0.980947 7.22003e-06 1.82159e-06 1.64299e-20 -0.345222 2.2005
0.972985 6.48277e-06 1.77847e-06 -1.74341e-20 -0.345932 2.0468
0.965205 6.6288e-06 1.88268e-06 -1.81459e-20 -0.355079 2.03038
0.957562 6.11031e-06 1.71855e-06 1.88721e-20 -0.359818 1.9226
0.950013 5.52687e-06 1.52157e-06 9.52232e-24 -0.363778 1.8041
0.942557 5.0418e-06 1.37861e-06 -9.83436e-24 -0.365848 1.6975
0.935198 4.75328e-06 1.29175e-06 -7.98129e-28 -0.368099 1.62276
0.927925 4.57296e-06 1.23495e-06 -1.09652e-37 -0.370022 1.56685
0.920729 4.43794e-06 1.17151e-06 0 -0.372316 1.52168
0.913605 4.34047e-06 1.12644e-06 1.0895e-20 -0.374332 1.48302
0.906551 4.31387e-06 1.09862e-06 -1.10506e-20 -0.376671 1.4571
0.899565 4.29728e-06 1.07706e-06 -1.12202e-20 -0.379082 1.43346
0.892647 4.31849e-06 1.07231e-06 1.13591e-20 -0.381605 1.4155
0.885793 4.33688e-06 1.06135e-06 0 -0.384356 1.39827
0.879002 4.35484e-06 1.05699e-06 0 -0.387103 1.38048
0.87227 4.36385e-06 1.04308e-06 -1.17094e-20 -0.390038 1.36256
0.865595 4.3715e-06 1.03526e-06 -2.31666e-23 -0.39293 1.34394
0.858974 4.36201e-06 1.01437e-06 1.19873e-20 -0.396 1.3244
0.852405 4.36609e-06 1.00651e-06 1.20908e-20 -0.398959 1.30574
0.845887 4.34368e-06 9.77828e-07 -1.22107e-20 -0.402195 1.28593
0.839418 4.33541e-06 9.70051e-07 -1.23426e-20 -0.405186 1.26584
0.833004 4.31562e-06 9.42104e-07 -2.44227e-23 -0.408543 1.24727
0.826639 4.28761e-06 9.28897e-07 1.66142e-27 -0.411637 1.22553
0.820321 4.28044e-06 9.11181e-07 -2.48879e-23 -0.415018 1.2082
0.814046 4.24916e-06 8.91747e-07 2.51128e-23 -0.418343 1.18774
0.807817 4.24729e-06 8.82735e-07 1.29597e-20 -0.421743 1.17049
0.801638 4.21993e-06 8.58578e-07 5.12516e-23 -0.425318 1.15221
0.795505 4.19162e-06 8.46451e-07 1.32063e-20 -0.428788 1.13195
0.789412 4.17357e-06 8.2849e-07 -1.33416e-20 -0.432463 1.11454
0.78336 4.13181e-06 8.05418e-07 -1.34615e-20 -0.436145 1.09472
0.777355 4.11874e-06 7.93503e-07 -1.36012e-20 -0.439874 1.07744
0.771393 4.09331e-06 7.66405e-07 -1.37041e-20 -0.443825 1.0615
0.765465 4.05272e-06 7.45154e-07 -1.38063e-20 -0.447733 1.04253
0.759579 4.04406e-06 7.32614e-07 5.44547e-23 -0.451795 1.02679
0.753736 4.00104e-06 6.9526e-07 -1.23964e-27 -0.456048 1.01112
0.747928 3.95747e-06 6.7359e-07 1.41021e-20 -0.46023 0.99255
0.742155 3.94702e-06 6.5885e-07 -5.87747e-39 -0.464663 0.977598
0.736423 3.90081e-06 6.20015e-07 -7.14763e-21 -0.469253 0.962781
0.73073 3.85381e-06 5.97253e-07 -5.6651e-23 -0.473843 0.944839
0.725066 3.82662e-06 5.79178e-07 7.29849e-21 -0.478663 0.928853
0.719444 3.78095e-06 5.4348e-07 7.31787e-21 -0.48364 0.914059
0.71386 3.73897e-06 5.18106e-07 1.15966e-22 -0.488714 0.898084
0.708306 3.69877e-06 4.969e-07 7.40912e-21 -0.494025 0.881471
0.70279 3.64875e-06 4.65014e-07 7.58194e-37 -0.49949 0.865765
0.697313 3.58485e-06 4.31064e-07 5.93068e-23 -0.505143 0.848791
0.691864 3.5398e-06 4.03051e-07 -7.63588e-21 -0.510952 0.832414
0.686452 3.49304e-06 3.71861e-07 -7.83175e-21 -0.517112 0.816596
0.681078 3.41174e-06 3.22613e-07 -7.69886e-21 -0.523436 0.800154
0.675729 3.37073e-06 2.92576e-07 -2.20405e-38 -0.529997 0.785133
0.670419 3.28592e-06 2.57643e-07 1.5221e-39 -0.536978 0.76524
0.665144 3.21679e-06 2.10722e-07 1.07907e-39 -0.544062 0.750664
0.659893 3.10915e-06 1.62387e-07 -6.22535e-23 -0.551713 0.730573
0.654679 3.07788e-06 1.22046e-07 8.17736e-21 -0.559342 0.717757
0.649501 2.95883e-06 8.06803e-08 -8.09195e-21 -0.567935 0.694933
0.644346 2.79895e-06 1.22811e-08 -6.36231e-23 -0.576188 0.672853
0.639225 2.72846e-06 -3.51309e-08 -1.25556e-42 -0.585396 0.656312
0.634137 2.62598e-06 -8.63701e-08 -6.45231e-23 -0.594634 0.636088
0.629077 2.45834e-06 -1.37429e-07 8.38443e-21 -0.604798 0.609199
0.62405 2.26047e-06 -2.04364e-07 -6.55272e-23 -0.614846 0.580519
0.619051 2.16194e-06 -2.54741e-07 6.58401e-23 -0.62578 0.561399
0.614082 2.00177e-06 -3.18099e-07 -9.81836e-38 -0.637065 0.534388
0.609148 1.75965e-06 -3.96575e-07 1.06759e-39 -0.649103 0.49727
0.604237 1.51511e-06 -4.78412e-07 6.71759e-23 -0.66129 0.459916
0.599358 1.35172e-06 -5.46223e-07 -6.78728e-23 -0.674316 0.4323
0.594514 1.13133e-06 -6.25207e-07 -6.8196e-23 -0.687916 0.396976
0.589693 7.46527e-07 -7.13247e-07 8.85383e-21 -0.702404 0.339503
0.584904 3.86712e-07 -8.08878e-07 1.66039e-37 -0.716836 0.299894
0.580143 1.31626e-07 -9.07155e-07 -1.76324e-38 -0.732349 0.29562
0.575409 -1.40511e-07 -1.03339e-06 -4.42008e-21 -0.748369 0.317075
0.570708 -7.55546e-07 -1.1552e-06 -6.42081e-27 -0.765971 0.383864
0.566029 -1.36398e-06 -1.28313e-06 -6.56993e-27 -0.782361 0.459372
0.561379 -1.71512e-06 -1.39524e-06 -9.21923e-21 -0.800442 0.498163
0.556761 -1.98605e-06 -1.5554e-06 -7.17112e-23 -0.818426 0.527959
0.552166 -2.85156e-06 -1.67396e-06 1.43746e-22 -0.839774 0.605966
0.547601 -3.86515e-06 -1.78046e-06 -4.77454e-21 -0.857547 0.691936
0.54306 -4.21116e-06 -1.90304e-06 -4.49685e-21 -0.877612 0.714972
0.538546 -4.68399e-06 -2.05572e-06 -8.30669e-27 -0.89768 0.745738
0.534063 -5.40691e-06 -2.19679e-06 -1.46541e-22 -0.920021 0.790426
0.5296 -6.54882e-06 -2.28904e-06 7.3358e-23 -0.941379 0.860278
0.525167 -7.29167e-06 -2.39929e-06 7.39547e-23 -0.962039 0.901366
0.520762 -7.81345e-06 -2.53357e-06 4.67216e-21 -0.98392 0.92436
0.51638 -8.25354e-06 -2.73428e-06 9.53977e-21 -1.00635 0.942557
0.512028 -9.44242e-06 -2.82515e-06 -4.78826e-21 -1.03226 0.996065
0.507699 -1.07038e-05 -2.88648e-06 8.2282e-27 -1.05303 1.05658
0.503394 -1.11443e-05 -3.03672e-06 3.7738e-23 -1.07653 1.06943
0.499119 -1.17774e-05 -3.20337e-06 -3.79106e-23 -1.10012 1.09027
0.494866 -1.2547e-05 -3.37563e-06 4.86315e-21 -1.12586 1.1158
0.490641 -1.39355e-05 -3.4335e-06 -4.89173e-21 -1.15173 1.1672
0.486443 -1.50313e-05 -3.50304e-06 -3.82916e-23 -1.17457 1.20726
0.482265 -1.55866e-05 -3.65747e-06 -4.88992e-21 -1.19929 1.21991
0.478116 -1.61538e-05 -3.87034e-06 4.95913e-21 -1.22459 1.23284
0.473991 -1.72686e-05 -4.00008e-06 -1.91018e-38 -1.25335 1.26396
0.46989 -1.8953e-05 -3.98491e-06 -4.94942e-21 -1.2789 1.31883
0.465816 -1.99121e-05 -4.05264e-06 9.93259e-21 -1.3026 1.34646
0.461762 -2.04532e-05 -4.21164e-06 -4.98662e-21 -1.3279 1.35496
0.457735 -2.09151e-05 -4.46323e-06 3.95862e-23 -1.3543 1.36117
0.453735 -2.22554e-05 -4.54205e-06 -5.10731e-21 -1.38539 1.39302
0.449755 -2.4203e-05 -4.43894e-06 -1.98365e-37 -1.41032 1.45028
0.445801 -2.50568e-05 -4.50654e-06 2.55587e-21 -1.43412 1.47059
0.441868 -2.55524e-05 -4.668e-06 2.60483e-21 -1.45961 1.47547
0.437961 -2.59793e-05 -4.92706e-06 2.58592e-21 -1.48645 1.47872
0.434081 -2.73056e-05 -4.99686e-06 2.54892e-21 -1.5182 1.50533
0.430219 -2.93788e-05 -4.8302e-06 -2.55127e-21 -1.54375 1.55915
0.426382 -3.03207e-05 -4.85361e-06 -1.0648e-26 -1.56669 1.58005
0.42257 -3.07379e-05 -5.01101e-06 2.57977e-21 -1.59178 1.5815
0.418779 -3.11532e-05 -5.2412e-06 -3.67342e-40 -1.61807 1.58312
0.415014 -3.2167e-05 -5.37064e-06 -5.89498e-38 -1.6487 1.59895
0.411271 -3.42495e-05 -5.17914e-06 -1.85508e-37 -1.67665 1.6453
0.407549 -3.55515e-05 -5.10664e-06 -2.66529e-21 -1.69792 1.67517
0.403853 -3.58715e-05 -5.26558e-06 2.67948e-21 -1.72259 1.67367
0.400175 -3.63349e-05 -5.44384e-06 -2.69006e-21 -1.74787 1.6755
0.396524 -3.68132e-05 -5.71066e-06 4.23972e-23 -1.77628 1.6779
0.392898 -3.88468e-05 -5.52767e-06 -5.92206e-27 -1.80882 1.71468
0.389289 -4.07942e-05 -5.295e-06 -2.76229e-21 -1.82782 1.7599
0.385704 -4.09246e-05 -5.47926e-06 5.48328e-21 -1.85196 1.75415
0.382144 -4.14298e-05 -5.61536e-06 2.70993e-21 -1.87646 1.75626
0.378603 -4.17767e-05 -5.86667e-06 4.32958e-23 -1.90307 1.75533
0.375087 -4.31655e-05 -5.85364e-06 4.34616e-23 -1.93451 1.77498
0.371592 -4.51793e-05 -5.62479e-06 -8.70285e-23 -1.95817 1.81446
0.368117 -4.59545e-05 -5.66445e-06 -2.759e-21 -1.98053 1.82536
0.364668 -4.64055e-05 -5.79506e-06 -1.0359e-37 -2.00501 1.82598
0.361237 -4.68747e-05 -5.96071e-06 -5.6634e-21 -2.03025 1.82699
0.35783 -4.73975e-05 -6.20266e-06 2.80886e-21 -2.05831 1.8292
0.354446 -4.92954e-05 -6.03955e-06 8.92826e-23 -2.09029 1.85725
0.35108 -5.11593e-05 -5.83742e-06 -4.47516e-23 -2.11018 1.89287
0.347737 -5.13504e-05 -6.02062e-06 2.88813e-21 -2.13493 1.88857
0.344419 -5.1895e-05 -6.14951e-06 -4.53469e-23 -2.16025 1.89064
0.341117 -5.22427e-05 -6.40737e-06 9.11116e-23 -2.18742 1.8894
0.337839 -5.33556e-05 -6.52301e-06 -2.98141e-21 -2.21994 1.90147
0.334585 -5.59649e-05 -6.1698e-06 1.46706e-21 -2.24953 1.94405
0.331346 -5.76351e-05 -5.99202e-06 1.42521e-21 -2.2685 1.97401
0.328131 -5.77306e-05 -6.17648e-06 1.53065e-21 -2.29258 1.96834
0.32494 -5.80526e-05 -6.34198e-06 1.53802e-21 -2.31731 1.96654
0.321764 -5.80666e-05 -6.7237e-06 1.45278e-21 -2.34545 1.96003
0.318612 -5.9863e-05 -6.65548e-06 1.50679e-21 -2.38282 1.98235
0.315483 -6.35443e-05 -5.98682e-06 -4.69945e-23 -2.40784 2.04513
0.312369 -6.49407e-05 -5.80016e-06 4.71371e-23 -2.42256 2.07043
0.309278 -6.4681e-05 -6.00075e-06 -4.7559e-23 -2.44357 2.05978
0.30621 -6.46981e-05 -6.18083e-06 1.53074e-21 -2.46559 2.0536
0.303158 -6.44048e-05 -6.59586e-06 9.62706e-23 -2.49176 2.043
0.300128 -6.6354e-05 -6.43115e-06 1.54603e-21 -2.52897 2.06669
0.297121 -7.05465e-05 -5.57298e-06 -1.59112e-21 -2.55013 2.13599
0.29413 -7.18647e-05 -5.33482e-06 1.54748e-21 -2.55932 2.16042
0.291159 -7.1258e-05 -5.55168e-06 0 -2.57587 2.14567
0.288211 -7.11805e-05 -5.67708e-06 1.57187e-21 -2.59377 2.13888
0.285281 -7.09459e-05 -5.94066e-06 -3.93056e-38 -2.61449 2.12997
0.282371 -7.18863e-05 -5.94381e-06 -1.53998e-21 -2.64225 2.13835
0.279482 -7.4695e-05 -5.4036e-06 -4.97685e-23 -2.66447 2.17929
0.276613 -7.61112e-05 -5.15994e-06 4.99365e-23 -2.67417 2.20261
0.27376 -7.56399e-05 -5.3504e-06 -4.54527e-27 -2.69029 2.19077
0.27093 -7.57377e-05 -5.42563e-06 -5.06999e-23 -2.7076 2.18715
0.268121 -7.58067e-05 -5.54518e-06 2.19487e-38 -2.72635 2.18318
0.265328 -7.60303e-05 -5.66667e-06 2.56298e-23 -2.74766 2.18149
0.262556 -7.711e-05 -5.55069e-06 -2.57852e-23 -2.77131 2.19235
0.259805 -7.80934e-05 -5.46262e-06 -8.03456e-22 -2.78831 2.20486
0.257072 -7.80405e-05 -5.60188e-06 -2.60576e-23 -2.80935 2.1994
0.254357 -7.82762e-05 -5.68104e-06 8.39163e-22 -2.83162 2.198
0.251663 -7.81963e-05 -5.86616e-06 3.67342e-39 -2.8551 2.1923
0.24899 -7.78727e-05 -6.2206e-06 -8.78373e-22 -2.8831 2.1835
0.246333 -8.00558e-05 -5.92041e-06 8.78091e-22 -2.92181 2.20884
0.243695 -8.33998e-05 -5.33165e-06 -1.68135e-21 -2.94027 2.25906
0.241078 -8.33104e-05 -5.45011e-06 -5.36602e-23 -2.95984 2.25727
0.238479 -8.27007e-05 -5.66119e-06 -8.37247e-22 -2.98535 2.245
0.235897 -8.1939e-05 -5.9173e-06 -8.43377e-22 -3.01434 2.23071
0.233335 -7.99928e-05 -6.62571e-06 8.81051e-22 -3.04914 2.20072
0.230794 -8.04002e-05 -7.25127e-06 8.56521e-22 -3.10603 2.20321
0.228269 -9.2817e-05 -4.87573e-06 -2.69735e-23 -3.17658 2.36851
0.22576 -0.000101656 -2.36353e-06 -4.02728e-22 -3.14025 2.51814
0.223271 -9.4887e-05 -3.55597e-06 2.71371e-23 -3.1515 2.43055
0.220803 -9.26271e-05 -3.76729e-06 -2.75058e-23 -3.16799 2.39929
0.218351 -8.92957e-05 -4.42178e-06 2.78307e-23 -3.19195 2.35368
0.215915 -8.52371e-05 -5.71635e-06 -2.82618e-23 -3.23335 2.29836
0.2135 -9.21137e-05 -4.95494e-06 4.45035e-22 -3.32001 2.38678
0.211104 -0.000113884 3.40561e-07 -1.14794e-39 -3.35599 2.68841
0.208725 -0.000120407 2.81565e-06 -2.39079e-22 -3.27205 2.81279
0.206362 -0.000108894 1.01046e-06 -8.09918e-23 -3.26084 2.67517
0.204018 -0.000104641 6.81357e-07 -8.2078e-40 -3.25697 2.62318
0.201694 -9.86456e-05 -3.53485e-07 0 -3.26144 2.54727
0.199388 -9.16538e-05 -2.34384e-06 -1.75162e-46 -3.29087 2.45635
0.197098 -0.000104191 -1.10147e-07 4.03387e-28 -3.39743 2.61982
0.194825 -0.000130417 7.34962e-06 3.29029e-40 -3.37036 2.98632
0.192573 -0.000130963 8.9524e-06 1.60712e-38 -3.27492 3.03518
0.190342 -0.000119829 6.97957e-06 -8.62209e-22 -3.23797 2.9063
0.188127 -0.000114107 6.33163e-06 -1.54284e-38 -3.21236 2.83999
0.185929 -0.00010732 5.13361e-06 8.99004e-22 -3.19686 2.75739
0.183747 -0.000100311 3.37114e-06 -2.57139e-39 -3.20369 2.66877
0.181584 -0.000109315 4.89792e-06 2.79073e-23 -3.27463 2.79094
0.17944 -0.000131145 1.19479e-05 -2.68659e-23 -3.25122 3.09988
0.177317 -0.000132058 1.3561e-05 -8.83869e-22 -3.15226 3.14923
0.175211 -0.000120556 1.13002e-05 5.46833e-23 -3.11153 3.01402
0.173121 -0.000114657 1.04967e-05 -2.80093e-23 -3.08298 2.94558
0.171049 -0.00010797 9.2069e-06 9.44362e-22 -3.06457 2.8636
0.168995 -9.9675e-05 7.35484e-06 9.40067e-22 -3.06317 2.75595
0.166958 -0.000103343 8.03341e-06 -2.87086e-23 -3.11646 2.81316
0.164939 -0.000134665 1.68414e-05 -8.22191e-22 -3.17597 3.24458
0.162941 -0.000148228 2.29252e-05 1.69349e-26 -2.99669 3.47223
0.160964 -0.000129236 1.83848e-05 -2.68037e-23 -2.93677 3.24841
0.159003 -0.000122401 1.74109e-05 -1.46937e-39 -2.88135 3.17128
0.157059 -0.000115558 1.60683e-05 1.84514e-21 -2.84652 3.0898
0.155133 -0.000107695 1.42806e-05 -2.90739e-23 -2.81494 2.99026
0.153223 -0.000101856 1.29826e-05 -1.88661e-21 -2.81256 2.916
0.151329 -0.000122717 1.88383e-05 -1.36812e-23 -2.89416 3.21596
0.149455 -0.000143685 2.67517e-05 1.34225e-23 -2.76403 3.53638
0.147602 -0.000131733 2.43585e-05 2.75564e-38 -2.67627 3.40561
0.145767 -0.000122678 2.24851e-05 0 -2.6122 3.29776
0.143949 -0.000116 2.11218e-05 -7.34684e-40 -2.56404 3.21774
0.142147 -0.000110299 1.98262e-05 -1.87042e-21 -2.52676 3.14786
0.140361 -0.000103778 1.82338e-05 2.02727e-38 -2.4951 3.06273
0.138591 -0.000101938 1.79621e-05 -1.89536e-21 -2.48809 3.04628
0.136836 -0.000120505 2.38514e-05 1.78962e-21 -2.53226 3.33113
0.135101 -0.000131105 2.86492e-05 1.7669e-21 -2.39272 3.51451
0.133387 -0.000116133 2.45874e-05 1.46937e-39 -2.34408 3.31715
0.131688 -0.000110977 2.36206e-05 4.67281e-27 -2.29173 3.25542
0.130005 -0.000105241 2.22553e-05 1.93489e-21 -2.25564 3.18135
0.128337 -0.000100537 2.10363e-05 1.96149e-21 -2.22703 3.11997
0.126684 -9.47906e-05 1.95642e-05 -1.56648e-23 -2.20229 3.03951
0.125047 -9.473e-05 2.00199e-05 -1.99047e-21 -2.20089 3.05123
0.123425 -0.000116223 2.68987e-05 1.83431e-21 -2.24893 3.39985
0.121824 -0.000127707 3.21784e-05 4.59177e-41 -2.106 3.59688
0.120245 -0.000111978 2.76203e-05 1.84575e-21 -2.05842 3.37842
0.11868 -0.000107127 2.66287e-05 1.50186e-23 -2.00463 3.31841
0.11713 -0.000101452 2.51543e-05 3.76868e-27 -1.96648 3.24153
0.115595 -9.71057e-05 2.3949e-05 1.57079e-23 -1.93503 3.18293
0.114074 -9.22217e-05 2.26365e-05 2.03697e-21 -1.90772 3.11317
0.112567 -9.06708e-05 2.27697e-05 0 -1.89357 3.1006
0.111074 -0.00010422 2.7338e-05 -1.49802e-23 -1.91966 3.34116
0.109601 -0.000116071 3.21837e-05 1.49123e-23 -1.8362 3.54591
0.108148 -0.000107815 3.01379e-05 -1.90476e-21 -1.77521 3.43068
0.106711 -0.000101398 2.84356e-05 -1.54621e-23 -1.72763 3.34056
0.105288 -9.6507e-05 2.71191e-05 1.58551e-23 -1.68838 3.27206
0.103879 -9.24594e-05 2.59514e-05 2.05667e-21 -1.65638 3.21495
0.102483 -8.87959e-05 2.48137e-05 -5.87747e-39 -1.63011 3.16214
0.101102 -8.53759e-05 2.39813e-05 -1.22313e-44 -1.60658 3.11306
0.0997335 -8.6913e-05 2.51651e-05 8.21183e-40 -1.59755 3.15634
0.0983793 -9.93338e-05 2.94767e-05 0 -1.60438 3.38961
0.0970442 -0.000104377 3.21078e-05 -2.00992e-21 -1.51823 3.48429
0.0957277 -9.41899e-05 2.88852e-05 -3.13601e-27 -1.48395 3.32172
0.0944247 -9.07545e-05 2.79748e-05 -2.99586e-27 -1.44544 3.27402
0.093135 -8.65253e-05 2.67077e-05 3.36621e-23 -1.41634 3.20921
0.0918585 -8.33688e-05 2.57417e-05 -3.43418e-23 -1.39196 3.16197
0.090595 -8.04137e-05 2.47352e-05 1.74862e-23 -1.37242 3.11641
0.0893444 -7.77938e-05 2.40757e-05 -4.54072e-21 -1.3539 3.0775
0.0881066 -8.03103e-05 2.58434e-05 2.2009e-21 -1.34791 3.14368
0.0868819 -9.44854e-05 3.06176e-05 1.35917e-38 -1.36087 3.42264
0.0856765 -0.000100706 3.40686e-05 2.04541e-21 -1.27455 3.53415
0.0844901 -9.00115e-05 3.04711e-05 0 -1.24247 3.35323
0.0833163 -8.69364e-05 2.96227e-05 4.35104e-21 -1.20453 3.30916
0.0821551 -8.29198e-05 2.83293e-05 -5.87747e-39 -1.17555 3.24438
0.0810062 -8.00575e-05 2.7396e-05 -1.46937e-39 -1.1497 3.19994
0.0798696 -7.74536e-05 2.65107e-05 -1.15416e-21 -1.12799 3.15898
0.0787456 -7.52919e-05 2.58661e-05 1.1719e-21 -1.10809 3.1265
0.0776339 -7.50429e-05 2.62066e-05 -2.93874e-39 -1.09249 3.13525
0.076534 -8.00697e-05 2.84214e-05 8.76947e-24 -1.08726 3.25302
0.0754486 -8.56302e-05 3.0751e-05 1.10689e-21 -1.05477 3.36743
0.0743796 -8.30573e-05 3.01365e-05 1.12165e-21 -1.01603 3.32091
0.0733245 -7.85654e-05 2.86249e-05 5.87747e-39 -0.989098 3.24195
0.0722813 -7.58354e-05 2.7716e-05 -1.17698e-21 -0.963665 3.19703
0.0712496 -7.3193e-05 2.68095e-05 -2.35099e-38 -0.942007 3.15227
0.0702299 -7.10413e-05 2.60628e-05 -5.87747e-39 -0.923027 3.1166
0.0692221 -6.92244e-05 2.54209e-05 1.23843e-21 -0.906505 3.08718
0.0682258 -6.78525e-05 2.50403e-05 -9.7903e-24 -0.891267 3.06773
0.0672406 -6.80629e-05 2.54982e-05 1.26027e-21 -0.878486 3.08557
0.0662664 -7.18812e-05 2.72554e-05 -1.87821e-23 -0.871767 3.18391
0.0653051 -7.6005e-05 2.90038e-05 9.34967e-24 -0.847484 3.27482
0.0643589 -7.41132e-05 2.84851e-05 -4.70245e-24 -0.818174 3.23568
0.0634263 -7.04826e-05 2.72183e-05 1.24406e-21 -0.797728 3.16661
0.0625051 -6.82875e-05 2.64445e-05 8.42997e-28 -0.778188 3.12774
0.0615946 -6.60958e-05 2.5658e-05 -5.00948e-24 -0.761632 3.08765
0.0606948 -6.43181e-05 2.50228e-05 -1.3032e-21 -0.74709 3.05605
0.059806 -6.28946e-05 2.45056e-05 2.64424e-21 -0.734791 3.03187
0.0589284 -6.19385e-05 2.41642e-05 0 -0.723966 3.01845
0.0580612 -6.16582e-05 2.43077e-05 -5.87747e-39 -0.712543 3.02337
0.0572041 -6.40834e-05 2.60395e-05 2.56874e-21 -0.705526 3.098
0.0563571 -7.14565e-05 2.90845e-05 4.73251e-24 -0.704745 3.28212
0.0555254 -7.53857e-05 3.08766e-05 1.21252e-21 -0.665274 3.35026
0.0547095 -6.99482e-05 2.89359e-05 4.8921e-24 -0.645653 3.23551
0.0539039 -6.79544e-05 2.82148e-05 -8.81621e-39 -0.623746 3.19964
0.0531088 -6.5472e-05 2.72825e-05 -1.3087e-21 -0.605917 3.15126
0.0523243 -6.36675e-05 2.65952e-05 2.18567e-28 -0.589318 3.11757
0.0515495 -6.20006e-05 2.59617e-05 -2.64786e-24 -0.574532 3.08631
0.0507845 -6.06497e-05 2.54506e-05 -2.29589e-41 -0.561187 3.06207
0.0500297 -5.95857e-05 2.50675e-05 6.25629e-39 -0.548955 3.04463
0.0492846 -5.88819e-05 2.49248e-05 0 -0.537373 3.03689
0.0485486 -5.90601e-05 2.52699e-05 1.65184e-27 -0.526723 3.05274
0.0478224 -6.08081e-05 2.62536e-05 8.28448e-41 -0.518367 3.10862
0.0471069 -6.28413e-05 2.71309e-05 2.93874e-39 -0.503908 3.15985
0.0464028 -6.19616e-05 2.67691e-05 -6.85019e-22 -0.485681 3.13553
0.04571 -5.9635e-05 2.58858e-05 6.98254e-22 -0.472413 3.08565
0.0450268 -5.82908e-05 2.53495e-05 1.38882e-24 -0.459211 3.05958
0.044353 -5.68603e-05 2.47838e-05 7.23494e-22 -0.447642 3.03071
0.0436888 -5.56931e-05 2.4318e-05 -1.42944e-24 -0.436963 3.00801
0.0430334 -5.46496e-05 2.39062e-05 -7.41461e-22 -0.427287 2.98815
0.0423874 -5.3818e-05 2.35933e-05 -3.289e-29 -0.418459 2.9737
0.0417503 -5.32627e-05 2.34128e-05 -1.50872e-21 -0.410425 2.96673
0.041122 -5.3055e-05 2.34174e-05 7.55039e-22 -0.402677 2.96972
0.0405026 -5.33242e-05 2.37884e-05 -5.87747e-39 -0.394723 2.9877
0.0398915 -5.48525e-05 2.48678e-05 -1.7543e-25 -0.388468 3.04186
0.0392892 -5.78316e-05 2.62108e-05 1.73829e-25 -0.382958 3.13021
0.038698 -5.89961e-05 2.6557e-05 -2.93874e-39 -0.364198 3.1418
0.0381179 -5.5932e-05 2.54312e-05 7.36076e-22 -0.354776 3.06898
0.0375467 -5.49996e-05 2.50386e-05 -7.49079e-22 -0.343301 3.05099
0.0369841 -5.35016e-05 2.44395e-05 3.71605e-25 -0.33406 3.01763
0.03643 -5.24692e-05 2.40124e-05 2.86986e-42 -0.325223 2.99613
0.0358843 -5.14665e-05 2.35994e-05 7.63383e-25 -0.317324 2.97507
0.0353468 -5.06471e-05 2.32676e-05 2.86186e-29 -0.310053 2.95885
0.0348174 -4.99762e-05 2.30166e-05 -7.79267e-25 -0.3034 2.9468
0.0342961 -4.95362e-05 2.2888e-05 8.03799e-22 -0.29728 2.94149
0.0337826 -4.93959e-05 2.29003e-05 -8.0394e-22 -0.291512 2.94502
0.0332769 -4.95594e-05 2.31158e-05 1.60012e-21 -0.285684 2.95844
0.0327788 -5.02259e-05 2.37199e-05 -1.5397e-24 -0.279931 2.98851
0.0322883 -5.18751e-05 2.47867e-05 1.50621e-24 -0.275365 3.04717
0.0318057 -5.3998e-05 2.57287e-05 -3.81499e-22 -0.268882 3.10807
0.0313329 -5.42379e-05 2.56908e-05 0 -0.256465 3.09762
0.0308698 -5.20208e-05 2.48631e-05 7.82187e-22 -0.249194 3.0424
0.0304141 -5.11057e-05 2.44704e-05 1.55578e-24 -0.240956 3.02245
0.029966 -4.98706e-05 2.39611e-05 -4.06131e-22 -0.234168 2.99332
0.0295256 -4.89591e-05 2.35699e-05 1.60167e-24 -0.227736 2.97276
0.0290923 -4.80774e-05 2.31916e-05 4.15045e-22 -0.221992 2.95275
0.0286663 -4.73285e-05 2.28706e-05 -4.21373e-22 -0.216735 2.93635
0.0282475 -4.66727e-05 2.25955e-05 1.65578e-24 -0.211973 2.92256
0.0278355 -4.61344e-05 2.23837e-05 1.66945e-24 -0.207631 2.91228
0.0274304 -4.57323e-05 2.22436e-05 -1.68058e-24 -0.203662 2.90615
0.0270321 -4.55007e-05 2.21838e-05 -2.3992e-39 -0.199991 2.90531
0.0266404 -4.54434e-05 2.223e-05 0 -0.196535 2.91032
0.0262551 -4.5574e-05 2.2424e-05 -5.9574e-28 -0.193123 2.92207
0.0258764 -4.60182e-05 2.28394e-05 -4.26719e-22 -0.189941 2.94453
0.025504 -4.69335e-05 2.34218e-05 1.63657e-24 -0.187317 2.98096
0.0251381 -4.79395e-05 2.38062e-05 4.17537e-22 -0.18329 3.00957
0.0247799 -4.78653e-05 2.36705e-05 0 -0.177943 2.99839
0.0244292 -4.68405e-05 2.33017e-05 -1.66175e-24 -0.174545 2.97307
0.024085 -4.64349e-05 2.31578e-05 -4.27374e-22 -0.170921 2.96631
0.0237473 -4.60185e-05 2.30329e-05 2.14173e-22 -0.167903 2.95966
0.0234158 -4.58853e-05 2.30442e-05 3.37623e-24 -0.165042 2.96182
0.0230904 -4.59243e-05 2.31536e-05 -3.36451e-24 -0.162424 2.96972
0.0227712 -4.62029e-05 2.34045e-05 1.66983e-24 -0.1599 2.98562
0.0224578 -4.67338e-05 2.38162e-05 -5.87747e-39 -0.157405 3.01007
0.0221503 -4.75577e-05 2.44182e-05 4.16265e-22 -0.154841 3.04438
0.0218485 -4.87074e-05 2.52354e-05 -4.07213e-22 -0.152089 3.08947
0.0215524 -5.02172e-05 2.63038e-05 1.97702e-22 -0.149045 3.1463
0.0212618 -5.21482e-05 2.76603e-05 -1.91986e-22 -0.145699 3.21627
0.0209767 -5.45402e-05 2.93021e-05 7.18737e-25 -0.141968 3.29968
0.0206968 -5.72833e-05 3.12125e-05 1.76143e-22 -0.137177 3.39303
0.0204222 -6.04078e-05 3.35073e-05 3.35426e-22 -0.131185 3.49658
0.0201527 -6.47032e-05 3.6147e-05 3.11834e-25 -0.127566 3.62481
0.0198881 -6.98531e-05 3.7878e-05 -8.8471e-27 -0.125538 3.76111
0.0196285 -7.0968e-05 3.86898e-05 -1.44993e-22 -0.100324 3.80762
0.0193737 -7.089e-05 4.43923e-05 6.69195e-26 -0.0559894 3.85228
0.0929482 -3.43795e-05 -3.51624e-06 -1.10203e-39 -0.391641 1.7166
0.106153 -3.14134e-05 -2.91007e-06 -3.07926e-24 -0.339926 1.63324
0.119369 -3.23867e-05 -2.80272e-06 3.08307e-24 -0.337368 1.6505
0.132598 -3.11354e-05 -2.22319e-06 -6.32144e-21 -0.336341 1.60828
0.145838 -2.94487e-05 -1.79484e-06 1.57039e-37 -0.316372 1.55707
0.159087 -2.85314e-05 -1.4749e-06 -3.09665e-24 -0.302498 1.52631
0.172342 -2.69074e-05 -1.10758e-06 -6.34737e-21 -0.287287 1.47648
0.185602 -2.58789e-05 -9.77381e-07 3.17628e-21 -0.261372 1.44532
0.198862 -2.5905e-05 -9.5774e-07 3.18434e-21 -0.247744 1.44406
0.212124 -2.57483e-05 -9.18804e-07 -3.18239e-21 -0.237173 1.43788
0.225387 -2.55525e-05 -8.89003e-07 -3.10901e-24 -0.227664 1.43085
0.23865 -2.54544e-05 -8.78181e-07 -3.18451e-21 -0.220192 1.42678
0.251913 -2.55629e-05 -8.95232e-07 1.55504e-24 -0.214678 1.42875
0.265176 -2.57727e-05 -9.01307e-07 3.18658e-21 -0.213016 1.43336
0.278439 -2.58414e-05 -8.75982e-07 3.18528e-21 -0.212913 1.43383
0.291703 -2.59366e-05 -8.38317e-07 -6.37107e-21 -0.212883 1.43497
0.304968 -2.57045e-05 -7.30246e-07 -1.14637e-30 -0.215175 1.42662
0.318235 -2.52586e-05 -6.32729e-07 -3.18704e-21 -0.212081 1.41265
0.331502 -2.50971e-05 -5.6465e-07 3.18785e-21 -0.209538 1.40684
0.34477 -2.49555e-05 -4.88348e-07 -3.18841e-21 -0.207936 1.40166
0.358039 -2.4595e-05 -4.00526e-07 -1.59458e-21 -0.205768 1.39038
0.371309 -2.43604e-05 -3.5164e-07 -1.595e-21 -0.200924 1.38298
0.384579 -2.43942e-05 -3.07924e-07 3.19113e-21 -0.198719 1.38327
0.397849 -2.41856e-05 -2.38205e-07 -1.55798e-24 -0.197608 1.37669
0.41112 -2.39872e-05 -1.99387e-07 -7.96667e-22 -0.193602 1.3706
0.424391 -2.41315e-05 -1.63851e-07 -7.9827e-22 -0.191885 1.37436
0.437662 -2.38729e-05 -7.36544e-08 3.98972e-22 -0.192818 1.36661
0.450933 -2.34621e-05 -1.44729e-08 -9.97698e-23 -0.187787 1.35465
0.464205 -2.34465e-05 3.55214e-08 4.66352e-42 -0.184896 1.35417
0.477476 -2.30776e-05 1.1641e-07 7.98393e-22 -0.183656 1.34356
0.490747 -2.2738e-05 1.51638e-07 -1.59722e-21 -0.176967 1.33385
0.504018 -2.28226e-05 1.8552e-07 -7.98678e-22 -0.174015 1.33661
0.517288 -2.26432e-05 2.44719e-07 -1.59746e-21 -0.172512 1.33176
0.530559 -2.23376e-05 2.87962e-07 5.11983e-38 -0.168073 1.32325
0.543829 -2.23299e-05 3.32625e-07 3.44383e-41 -0.164258 1.32361
0.557098 -2.19154e-05 4.13367e-07 1.59736e-21 -0.163127 1.31217
0.570366 -2.1406e-05 4.48754e-07 -3.19732e-21 -0.155032 1.29769
0.583634 -2.13121e-05 4.88545e-07 3.19867e-21 -0.150046 1.29575
0.596902 -2.10126e-05 5.33786e-07 -3.19834e-21 -0.145665 1.28771
0.610168 -2.06976e-05 5.6065e-07 -3.19903e-21 -0.138922 1.27909
0.623434 -2.05935e-05 5.93495e-07 -2.27651e-37 -0.133408 1.277
0.636699 -2.02998e-05 6.43911e-07 -3.19835e-21 -0.129043 1.26933
0.649963 -1.97604e-05 6.86422e-07 -3.20079e-21 -0.122069 1.25399
0.663225 -1.92865e-05 7.2039e-07 -3.20338e-21 -0.113584 1.2405
0.676485 -1.88263e-05 7.66028e-07 1.56395e-24 -0.10514 1.22754
0.689744 -1.79036e-05 8.03662e-07 -3.1291e-24 -0.0956742 1.19942
0.702999 -1.69391e-05 8.00337e-07 -1.28232e-20 -0.0800262 1.16866
0.716253 -1.6135e-05 7.93984e-07 -6.41605e-21 -0.0655334 1.14251
0.729506 -1.5188e-05 7.4806e-07 7.17465e-43 -0.0485249 1.11
0.74276 -1.45307e-05 6.76879e-07 -6.42702e-21 -0.0300987 1.08637
0.756015 -1.40544e-05 5.96762e-07 -2.66302e-28 -0.0142628 1.0685
0.769274 -1.36581e-05 5.00191e-07 3.21796e-21 0.00169263 1.05274
0.782536 -1.32421e-05 3.77918e-07 -3.21603e-21 0.0154066 1.03513
0.795802 -1.34242e-05 2.21066e-07 -3.21639e-21 0.0305538 1.03861
0.809072 -1.3962e-05 7.39896e-08 3.14101e-24 0.0366512 1.0551
0.822342 -1.42857e-05 -1.16132e-07 -6.28159e-24 0.0425774 1.06203
0.835612 -1.49358e-05 -3.35831e-07 3.1401e-24 0.0458146 1.07933
0.848876 -1.59058e-05 -5.87941e-07 3.21126e-21 0.0445216 1.10564
0.862131 -1.70477e-05 -8.94137e-07 3.13779e-24 0.0386099 1.13494
0.875375 -1.83769e-05 -1.24295e-06 -6.42607e-21 0.0284421 1.16745
0.888602 -1.98525e-05 -1.63578e-06 3.13451e-24 0.0129584 1.20142
0.901811 -2.16316e-05 -2.08355e-06 -1.28331e-20 -0.00701011 1.24089
0.914998 -2.34567e-05 -2.59254e-06 3.1299e-24 -0.0351254 1.27757
0.92816 -2.64141e-05 -3.2423e-06 1.27991e-20 -0.0660982 1.339
0.941292 -2.90125e-05 -4.0227e-06 -1.27817e-20 -0.121045 1.38344
0.954401 -3.66708e-05 -5.02342e-06 6.23475e-24 -0.167088 1.54092
0.967488 -3.10496e-05 -5.1775e-06 1.27179e-20 -0.317709 1.40157
0.98051 -6.86604e-05 -1.10264e-05 -2.19303e-37 -0.220652 2.00922
0.993498 -5.58776e-05 6.50622e-06 6.04938e-21 -1.11492 2.16748
0.0145217 -0.000116859 -8.5946e-05 -9.40956e-22 -1.06632 4.12726
0.0152842 -8.52709e-05 -5.43859e-05 3.4743e-23 -0.956171 3.42263
0.0161528 -8.58677e-05 -5.17743e-05 -6.52719e-27 -0.958969 3.37924
0.0171419 -9.99013e-05 -5.84537e-05 -3.74472e-21 -1.03101 3.60261
0.01827 -0.000155007 -9.77857e-05 1.58539e-21 -1.09663 4.50925
0.0196355 -0.000127774 -6.1179e-05 -1.53704e-21 -1.61615 3.74122
0.0212977 -8.482e-06 4.81025e-06 -1.17549e-38 -1.30955 0.893828
0.0232178 -1.94019e-06 4.33935e-06 4.76198e-21 -1.07226 0.576174
0.0254199 -8.75296e-06 -1.39494e-06 1.69712e-37 -1.08177 0.87858
0.0279424 2.0437e-05 7.31518e-06 3.69395e-21 -0.978264 1.35036
0.0307977 1.44151e-05 6.40971e-06 1.89399e-26 -0.814873 1.14743
0.034013 1.4065e-06 2.98425e-06 1.39592e-26 -0.700931 0.475408
0.0376124 -8.86675e-06 4.65546e-07 -2.05523e-23 -0.587504 0.860151
0.0416162 -2.09698e-05 -2.36161e-06 -4.68498e-21 -0.51825 1.33845
0.0460462 -2.87013e-05 -4.00534e-06 -4.25786e-21 -0.480934 1.57035
0.0509159 -3.03776e-05 -4.05575e-06 -3.90394e-21 -0.456504 1.61305
0.0562293 -3.13493e-05 -4.26399e-06 -1.41046e-23 -0.417801 1.64343
0.0620021 -3.64814e-05 -5.35953e-06 -6.50445e-24 -0.401359 1.77914
0.0683471 -3.48967e-05 -4.29706e-06 -6.05473e-21 -0.422972 1.73098
0.0752535 -3.16926e-05 -3.73917e-06 5.56751e-24 -0.372502 1.6538
0.0825844 -3.55644e-05 -4.49689e-06 5.40712e-21 -0.363896 1.75844
5.25652e-05 -3.9644e-06 -2.5743e-05 5.18498e-22 0.961082 1.52524
0.000157696 -4.13403e-06 -2.8899e-05 1.83671e-40 0.949678 1.60857
0.000262826 -5.66728e-06 -3.76717e-05 9.68872e-22 0.922853 1.83441
0.000380761 -7.91382e-06 -4.8428e-05 -9.23669e-22 0.886163 2.09281
0.000552073 -1.16944e-05 -5.00468e-05 -8.86401e-22 0.83688 2.17405
0.000763957 -1.22481e-05 -5.2294e-05 8.51602e-22 0.812547 2.21859
0.00097584 -1.49395e-05 -6.21941e-05 -7.34684e-40 0.76783 2.41939
0.00118772 -1.82446e-05 -7.32073e-05 2.30724e-23 0.706576 2.62538
0.00139961 -2.49508e-05 -9.98822e-05 -6.85254e-22 0.633576 3.06995
0.00168626 -3.60041e-05 -0.000101237 -4.10553e-23 0.472821 3.22136
0.00208866 -3.40175e-05 -7.65559e-05 3.43737e-27 0.436517 2.86514
0.00253206 -3.40002e-05 -7.0417e-05 -1.4196e-21 0.434799 2.7717
0.00297546 -4.10012e-05 -8.3157e-05 1.34738e-21 0.373358 3.02646
0.00342695 -5.05871e-05 -0.000101149 1.23288e-21 0.287258 3.35934
0.00391987 -5.33871e-05 -9.63249e-05 2.93874e-39 0.16827 3.33777
0.00444614 -5.24201e-05 -9.03281e-05 2.4057e-21 0.149653 3.26258
0.0049724 -6.12509e-05 -0.000102649 -1.40924e-26 0.0761845 3.50572
0.00549867 -7.20267e-05 -0.000116353 3.05082e-23 -0.0527436 3.76664
0.00602493 -0.00010297 -0.000171529 -3.43897e-21 -0.190664 4.5853
0.00665031 -0.000101918 -0.00013212 -2.69436e-23 -0.647118 4.19302
0.0073796 -6.11526e-05 -6.50842e-05 4.63809e-21 -0.417322 3.08938
0.00811367 -6.61777e-05 -6.52271e-05 -1.17549e-38 -0.414357 3.17231
0.00884775 -8.45203e-05 -8.37635e-05 0 -0.490037 3.62257
0.00958889 -0.000112562 -0.000115015 9.18355e-41 -0.582207 4.25124
0.0103832 -9.99521e-05 -9.0799e-05 -2.94428e-23 -0.821925 3.86331
0.0112237 -6.9286e-05 -5.44468e-05 3.66026e-23 -0.685147 3.15763
0.0120641 -7.61757e-05 -5.74574e-05 2.2609e-21 -0.693352 3.32165
0.0129046 -9.01016e-05 -6.70831e-05 -1.953e-21 -0.759201 3.64681
0.0137451 -0.000124221 -9.75905e-05 -2.93874e-39 -0.812388 4.38506
5.52157e-05 -1.22202e-07 -1.97372e-05 3.32727e-23 0.991583 1.28639
0.000164233 -2.91134e-07 -7.41936e-06 -6.132e-22 0.999702 0.839393
0.000270313 -5.53546e-07 -7.82697e-07 7.34684e-40 1.00333 0.287503
0.000386882 -1.10077e-06 6.26169e-06 -2.93874e-39 1.00071 0.859137
0.000547574 -2.32073e-06 1.20215e-05 -1.13416e-21 0.993624 1.21815
0.000738656 -3.29553e-06 1.74395e-05 -1.04688e-21 0.983327 1.53377
0.000926325 -4.34313e-06 2.30148e-05 -9.50919e-22 0.969184 1.83607
0.00111064 -5.55382e-06 2.94213e-05 -5.51013e-40 0.950887 2.15677
0.00129158 -7.71433e-06 3.59109e-05 -7.04683e-22 0.926353 2.47101
0.0014691 -8.70091e-06 5.04391e-05 3.16708e-27 0.895413 3.02386
0.00171893 -1.44385e-05 5.26053e-05 1.29434e-21 0.834264 2.96032
0.00205094 -1.72551e-05 4.65467e-05 5.87747e-39 0.821211 2.85731
0.00238716 -1.90821e-05 4.72645e-05 2.02313e-23 0.800946 2.97089
0.00271589 -2.13265e-05 5.22701e-05 -1.83591e-23 0.771334 3.20698
0.00303749 -2.43243e-05 5.7857e-05 5.34271e-22 0.736233 3.46165
0.00335213 -2.73263e-05 6.86359e-05 -4.94754e-22 0.695376 3.84696
0.003691 -3.07013e-05 7.19759e-05 -9.4298e-22 0.631338 3.82459
0.00405939 -3.23654e-05 6.66828e-05 -4.95327e-22 0.610115 3.75605
0.00442607 -3.40232e-05 6.55527e-05 -4.71196e-22 0.585473 3.81716
0.00478566 -3.6716e-05 6.89257e-05 -4.22047e-22 0.548878 3.99378
0.00513831 -4.03915e-05 7.43464e-05 3.82917e-22 0.506206 4.22672
0.00548413 -4.49501e-05 8.21821e-05 -1.1092e-23 0.456502 4.51992
0.00582327 -5.13149e-05 8.98469e-05 -6.03506e-22 0.390007 4.81889
0.00615741 -5.81282e-05 0.000114512 2.8664e-22 0.311216 5.42867
0.00654632 -6.21299e-05 0.000115241 -1.02728e-23 0.132311 4.55502
0.00698705 -5.50274e-05 7.22508e-05 1.40466e-23 0.19846 3.877
0.00741862 -4.96586e-05 5.64339e-05 -5.36762e-22 0.201428 3.55528
0.00784123 -5.02088e-05 5.49438e-05 -8.90352e-24 0.17722 3.57535
0.00825506 -5.42554e-05 5.70876e-05 5.41691e-22 0.160582 3.71845
0.00866029 -5.92873e-05 6.22543e-05 -8.81621e-39 0.142392 3.92376
0.00905711 -6.51456e-05 6.89684e-05 0 0.113385 4.16038
0.00944567 -7.24309e-05 8.03125e-05 0 0.0747002 4.4853
0.00983852 -7.71944e-05 9.3024e-05 4.09074e-22 0.00776341 4.45238
0.0102516 -7.05333e-05 7.96308e-05 7.61804e-24 -0.0406018 3.77545
0.0106724 -5.83713e-05 5.2327e-05 -6.34652e-22 -0.0275647 3.2784
0.0110849 -5.22577e-05 4.2158e-05 7.47366e-22 -0.032337 3.04827
0.0114893 -5.07807e-05 3.9217e-05 8.05105e-22 -0.0401537 3.00041
0.0118858 -5.26537e-05 3.90166e-05 7.78806e-22 -0.0422341 3.05303
0.0122744 -5.6304e-05 4.17163e-05 2.31909e-23 -0.0456371 3.17576
0.0126554 -6.0104e-05 4.60161e-05 3.34417e-22 -0.0531734 3.321
0.0130289 -6.41675e-05 5.07805e-05 6.40938e-22 -0.0649636 3.47504
0.0133951 -6.90529e-05 5.55714e-05 5.87747e-39 -0.0823186 3.63794
0.0137541 -7.52536e-05 6.24583e-05 -8.53584e-24 -0.105423 3.84073
0.0141115 -7.99491e-05 7.43361e-05 -2.76935e-22 -0.140434 3.83011
0.0144788 -7.21054e-05 6.67119e-05 6.77317e-22 -0.179443 3.14496
0.0148504 -5.5416e-05 4.02256e-05 -1.39168e-23 -0.17429 2.6535
0.0152152 -4.64577e-05 2.86346e-05 -5.46533e-22 -0.177862 2.37255
0.0155732 -4.21266e-05 2.3079e-05 6.6313e-22 -0.177821 2.23478
0.0159243 -4.05169e-05 1.98067e-05 -6.97734e-22 -0.173747 2.17262
0.016269 -4.0068e-05 1.88717e-05 2.17952e-23 -0.168594 2.15905
0.0166074 -4.02655e-05 1.93596e-05 1.34936e-21 -0.163474 2.17586
0.0169397 -4.07279e-05 2.0429e-05 6.67578e-22 -0.158971 2.20572
0.0172659 -4.1763e-05 2.17895e-05 1.29199e-21 -0.155607 2.25142
0.0175862 -4.34175e-05 2.33757e-05 -1.94601e-23 -0.153905 2.31178
0.0179008 -4.55545e-05 2.5301e-05 1.86772e-23 -0.153886 2.38497
0.0182096 -4.8118e-05 2.72122e-05 2.86078e-22 -0.155619 2.46406
0.0185127 -5.11512e-05 2.98259e-05 1.69531e-23 -0.158703 2.55455
0.0188104 -5.2511e-05 3.38041e-05 -1.66176e-23 -0.163349 2.65072
0.0191027 -5.88356e-05 1.96249e-05 2.38245e-22 -0.174868 2.64209
