1.10867
1.97817
2.2005
2.0468
2.03038
1.9226
1.8041
1.6975
1.62276
1.56685
1.52168
1.48302
1.4571
1.43346
1.4155
1.39827
1.38048
1.36256
1.34394
1.3244
1.30574
1.28593
1.26584
1.24727
1.22553
1.2082
1.18774
1.17049
1.15221
1.13195
1.11454
1.09472
1.07744
1.0615
1.04253
1.02679
1.01112
0.99255
0.977598
0.962781
0.944839
0.928853
0.914059
0.898084
0.881471
0.865765
0.848791
0.832414
0.816596
0.800154
0.785133
0.76524
0.750664
0.730573
0.717757
0.694933
0.672853
0.656312
0.636088
0.609199
0.580519
0.561399
0.534388
0.49727
0.459916
0.4323
0.396976
0.339503
0.299894
0.29562
0.317075
0.383864
0.459372
0.498163
0.527959
0.605966
0.691936
0.714972
0.745738
0.790426
0.860278
0.901366
0.92436
0.942557
0.996065
1.05658
1.06943
1.09027
1.1158
1.1672
1.20726
1.21991
1.23284
1.26396
1.31883
1.34646
1.35496
1.36117
1.39302
1.45028
1.47059
1.47547
1.47872
1.50533
1.55915
1.58005
1.5815
1.58312
1.59895
1.6453
1.67517
1.67367
1.6755
1.6779
1.71468
1.7599
1.75415
1.75626
1.75533
1.77498
1.81446
1.82536
1.82598
1.82699
1.8292
1.85725
1.89287
1.88857
1.89064
1.8894
1.90147
1.94405
1.97401
1.96834
1.96654
1.96003
1.98235
2.04513
2.07043
2.05978
2.0536
2.043
2.06669
2.13599
2.16042
2.14567
2.13888
2.12997
2.13835
2.17929
2.20261
2.19077
2.18715
2.18318
2.18149
2.19235
2.20486
2.1994
2.198
2.1923
2.1835
2.20884
2.25906
2.25727
2.245
2.23071
2.20072
2.20321
2.36851
2.51814
2.43055
2.39929
2.35368
2.29836
2.38678
2.68841
2.81279
2.67517
2.62318
2.54727
2.45635
2.61982
2.98632
3.03518
2.9063
2.83999
2.75739
2.66877
2.79094
3.09988
3.14923
3.01402
2.94558
2.8636
2.75595
2.81316
3.24458
3.47223
3.24841
3.17128
3.0898
2.99026
2.916
3.21596
3.53638
3.40561
3.29776
3.21774
3.14786
3.06273
3.04628
3.33113
3.51451
3.31715
3.25542
3.18135
3.11997
3.03951
3.05123
3.39985
3.59688
3.37842
3.31841
3.24153
3.18293
3.11317
3.1006
3.34116
3.54591
3.43068
3.34056
3.27206
3.21495
3.16214
3.11306
3.15634
3.38961
3.48429
3.32172
3.27402
3.20921
3.16197
3.11641
3.0775
3.14368
3.42264
3.53415
3.35323
3.30916
3.24438
3.19994
3.15898
3.1265
3.13525
3.25302
3.36743
3.32091
3.24195
3.19703
3.15227
3.1166
3.08718
3.06773
3.08557
3.18391
3.27482
3.23568
3.16661
3.12774
3.08765
3.05605
3.03187
3.01845
3.02337
3.098
3.28212
3.35026
3.23551
3.19964
3.15126
3.11757
3.08631
3.06207
3.04463
3.03689
3.05274
3.10862
3.15985
3.13553
3.08565
3.05958
3.03071
3.00801
2.98815
2.9737
2.96673
2.96972
2.9877
3.04186
3.13021
3.1418
3.06898
3.05099
3.01763
2.99613
2.97507
2.95885
2.9468
2.94149
2.94502
2.95844
2.98851
3.04717
3.10807
3.09762
3.0424
3.02245
2.99332
2.97276
2.95275
2.93635
2.92256
2.91228
2.90615
2.90531
2.91032
2.92207
2.94453
2.98096
3.00957
2.99839
2.97307
2.96631
2.95966
2.96182
2.96972
2.98562
3.01007
3.04438
3.08947
3.1463
3.21627
3.29968
3.39303
3.49658
3.62481
3.76111
3.80762
3.85228
1.7166
1.63324
1.6505
1.60828
1.55707
1.52631
1.47648
1.44532
1.44406
1.43788
1.43085
1.42678
1.42875
1.43336
1.43383
1.43497
1.42662
1.41265
1.40684
1.40166
1.39038
1.38298
1.38327
1.37669
1.3706
1.37436
1.36661
1.35465
1.35417
1.34356
1.33385
1.33661
1.33176
1.32325
1.32361
1.31217
1.29769
1.29575
1.28771
1.27909
1.277
1.26933
1.25399
1.2405
1.22754
1.19942
1.16866
1.14251
1.11
1.08637
1.0685
1.05274
1.03513
1.03861
1.0551
1.06203
1.07933
1.10564
1.13494
1.16745
1.20142
1.24089
1.27757
1.339
1.38344
1.54092
1.40157
2.00922
2.16748
4.12726
3.42263
3.37924
3.60261
4.50925
3.74122
0.893828
0.576174
0.87858
1.35036
1.14743
0.475408
0.860151
1.33845
1.57035
1.61305
1.64343
1.77914
1.73098
1.6538
1.75844
1.52524
1.60857
1.83441
2.09281
2.17405
2.21859
2.41939
2.62538
3.06995
3.22136
2.86514
2.7717
3.02646
3.35934
3.33777
3.26258
3.50572
3.76664
4.5853
4.19302
3.08938
3.17231
3.62257
4.25124
3.86331
3.15763
3.32165
3.64681
4.38506
1.28639
0.839393
0.287503
0.859137
1.21815
1.53377
1.83607
2.15677
2.47101
3.02386
2.96032
2.85731
2.97089
3.20698
3.46165
3.84696
3.82459
3.75605
3.81716
3.99378
4.22672
4.51992
4.81889
5.42867
4.55502
3.877
3.55528
3.57535
3.71845
3.92376
4.16038
4.4853
4.45238
3.77545
3.2784
3.04827
3.00041
3.05303
3.17576
3.321
3.47504
3.63794
3.84073
3.83011
3.14496
2.6535
2.37255
2.23478
2.17262
2.15905
2.17586
2.20572
2.25142
2.31178
2.38497
2.46406
2.55455
2.65072
2.64209
